染色体结构为:
[10, 95, 2, 28, 18, 93, 51, 42, 1, 75, 24, 98, 78, 80, 58, 7, 15, 91, 30, 82, 20, 81, 14, 79, 13, 21, 39, 23, 76, 54, 90, 89, 33, 47, 97, 17, 60, 52, 63, 53, 65, 46, 26, 94, 27, 8, 40, 34, 71, 49, 56, 12, 4, 22, 66, 11, 85, 9, 62, 6, 86, 57, 3, 84, 36, 44, 43, 29, 31, 41, 69, 64, 37, 5, 96, 77, 99, 92, 25, 59, 83, 68, 74, 48, 19, 32, 70, 38, 61, 72, 35, 100, 50, 88, 55, 87, 45, 16, 73, 67]项目工期为：190.0；项目成本为：81090.79999999999
染色体结构为:
[78, 1, 98, 51, 7, 24, 30, 75, 58, 91, 80, 15, 82, 18, 81, 13, 54, 26, 46, 39, 14, 95, 21, 53, 65, 8, 33, 71, 34, 94, 52, 40, 17, 56, 12, 49, 10, 28, 2, 20, 42, 79, 93, 76, 23, 60, 89, 90, 47, 63, 27, 66, 97, 11, 4, 22, 85, 6, 62, 9, 84, 86, 3, 36, 57, 44, 29, 41, 31, 43, 37, 69, 5, 64, 77, 96, 83, 99, 92, 25, 59, 68, 74, 48, 70, 19, 38, 61, 32, 35, 72, 50, 88, 100, 73, 16, 87, 55, 45, 67]项目工期为：213.0；项目成本为：71314.3
染色体结构为:
[1, 75, 78, 24, 98, 51, 80, 58, 7, 15, 18, 30, 95, 2, 10, 91, 28, 82, 54, 81, 21, 13, 42, 39, 14, 76, 93, 20, 79, 90, 23, 89, 60, 33, 46, 26, 65, 53, 8, 52, 34, 94, 71, 40, 17, 56, 12, 49, 47, 66, 4, 97, 22, 11, 85, 9, 6, 62, 63, 57, 86, 84, 3, 36, 29, 43, 44, 41, 31, 37, 69, 64, 77, 96, 5, 99, 92, 83, 59, 25, 68, 48, 19, 27, 74, 38, 61, 70, 32, 50, 72, 100, 16, 45, 35, 55, 88, 87, 67, 73]项目工期为：174.0；项目成本为：90824.2
染色体结构为:
[1, 24, 78, 75, 51, 80, 98, 7, 18, 58, 81, 30, 15, 82, 13, 91, 54, 46, 39, 26, 95, 14, 8, 21, 65, 53, 71, 33, 94, 34, 17, 40, 56, 52, 49, 4, 12, 66, 22, 76, 63, 85, 11, 9, 6, 89, 47, 62, 10, 84, 23, 42, 2, 28, 93, 20, 90, 79, 97, 27, 60, 3, 69, 37, 86, 57, 36, 29, 43, 41, 44, 31, 5, 99, 77, 64, 96, 25, 59, 92, 83, 68, 19, 38, 74, 48, 32, 70, 61, 72, 100, 35, 88, 16, 50, 55, 45, 87, 73, 67]项目工期为：230.0；项目成本为：69742.59999999998
染色体结构为:
[1, 75, 24, 98, 78, 51, 80, 58, 7, 95, 18, 2, 15, 10, 93, 30, 81, 82, 91, 13, 54, 46, 39, 26, 14, 8, 21, 53, 65, 71, 33, 34, 94, 40, 56, 52, 17, 49, 12, 66, 4, 22, 63, 85, 76, 11, 9, 89, 47, 6, 84, 62, 23, 42, 28, 79, 90, 20, 97, 60, 27, 69, 3, 37, 86, 57, 36, 43, 29, 44, 31, 41, 5, 64, 99, 77, 96, 25, 83, 92, 68, 59, 19, 48, 74, 32, 38, 70, 72, 61, 35, 50, 100, 88, 16, 55, 45, 87, 73, 67]项目工期为：227.0；项目成本为：70089.39999999998
染色体结构为:
[1, 75, 78, 58, 24, 80, 98, 51, 18, 15, 7, 2, 30, 95, 81, 91, 82, 13, 54, 39, 26, 14, 53, 46, 8, 21, 65, 33, 71, 34, 17, 40, 52, 94, 56, 49, 12, 66, 4, 22, 63, 85, 9, 76, 89, 11, 6, 47, 86, 10, 62, 84, 3, 57, 36, 23, 20, 42, 44, 31, 43, 60, 41, 29, 93, 79, 64, 97, 69, 37, 5, 77, 92, 99, 96, 25, 28, 59, 83, 19, 68, 48, 90, 27, 74, 61, 38, 70, 72, 32, 35, 50, 88, 73, 55, 16, 100, 87, 67, 45]项目工期为：232.0；项目成本为：68963.90000000001
染色体结构为:
[78, 98, 51, 1, 7, 24, 75, 30, 58, 91, 80, 15, 82, 81, 18, 54, 13, 26, 39, 46, 14, 95, 21, 53, 65, 8, 33, 34, 71, 94, 52, 17, 40, 56, 49, 12, 10, 28, 2, 20, 42, 79, 76, 93, 23, 89, 90, 60, 47, 63, 27, 66, 97, 4, 11, 22, 85, 9, 6, 62, 84, 3, 86, 36, 29, 44, 57, 41, 31, 43, 37, 69, 5, 64, 77, 96, 83, 99, 92, 59, 25, 68, 74, 48, 70, 19, 38, 61, 32, 35, 72, 50, 100, 88, 73, 16, 87, 55, 45, 67]项目工期为：228.0；项目成本为：69947.8
染色体结构为:
[10, 2, 18, 95, 93, 28, 51, 42, 76, 79, 23, 20, 90, 98, 89, 75, 1, 24, 78, 7, 58, 80, 30, 15, 82, 81, 91, 54, 13, 21, 39, 14, 47, 33, 60, 17, 27, 63, 56, 97, 52, 29, 37, 69, 26, 31, 6, 53, 8, 62, 34, 68, 49, 36, 44, 65, 100, 74, 50, 64, 9, 96, 19, 43, 92, 4, 46, 40, 66, 48, 25, 94, 32, 5, 86, 11, 41, 57, 77, 12, 84, 99, 85, 59, 3, 35, 71, 83, 38, 55, 22, 87, 72, 61, 70, 67, 73, 45, 16, 88]项目工期为：157.0；项目成本为：98491.8
染色体结构为:
[78, 98, 51, 24, 1, 7, 75, 30, 18, 80, 15, 58, 91, 81, 82, 54, 13, 39, 46, 53, 95, 26, 8, 14, 33, 21, 65, 52, 34, 94, 40, 56, 71, 49, 12, 17, 22, 4, 66, 11, 85, 76, 9, 63, 47, 6, 89, 62, 10, 86, 84, 43, 57, 23, 29, 36, 3, 44, 31, 41, 93, 69, 97, 37, 60, 79, 64, 5, 77, 96, 99, 28, 92, 59, 83, 25, 2, 68, 27, 48, 19, 20, 38, 74, 90, 61, 32, 70, 72, 35, 50, 88, 16, 100, 55, 73, 87, 45, 67, 42]项目工期为：184.0；项目成本为：84365.20000000003
染色体结构为:
[78, 98, 51, 1, 24, 7, 75, 30, 91, 80, 58, 15, 82, 81, 54, 18, 26, 13, 46, 39, 14, 95, 21, 53, 65, 8, 33, 71, 34, 94, 17, 52, 40, 56, 49, 10, 12, 28, 2, 42, 20, 79, 76, 93, 23, 89, 90, 60, 63, 47, 27, 66, 97, 4, 22, 11, 9, 85, 6, 62, 84, 3, 86, 29, 36, 44, 57, 41, 31, 69, 43, 37, 5, 64, 77, 96, 83, 99, 92, 59, 25, 68, 74, 48, 19, 38, 70, 32, 61, 72, 50, 35, 100, 88, 73, 16, 87, 55, 67, 45]项目工期为：214.0；项目成本为：70963.2
染色体结构为:
[98, 51, 2, 95, 93, 10, 78, 1, 7, 75, 58, 24, 91, 30, 15, 80, 18, 81, 82, 13, 54, 46, 39, 26, 14, 21, 65, 8, 53, 33, 71, 34, 94, 56, 17, 52, 12, 20, 40, 42, 49, 22, 66, 76, 4, 11, 63, 89, 6, 85, 9, 47, 84, 62, 86, 57, 36, 23, 43, 3, 44, 31, 41, 29, 60, 79, 69, 64, 5, 37, 77, 97, 99, 92, 96, 25, 28, 59, 90, 27, 83, 68, 19, 38, 74, 48, 32, 70, 72, 61, 35, 100, 88, 50, 16, 55, 45, 73, 87, 67]项目工期为：265.0；项目成本为：66666.80000000002
染色体结构为:
[10, 18, 2, 95, 93, 28, 51, 42, 76, 79, 23, 90, 20, 89, 98, 75, 1, 24, 78, 7, 58, 80, 30, 15, 82, 81, 91, 54, 13, 21, 39, 14, 47, 33, 60, 17, 27, 63, 97, 56, 52, 29, 37, 69, 26, 31, 6, 53, 8, 62, 34, 68, 49, 36, 44, 65, 100, 74, 50, 9, 64, 96, 19, 43, 4, 92, 46, 40, 66, 48, 25, 94, 32, 5, 86, 11, 41, 57, 77, 12, 84, 99, 85, 3, 59, 71, 35, 83, 38, 55, 22, 87, 61, 72, 70, 67, 73, 45, 16, 88]项目工期为：156.0；项目成本为：100607.8
染色体结构为:
[78, 24, 75, 98, 1, 58, 80, 18, 30, 15, 51, 7, 91, 81, 82, 13, 46, 26, 39, 54, 95, 2, 14, 8, 21, 33, 53, 34, 65, 71, 17, 40, 56, 49, 94, 52, 12, 66, 22, 63, 76, 4, 85, 11, 89, 9, 47, 6, 84, 62, 10, 57, 3, 86, 36, 23, 42, 43, 44, 31, 20, 41, 60, 79, 29, 93, 69, 64, 37, 97, 99, 5, 96, 77, 92, 28, 25, 19, 27, 83, 59, 68, 74, 38, 48, 90, 61, 72, 70, 32, 88, 35, 73, 50, 16, 100, 67, 55, 87, 45]项目工期为：311.0；项目成本为：63956.50000000001
染色体结构为:
[75, 78, 98, 7, 51, 24, 1, 18, 80, 30, 54, 58, 82, 91, 15, 39, 81, 26, 13, 14, 46, 95, 21, 53, 65, 8, 94, 33, 34, 52, 71, 40, 4, 56, 17, 49, 12, 22, 76, 66, 63, 11, 9, 85, 62, 47, 6, 89, 10, 84, 57, 23, 86, 36, 3, 42, 20, 2, 28, 93, 90, 79, 60, 97, 27, 37, 69, 68, 29, 31, 44, 64, 50, 100, 96, 74, 43, 19, 92, 48, 25, 32, 41, 5, 99, 59, 77, 35, 38, 55, 87, 83, 61, 70, 72, 88, 73, 67, 16, 45]项目工期为：180.0；项目成本为：86336.99999999999
染色体结构为:
[75, 24, 1, 98, 78, 51, 58, 80, 7, 95, 18, 91, 15, 2, 20, 30, 10, 28, 42, 93, 79, 81, 82, 13, 21, 14, 39, 23, 53, 54, 46, 26, 65, 8, 34, 17, 94, 33, 71, 40, 49, 52, 12, 56, 4, 22, 66, 76, 63, 85, 11, 9, 47, 62, 89, 6, 84, 90, 27, 97, 69, 60, 37, 3, 86, 43, 36, 57, 44, 29, 41, 31, 64, 5, 77, 99, 92, 96, 25, 83, 59, 19, 48, 38, 68, 32, 74, 70, 61, 72, 50, 35, 100, 88, 16, 45, 55, 87, 67, 73]项目工期为：200.0；项目成本为：76151.0
染色体结构为:
[1, 24, 75, 78, 98, 51, 58, 80, 7, 15, 18, 30, 2, 95, 10, 28, 91, 82, 81, 54, 21, 13, 42, 14, 39, 76, 93, 20, 79, 23, 89, 90, 33, 60, 46, 65, 26, 53, 8, 52, 34, 94, 71, 40, 17, 56, 12, 49, 47, 66, 4, 22, 97, 11, 85, 6, 9, 62, 63, 57, 84, 86, 3, 36, 43, 44, 29, 41, 31, 69, 37, 64, 77, 96, 5, 92, 99, 59, 83, 25, 48, 68, 19, 74, 27, 38, 61, 70, 50, 32, 72, 100, 16, 45, 35, 55, 88, 87, 67, 73]项目工期为：177.0；项目成本为：90321.6
染色体结构为:
[78, 51, 24, 98, 1, 75, 7, 30, 18, 80, 15, 58, 81, 91, 82, 54, 13, 39, 46, 53, 26, 95, 14, 8, 33, 21, 65, 52, 34, 94, 40, 71, 56, 49, 12, 17, 22, 4, 66, 85, 11, 9, 76, 63, 47, 6, 89, 62, 86, 10, 84, 43, 23, 57, 29, 36, 3, 44, 31, 41, 93, 69, 97, 37, 60, 79, 64, 5, 77, 96, 99, 28, 59, 92, 83, 25, 2, 68, 27, 48, 19, 20, 38, 74, 90, 61, 32, 70, 72, 35, 50, 88, 16, 100, 55, 73, 87, 45, 67, 42]项目工期为：178.0；项目成本为：87229.30000000003
染色体结构为:
[75, 1, 24, 98, 78, 51, 80, 58, 7, 18, 95, 15, 2, 93, 10, 30, 81, 82, 91, 13, 54, 46, 39, 26, 14, 8, 21, 53, 65, 71, 33, 34, 40, 94, 56, 17, 52, 49, 12, 66, 4, 63, 85, 22, 76, 11, 89, 9, 6, 84, 23, 47, 62, 42, 28, 79, 20, 90, 97, 27, 60, 69, 3, 37, 36, 86, 29, 57, 43, 44, 31, 41, 5, 64, 77, 96, 99, 92, 25, 83, 68, 19, 59, 48, 74, 32, 38, 72, 70, 61, 35, 50, 100, 88, 16, 45, 55, 73, 87, 67]项目工期为：203.0；项目成本为：75050.19999999998
染色体结构为:
[75, 7, 98, 78, 51, 24, 1, 18, 80, 30, 54, 82, 58, 91, 15, 39, 26, 81, 13, 46, 14, 95, 21, 65, 53, 8, 94, 52, 33, 34, 71, 40, 4, 17, 56, 49, 12, 22, 66, 76, 11, 63, 85, 9, 62, 47, 6, 10, 84, 23, 57, 89, 86, 3, 36, 42, 20, 2, 28, 93, 90, 79, 60, 37, 97, 27, 69, 68, 31, 29, 50, 44, 64, 100, 96, 74, 43, 19, 48, 92, 25, 32, 41, 5, 99, 77, 59, 35, 83, 38, 55, 87, 61, 72, 70, 88, 73, 67, 16, 45]项目工期为：183.0；项目成本为：85704.50000000001
染色体结构为:
[98, 51, 2, 93, 95, 10, 78, 1, 7, 75, 24, 58, 91, 30, 15, 80, 18, 81, 82, 13, 54, 39, 46, 26, 21, 14, 65, 8, 33, 53, 71, 94, 34, 56, 17, 52, 40, 12, 20, 42, 49, 22, 66, 76, 11, 4, 63, 89, 6, 85, 9, 84, 47, 62, 86, 57, 23, 36, 43, 3, 31, 44, 41, 29, 60, 69, 79, 64, 5, 37, 77, 97, 99, 92, 96, 25, 28, 59, 90, 27, 83, 74, 68, 19, 38, 48, 32, 70, 72, 61, 35, 50, 100, 88, 55, 16, 45, 87, 73, 67]项目工期为：280.0；项目成本为：66428.40000000001
染色体结构为:
[24, 75, 78, 1, 98, 58, 80, 18, 30, 51, 15, 7, 91, 81, 82, 13, 46, 39, 26, 54, 95, 8, 2, 14, 21, 33, 53, 71, 65, 34, 17, 40, 56, 49, 12, 94, 66, 52, 22, 63, 4, 76, 85, 11, 89, 9, 47, 84, 62, 6, 10, 3, 57, 86, 36, 23, 42, 43, 31, 44, 20, 41, 60, 29, 79, 93, 69, 37, 64, 99, 97, 96, 5, 77, 92, 28, 19, 25, 27, 83, 59, 68, 38, 74, 48, 90, 72, 70, 61, 32, 88, 35, 73, 50, 16, 100, 67, 55, 87, 45]项目工期为：310.0；项目成本为：64342.899999999994
染色体结构为:
[24, 78, 98, 7, 51, 75, 58, 80, 30, 1, 91, 81, 13, 15, 18, 82, 46, 39, 54, 26, 14, 95, 21, 65, 8, 33, 71, 53, 94, 17, 34, 52, 56, 12, 40, 20, 49, 10, 2, 42, 66, 76, 4, 22, 85, 11, 63, 89, 62, 6, 9, 84, 23, 47, 43, 86, 36, 57, 44, 3, 41, 31, 29, 60, 79, 93, 64, 97, 69, 37, 5, 77, 92, 96, 99, 25, 28, 59, 83, 19, 68, 48, 90, 27, 74, 61, 38, 72, 70, 32, 35, 50, 88, 73, 55, 100, 16, 67, 87, 45]项目工期为：240.0；项目成本为：68803.70000000001
染色体结构为:
[98, 51, 2, 10, 93, 1, 95, 78, 7, 75, 58, 24, 30, 80, 91, 18, 15, 81, 54, 13, 39, 26, 82, 14, 46, 8, 21, 53, 34, 33, 65, 17, 71, 56, 94, 40, 49, 52, 66, 12, 63, 22, 76, 4, 85, 11, 89, 9, 47, 62, 6, 84, 3, 57, 86, 36, 23, 42, 43, 44, 31, 20, 41, 60, 29, 79, 69, 37, 64, 99, 97, 5, 96, 77, 28, 92, 25, 19, 27, 83, 68, 59, 74, 38, 90, 48, 61, 32, 72, 70, 88, 73, 35, 50, 16, 100, 67, 55, 45, 87]项目工期为：376.0；项目成本为：62758.1
染色体结构为:
[10, 2, 18, 95, 93, 28, 51, 42, 79, 76, 23, 20, 90, 89, 98, 75, 1, 24, 78, 7, 80, 30, 58, 15, 82, 91, 81, 54, 13, 21, 39, 47, 14, 33, 17, 60, 63, 27, 97, 29, 56, 52, 37, 26, 69, 31, 6, 53, 8, 62, 34, 68, 49, 36, 44, 65, 100, 74, 50, 9, 64, 96, 19, 43, 4, 92, 46, 40, 66, 48, 25, 94, 32, 5, 86, 11, 57, 41, 12, 77, 99, 84, 85, 59, 3, 71, 35, 83, 38, 55, 87, 22, 61, 72, 70, 67, 73, 45, 16, 88]项目工期为：153.0；项目成本为：102342.09999999999
染色体结构为:
[98, 51, 78, 24, 1, 75, 7, 30, 18, 80, 15, 58, 81, 91, 82, 54, 39, 46, 13, 53, 26, 95, 14, 33, 8, 21, 65, 52, 94, 34, 40, 71, 56, 49, 12, 17, 22, 4, 66, 85, 11, 9, 76, 63, 47, 6, 89, 86, 62, 10, 84, 43, 23, 57, 29, 36, 3, 44, 41, 31, 93, 69, 37, 97, 60, 79, 64, 5, 77, 96, 99, 28, 59, 92, 83, 25, 2, 68, 27, 48, 19, 20, 38, 74, 61, 32, 90, 72, 70, 35, 50, 88, 16, 100, 55, 73, 87, 45, 42, 67]项目工期为：186.0；项目成本为：84205.90000000002
染色体结构为:
[98, 51, 78, 24, 1, 75, 7, 30, 18, 80, 15, 81, 58, 91, 82, 54, 39, 13, 46, 53, 26, 95, 14, 33, 8, 21, 65, 52, 94, 34, 40, 71, 56, 49, 12, 17, 22, 4, 85, 66, 11, 9, 76, 63, 47, 6, 89, 86, 62, 10, 43, 84, 23, 57, 29, 36, 3, 44, 41, 31, 93, 69, 37, 97, 60, 79, 64, 5, 77, 96, 99, 28, 59, 92, 83, 2, 25, 27, 68, 48, 19, 20, 74, 38, 61, 32, 90, 72, 70, 35, 50, 88, 16, 55, 100, 73, 87, 45, 42, 67]项目工期为：186.0；项目成本为：84205.90000000002
染色体结构为:
[78, 24, 98, 7, 51, 75, 80, 58, 30, 1, 91, 81, 13, 18, 15, 82, 46, 39, 54, 14, 26, 95, 21, 65, 8, 33, 71, 53, 94, 17, 34, 56, 52, 12, 40, 20, 49, 10, 2, 42, 66, 4, 76, 22, 85, 11, 63, 89, 62, 6, 9, 84, 23, 47, 43, 86, 36, 57, 44, 3, 41, 31, 29, 60, 79, 93, 64, 97, 69, 37, 77, 92, 5, 96, 99, 25, 28, 59, 83, 19, 68, 48, 90, 27, 74, 61, 38, 72, 32, 70, 35, 50, 88, 73, 55, 16, 100, 67, 45, 87]项目工期为：244.0；项目成本为：68706.1
染色体结构为:
[78, 98, 7, 51, 1, 75, 24, 80, 18, 58, 91, 30, 95, 15, 2, 28, 93, 10, 20, 42, 79, 82, 81, 39, 13, 14, 21, 54, 23, 33, 76, 90, 60, 47, 89, 46, 97, 26, 53, 8, 52, 65, 34, 94, 40, 71, 56, 17, 12, 4, 49, 22, 11, 85, 9, 66, 6, 62, 63, 84, 86, 57, 43, 3, 29, 36, 44, 41, 37, 31, 64, 69, 5, 77, 96, 99, 83, 92, 59, 25, 68, 27, 48, 19, 74, 38, 70, 61, 72, 32, 50, 35, 100, 88, 55, 87, 16, 67, 73, 45]项目工期为：198.0；项目成本为：76934.49999999999
染色体结构为:
[78, 24, 51, 98, 1, 75, 7, 30, 18, 80, 15, 58, 81, 91, 82, 54, 13, 39, 53, 46, 26, 95, 14, 8, 33, 21, 65, 52, 34, 94, 40, 71, 56, 49, 12, 17, 4, 22, 66, 11, 85, 9, 76, 63, 47, 6, 89, 62, 86, 10, 84, 43, 23, 29, 57, 36, 3, 44, 31, 41, 93, 69, 97, 37, 60, 79, 64, 5, 77, 96, 99, 28, 59, 92, 83, 25, 2, 68, 48, 27, 19, 20, 38, 74, 90, 61, 32, 70, 72, 35, 50, 88, 16, 100, 55, 73, 87, 45, 67, 42]项目工期为：172.0；项目成本为：91042.70000000001
染色体结构为:
[78, 98, 7, 51, 1, 75, 24, 80, 18, 58, 91, 30, 95, 15, 28, 93, 2, 10, 20, 42, 79, 81, 39, 82, 13, 14, 21, 54, 23, 33, 76, 90, 60, 47, 46, 89, 97, 53, 26, 52, 8, 65, 34, 94, 40, 71, 56, 17, 12, 4, 49, 22, 11, 85, 9, 66, 6, 63, 62, 86, 84, 57, 43, 3, 29, 36, 44, 41, 37, 31, 64, 69, 77, 5, 99, 83, 92, 59, 96, 25, 27, 68, 48, 19, 74, 38, 70, 61, 72, 32, 50, 35, 100, 88, 55, 87, 16, 67, 73, 45]项目工期为：191.0；项目成本为：78716.1
染色体结构为:
[98, 51, 2, 95, 93, 1, 10, 7, 75, 78, 24, 30, 80, 58, 91, 15, 18, 81, 54, 13, 39, 82, 14, 46, 26, 8, 34, 21, 53, 33, 65, 71, 17, 56, 40, 94, 49, 52, 66, 12, 63, 22, 76, 4, 11, 85, 89, 9, 47, 6, 62, 57, 84, 3, 36, 86, 23, 42, 43, 44, 31, 20, 41, 60, 79, 69, 29, 37, 64, 97, 99, 5, 77, 28, 96, 92, 25, 19, 27, 83, 59, 68, 74, 38, 48, 61, 90, 72, 88, 32, 70, 73, 50, 35, 16, 100, 55, 67, 45, 87]项目工期为：373.0；项目成本为：62942.99999999999
染色体结构为:
[10, 95, 2, 18, 93, 28, 98, 51, 42, 76, 23, 20, 90, 79, 89, 75, 1, 78, 24, 80, 58, 7, 30, 82, 15, 81, 91, 54, 39, 21, 13, 14, 47, 33, 60, 17, 63, 27, 97, 56, 52, 29, 37, 69, 26, 31, 6, 8, 53, 62, 68, 34, 36, 49, 44, 65, 100, 64, 50, 74, 96, 19, 9, 4, 46, 43, 92, 66, 40, 48, 25, 32, 94, 5, 11, 86, 77, 12, 41, 99, 57, 84, 85, 59, 3, 71, 35, 38, 55, 22, 83, 72, 61, 70, 87, 45, 67, 73, 88, 16]项目工期为：161.0；项目成本为：96782.29999999999
染色体结构为:
[98, 51, 2, 95, 10, 93, 1, 78, 75, 7, 58, 24, 91, 30, 15, 80, 81, 82, 18, 13, 54, 46, 39, 26, 21, 14, 65, 8, 53, 71, 33, 34, 94, 56, 17, 52, 12, 20, 40, 49, 22, 66, 4, 63, 76, 85, 11, 9, 47, 89, 6, 62, 86, 84, 3, 57, 23, 36, 42, 43, 44, 41, 31, 29, 60, 69, 64, 79, 5, 37, 77, 97, 99, 96, 28, 92, 27, 25, 59, 19, 68, 83, 74, 48, 61, 90, 70, 38, 72, 32, 35, 88, 50, 55, 73, 16, 67, 100, 87, 45]项目工期为：282.0；项目成本为：66389.90000000001
染色体结构为:
[1, 75, 24, 98, 78, 80, 58, 51, 18, 15, 7, 95, 2, 91, 30, 10, 28, 20, 93, 42, 82, 81, 14, 79, 13, 21, 39, 23, 76, 33, 54, 90, 89, 97, 17, 60, 47, 52, 63, 53, 65, 46, 26, 94, 27, 8, 34, 71, 40, 49, 12, 4, 56, 22, 66, 11, 9, 85, 62, 6, 86, 57, 3, 84, 36, 44, 43, 29, 31, 41, 69, 37, 64, 5, 77, 96, 99, 25, 92, 83, 59, 68, 74, 19, 48, 70, 32, 61, 38, 72, 35, 50, 100, 88, 55, 87, 45, 16, 67, 73]项目工期为：189.0；项目成本为：81245.5
染色体结构为:
[98, 51, 78, 1, 24, 7, 75, 30, 80, 58, 91, 18, 82, 39, 15, 54, 21, 81, 14, 95, 28, 13, 2, 42, 10, 20, 79, 23, 93, 33, 76, 89, 90, 60, 63, 17, 47, 97, 52, 27, 56, 69, 37, 29, 31, 26, 6, 8, 68, 62, 53, 34, 36, 49, 65, 64, 44, 50, 100, 96, 74, 43, 4, 46, 92, 9, 19, 40, 66, 25, 48, 94, 86, 32, 77, 11, 5, 12, 41, 71, 57, 84, 99, 3, 85, 35, 83, 59, 38, 22, 55, 61, 87, 70, 72, 67, 16, 88, 45, 73]项目工期为：166.0；项目成本为：93291.09999999999
染色体结构为:
[98, 78, 1, 24, 7, 51, 75, 30, 91, 58, 15, 80, 82, 18, 81, 54, 26, 13, 46, 39, 95, 14, 21, 53, 65, 8, 33, 71, 34, 94, 52, 40, 17, 49, 56, 12, 10, 2, 28, 20, 42, 79, 93, 76, 23, 90, 89, 27, 60, 47, 63, 66, 97, 4, 11, 22, 6, 85, 9, 62, 86, 84, 36, 3, 57, 29, 44, 41, 43, 31, 37, 69, 5, 64, 77, 96, 83, 99, 92, 25, 59, 68, 48, 74, 70, 19, 61, 38, 32, 35, 72, 50, 100, 88, 73, 87, 16, 67, 55, 45]项目工期为：207.0；项目成本为：73832.49999999999
染色体结构为:
[75, 1, 24, 98, 78, 51, 80, 7, 58, 18, 95, 15, 2, 93, 10, 81, 30, 82, 91, 13, 54, 46, 39, 26, 14, 8, 21, 53, 65, 71, 33, 40, 34, 94, 56, 17, 52, 49, 12, 66, 63, 4, 85, 22, 76, 11, 89, 9, 6, 84, 47, 23, 62, 42, 28, 79, 20, 90, 97, 27, 60, 3, 69, 37, 36, 57, 86, 29, 43, 44, 31, 41, 64, 5, 99, 77, 96, 92, 25, 83, 68, 59, 19, 48, 74, 32, 38, 72, 70, 61, 35, 50, 100, 88, 16, 45, 55, 87, 73, 67]项目工期为：204.0；项目成本为：75030.79999999997
染色体结构为:
[51, 2, 98, 95, 10, 1, 93, 78, 24, 75, 7, 80, 18, 58, 30, 15, 81, 91, 82, 13, 54, 46, 39, 26, 14, 8, 21, 65, 53, 71, 33, 94, 34, 40, 56, 17, 52, 49, 12, 4, 66, 22, 76, 63, 85, 11, 9, 47, 6, 89, 84, 62, 23, 42, 28, 79, 90, 60, 20, 97, 27, 3, 69, 86, 37, 57, 36, 29, 43, 41, 44, 31, 5, 64, 99, 77, 96, 25, 92, 68, 83, 59, 19, 48, 74, 32, 38, 70, 72, 61, 35, 50, 100, 88, 16, 55, 87, 45, 73, 67]项目工期为：224.0；项目成本为：70105.59999999999
染色体结构为:
[75, 1, 78, 58, 24, 98, 80, 51, 18, 15, 7, 2, 30, 95, 81, 82, 91, 54, 13, 39, 26, 53, 14, 46, 8, 21, 33, 65, 34, 71, 17, 40, 52, 94, 56, 49, 12, 22, 66, 63, 4, 9, 85, 89, 11, 76, 6, 47, 86, 62, 10, 84, 3, 57, 23, 20, 36, 42, 44, 31, 60, 43, 41, 29, 93, 79, 69, 64, 97, 37, 5, 77, 92, 99, 96, 25, 28, 59, 83, 19, 68, 48, 27, 90, 61, 74, 70, 38, 72, 32, 50, 35, 88, 73, 100, 16, 87, 55, 45, 67]项目工期为：245.0；项目成本为：68316.0
染色体结构为:
[75, 24, 98, 78, 1, 80, 58, 30, 18, 51, 15, 7, 81, 91, 82, 46, 13, 39, 26, 95, 54, 2, 8, 14, 21, 33, 53, 65, 71, 34, 17, 40, 49, 56, 94, 52, 12, 66, 22, 63, 76, 4, 85, 11, 9, 89, 47, 84, 62, 6, 3, 10, 86, 57, 23, 42, 43, 36, 44, 31, 20, 41, 60, 29, 79, 93, 69, 64, 37, 97, 99, 5, 77, 96, 92, 28, 19, 25, 27, 83, 59, 68, 74, 38, 48, 90, 72, 61, 70, 32, 35, 88, 73, 16, 50, 100, 67, 55, 87, 45]项目工期为：263.0；项目成本为：66826.2
染色体结构为:
[98, 78, 7, 51, 1, 24, 75, 30, 80, 58, 18, 81, 15, 82, 91, 13, 54, 46, 39, 26, 14, 95, 65, 21, 8, 71, 53, 94, 33, 34, 40, 17, 56, 52, 4, 49, 12, 66, 76, 63, 22, 85, 9, 11, 6, 89, 10, 47, 62, 84, 23, 2, 42, 28, 93, 20, 90, 60, 79, 97, 69, 3, 27, 86, 57, 37, 29, 36, 43, 41, 44, 31, 5, 64, 99, 77, 25, 96, 92, 59, 68, 83, 19, 38, 74, 48, 32, 70, 61, 35, 72, 50, 88, 100, 16, 87, 45, 55, 67, 73]项目工期为：229.0；项目成本为：69825.69999999997
染色体结构为:
[10, 2, 95, 28, 18, 93, 51, 42, 76, 20, 79, 90, 98, 89, 75, 23, 1, 78, 58, 24, 30, 7, 82, 80, 15, 91, 54, 81, 13, 21, 39, 14, 47, 60, 33, 63, 17, 97, 27, 56, 52, 37, 29, 69, 31, 6, 26, 8, 34, 53, 68, 36, 62, 49, 44, 65, 100, 64, 74, 96, 50, 43, 19, 4, 9, 46, 92, 40, 48, 94, 5, 25, 86, 66, 11, 32, 12, 57, 99, 41, 84, 77, 85, 59, 35, 71, 38, 55, 3, 87, 22, 83, 72, 70, 67, 73, 45, 61, 88, 16]项目工期为：151.0；项目成本为：103397.80000000003
染色体结构为:
[98, 51, 95, 2, 93, 10, 78, 1, 7, 75, 58, 24, 30, 91, 15, 80, 18, 81, 82, 13, 54, 46, 39, 26, 14, 21, 65, 8, 33, 34, 53, 71, 17, 40, 56, 49, 12, 52, 66, 94, 22, 63, 4, 76, 85, 89, 9, 11, 84, 47, 6, 3, 62, 86, 23, 57, 36, 42, 43, 44, 20, 31, 60, 41, 29, 79, 64, 69, 37, 97, 99, 5, 96, 77, 92, 28, 25, 19, 83, 27, 59, 68, 74, 38, 48, 90, 61, 70, 72, 32, 73, 35, 88, 50, 16, 67, 100, 55, 87, 45]项目工期为：343.0；项目成本为：63241.09999999999
染色体结构为:
[95, 10, 2, 28, 93, 18, 51, 42, 76, 79, 20, 90, 98, 23, 89, 1, 75, 78, 24, 58, 30, 7, 80, 82, 15, 91, 54, 81, 21, 13, 14, 39, 33, 47, 60, 63, 17, 27, 97, 56, 52, 37, 29, 69, 26, 31, 6, 8, 53, 34, 62, 68, 49, 36, 44, 65, 100, 64, 74, 50, 96, 43, 4, 19, 9, 46, 92, 40, 66, 48, 94, 25, 5, 86, 11, 32, 12, 57, 41, 99, 77, 84, 85, 59, 35, 71, 3, 38, 55, 22, 83, 87, 72, 70, 67, 73, 61, 16, 45, 88]项目工期为：148.0；项目成本为：106689.90000000002
染色体结构为:
[75, 24, 78, 98, 58, 1, 80, 18, 30, 15, 51, 7, 81, 91, 82, 46, 39, 13, 26, 54, 95, 2, 8, 14, 21, 33, 65, 53, 71, 34, 17, 40, 56, 49, 52, 94, 12, 66, 22, 63, 76, 4, 85, 11, 89, 9, 47, 84, 6, 62, 10, 3, 86, 57, 23, 42, 36, 43, 44, 31, 20, 41, 60, 29, 79, 93, 69, 64, 37, 97, 99, 5, 96, 28, 77, 92, 19, 25, 27, 83, 59, 74, 68, 38, 48, 72, 90, 70, 61, 32, 88, 35, 73, 16, 50, 100, 67, 55, 87, 45]项目工期为：285.0；项目成本为：66189.5
染色体结构为:
[10, 18, 95, 28, 2, 93, 51, 76, 42, 79, 20, 23, 90, 89, 75, 98, 24, 1, 58, 78, 7, 80, 30, 15, 82, 81, 91, 21, 54, 13, 39, 14, 47, 33, 27, 60, 56, 17, 97, 52, 63, 29, 37, 26, 69, 8, 31, 6, 53, 68, 34, 62, 49, 36, 44, 65, 100, 50, 64, 74, 9, 19, 96, 92, 43, 4, 46, 40, 66, 48, 32, 94, 86, 25, 41, 5, 57, 11, 77, 12, 84, 59, 99, 3, 85, 35, 71, 38, 55, 83, 61, 87, 72, 22, 70, 67, 73, 16, 45, 88]项目工期为：162.0；项目成本为：95112.7
染色体结构为:
[1, 75, 24, 98, 78, 51, 58, 80, 18, 15, 7, 91, 95, 30, 2, 10, 28, 20, 93, 42, 81, 79, 14, 13, 82, 39, 21, 23, 76, 33, 54, 90, 47, 89, 97, 17, 60, 52, 53, 65, 63, 46, 94, 26, 27, 8, 34, 40, 56, 49, 71, 12, 4, 22, 66, 11, 85, 62, 9, 6, 57, 86, 3, 36, 84, 44, 43, 29, 31, 41, 69, 37, 64, 5, 96, 77, 99, 92, 83, 25, 59, 68, 74, 48, 19, 32, 70, 38, 72, 61, 100, 50, 88, 35, 55, 87, 16, 45, 67, 73]项目工期为：188.0；项目成本为：82199.9
染色体结构为:
[1, 24, 75, 78, 51, 80, 98, 7, 18, 81, 58, 30, 15, 82, 91, 13, 46, 54, 39, 26, 95, 14, 8, 21, 65, 53, 71, 33, 94, 34, 17, 40, 56, 52, 4, 49, 12, 76, 22, 63, 66, 85, 9, 11, 6, 89, 62, 47, 10, 23, 84, 42, 2, 28, 93, 20, 90, 79, 97, 27, 60, 3, 69, 37, 86, 57, 36, 29, 41, 43, 31, 44, 99, 5, 77, 64, 96, 59, 25, 92, 83, 68, 19, 38, 74, 48, 32, 70, 61, 72, 100, 88, 35, 50, 16, 45, 55, 87, 67, 73]项目工期为：222.0；项目成本为：70411.39999999998
染色体结构为:
[98, 78, 24, 7, 1, 75, 51, 91, 58, 30, 80, 15, 82, 18, 81, 54, 26, 13, 46, 39, 95, 21, 14, 53, 65, 33, 34, 8, 71, 94, 52, 40, 17, 56, 49, 12, 10, 28, 2, 42, 20, 79, 93, 23, 89, 76, 90, 60, 27, 47, 66, 63, 97, 4, 11, 22, 6, 85, 62, 9, 84, 36, 86, 57, 3, 29, 44, 41, 43, 31, 37, 5, 69, 64, 77, 96, 83, 92, 59, 99, 25, 68, 74, 70, 19, 48, 61, 32, 38, 35, 72, 50, 88, 100, 73, 16, 67, 87, 55, 45]项目工期为：202.0；项目成本为：75580.89999999998
染色体结构为:
[24, 78, 98, 51, 7, 75, 80, 58, 30, 1, 81, 91, 13, 15, 18, 82, 46, 54, 39, 26, 95, 14, 8, 21, 65, 33, 53, 71, 17, 34, 2, 56, 40, 49, 94, 52, 12, 66, 63, 22, 76, 4, 85, 11, 89, 47, 9, 84, 62, 3, 6, 10, 57, 86, 23, 36, 42, 43, 31, 44, 41, 60, 20, 29, 79, 93, 69, 37, 64, 97, 99, 96, 5, 92, 77, 19, 25, 28, 83, 27, 68, 59, 38, 48, 74, 90, 72, 70, 61, 32, 35, 88, 73, 50, 16, 100, 55, 87, 67, 45]项目工期为：288.0；项目成本为：65521.600000000006
染色体结构为:
[24, 75, 98, 78, 1, 58, 80, 18, 30, 15, 7, 91, 81, 51, 82, 13, 46, 39, 26, 54, 95, 2, 8, 21, 14, 33, 53, 65, 34, 71, 17, 40, 49, 56, 12, 94, 52, 10, 93, 66, 63, 22, 4, 85, 76, 11, 89, 47, 9, 6, 62, 84, 3, 57, 36, 86, 23, 44, 43, 42, 31, 20, 41, 60, 79, 69, 29, 64, 97, 99, 37, 5, 96, 77, 28, 25, 92, 19, 27, 68, 83, 59, 74, 38, 48, 90, 61, 72, 88, 32, 70, 73, 35, 50, 100, 67, 16, 45, 55, 87]项目工期为：271.0；项目成本为：66482.7
染色体结构为:
[98, 51, 2, 10, 1, 93, 95, 7, 78, 75, 58, 24, 30, 80, 91, 18, 15, 81, 54, 13, 39, 82, 26, 14, 46, 8, 53, 21, 34, 65, 33, 17, 71, 56, 94, 49, 40, 52, 66, 12, 63, 22, 4, 76, 85, 11, 89, 9, 47, 62, 6, 84, 3, 57, 86, 36, 23, 42, 43, 44, 31, 41, 20, 60, 29, 79, 69, 37, 99, 64, 97, 5, 96, 28, 77, 92, 25, 19, 27, 68, 83, 59, 74, 38, 90, 48, 61, 72, 32, 70, 88, 73, 35, 50, 16, 100, 67, 55, 45, 87]项目工期为：393.0；项目成本为：62573.899999999994
染色体结构为:
[75, 24, 78, 98, 58, 1, 80, 30, 18, 15, 51, 7, 81, 91, 82, 46, 39, 13, 26, 54, 95, 2, 8, 14, 21, 33, 65, 53, 71, 17, 34, 40, 49, 56, 94, 52, 12, 22, 66, 63, 4, 76, 85, 11, 89, 9, 47, 84, 6, 62, 3, 10, 86, 57, 23, 42, 36, 43, 44, 31, 41, 60, 29, 20, 79, 69, 93, 64, 37, 97, 99, 5, 96, 77, 92, 28, 19, 25, 27, 83, 68, 59, 74, 38, 48, 90, 72, 61, 32, 70, 88, 35, 50, 73, 16, 100, 67, 87, 55, 45]项目工期为：286.0；项目成本为：65543.0
染色体结构为:
[98, 78, 7, 51, 1, 24, 80, 75, 18, 91, 58, 30, 95, 15, 2, 28, 93, 10, 42, 20, 82, 79, 81, 39, 14, 13, 21, 54, 33, 23, 76, 60, 90, 89, 46, 97, 47, 8, 53, 26, 52, 65, 94, 34, 40, 71, 56, 12, 17, 4, 49, 22, 11, 66, 85, 9, 62, 6, 63, 84, 86, 57, 3, 29, 43, 44, 36, 41, 69, 31, 37, 64, 5, 77, 99, 96, 83, 92, 59, 25, 68, 27, 48, 19, 74, 38, 70, 32, 61, 35, 72, 50, 100, 88, 55, 16, 87, 45, 67, 73]项目工期为：196.0；项目成本为：77190.5
染色体结构为:
[1, 98, 75, 24, 78, 51, 58, 18, 80, 15, 95, 2, 30, 7, 10, 91, 20, 28, 93, 42, 81, 13, 82, 79, 14, 21, 39, 23, 54, 76, 33, 89, 90, 97, 60, 17, 47, 63, 52, 53, 65, 46, 26, 27, 94, 8, 40, 34, 49, 71, 12, 4, 56, 22, 11, 9, 66, 62, 6, 86, 85, 57, 3, 36, 84, 44, 43, 31, 41, 37, 29, 69, 64, 5, 96, 77, 92, 99, 25, 59, 68, 83, 19, 38, 74, 48, 32, 72, 70, 35, 61, 88, 50, 100, 16, 55, 45, 73, 67, 87]项目工期为：205.0；项目成本为：74277.99999999999
染色体结构为:
[10, 2, 18, 95, 93, 28, 42, 51, 76, 23, 79, 20, 90, 89, 98, 75, 1, 24, 7, 78, 80, 58, 30, 15, 82, 91, 54, 81, 13, 21, 39, 47, 14, 33, 17, 60, 63, 97, 27, 29, 56, 52, 37, 26, 69, 31, 6, 53, 8, 62, 34, 68, 49, 36, 44, 65, 74, 100, 50, 9, 96, 64, 19, 43, 4, 92, 46, 40, 66, 48, 25, 94, 32, 5, 86, 11, 57, 41, 12, 77, 99, 84, 85, 59, 3, 71, 83, 35, 38, 55, 87, 22, 61, 72, 70, 67, 73, 45, 16, 88]项目工期为：154.0；项目成本为：102319.39999999998
染色体结构为:
[51, 98, 78, 7, 75, 24, 1, 80, 30, 18, 54, 82, 91, 58, 39, 81, 13, 15, 26, 46, 95, 14, 65, 21, 53, 8, 94, 52, 33, 40, 34, 4, 71, 17, 49, 56, 76, 12, 22, 66, 11, 63, 62, 85, 6, 9, 89, 47, 84, 10, 57, 23, 3, 36, 86, 2, 42, 93, 20, 28, 90, 79, 97, 27, 60, 69, 37, 68, 31, 29, 44, 50, 96, 64, 74, 100, 43, 92, 19, 48, 25, 32, 41, 5, 99, 59, 77, 38, 35, 55, 83, 87, 61, 70, 72, 73, 88, 67, 16, 45]项目工期为：176.0；项目成本为：90471.39999999998
染色体结构为:
[98, 78, 51, 7, 1, 24, 75, 80, 30, 58, 18, 15, 81, 82, 91, 13, 54, 46, 39, 26, 95, 14, 65, 21, 8, 53, 71, 94, 33, 34, 40, 17, 56, 52, 4, 12, 49, 66, 63, 22, 76, 85, 9, 11, 6, 89, 10, 47, 84, 62, 23, 2, 42, 28, 93, 20, 90, 60, 79, 97, 69, 27, 3, 86, 57, 37, 29, 36, 43, 41, 31, 44, 5, 64, 99, 77, 25, 96, 92, 59, 83, 68, 19, 38, 74, 48, 32, 70, 61, 72, 35, 100, 50, 88, 16, 87, 45, 55, 67, 73]项目工期为：212.0；项目成本为：71404.59999999998
染色体结构为:
[98, 2, 51, 93, 10, 95, 1, 78, 7, 75, 24, 58, 80, 30, 18, 91, 15, 81, 54, 13, 39, 26, 14, 82, 46, 8, 21, 34, 53, 33, 65, 71, 17, 56, 94, 40, 49, 52, 66, 63, 22, 12, 4, 76, 11, 89, 85, 9, 47, 6, 62, 3, 86, 84, 57, 23, 36, 42, 43, 44, 31, 20, 41, 60, 29, 79, 69, 37, 64, 99, 97, 5, 96, 77, 28, 92, 19, 25, 83, 27, 68, 59, 74, 38, 90, 61, 48, 72, 32, 70, 88, 35, 73, 50, 16, 67, 100, 55, 45, 87]项目工期为：316.0；项目成本为：63309.99999999999
染色体结构为:
[75, 1, 78, 24, 98, 51, 80, 58, 7, 15, 18, 30, 95, 2, 10, 91, 28, 82, 54, 81, 21, 13, 42, 39, 14, 76, 93, 20, 79, 90, 23, 89, 60, 33, 46, 26, 53, 65, 52, 8, 34, 71, 94, 40, 56, 17, 12, 49, 47, 66, 4, 97, 11, 22, 85, 9, 6, 62, 63, 57, 84, 86, 3, 36, 29, 43, 44, 41, 31, 69, 37, 64, 77, 96, 5, 99, 92, 83, 59, 25, 68, 48, 27, 19, 74, 38, 61, 70, 32, 50, 72, 100, 16, 45, 35, 55, 88, 87, 67, 73]项目工期为：168.0；项目成本为：92470.39999999998
染色体结构为:
[98, 51, 2, 10, 93, 1, 95, 78, 7, 58, 75, 24, 30, 80, 91, 18, 15, 81, 54, 13, 39, 26, 82, 14, 46, 8, 21, 53, 34, 33, 65, 17, 71, 56, 94, 40, 49, 52, 66, 12, 63, 22, 76, 4, 85, 11, 89, 9, 47, 62, 6, 84, 3, 57, 86, 36, 23, 42, 43, 44, 31, 20, 41, 60, 29, 79, 69, 37, 99, 64, 97, 5, 96, 77, 28, 92, 19, 25, 27, 83, 68, 59, 74, 38, 90, 48, 32, 61, 72, 70, 88, 35, 73, 50, 100, 16, 87, 55, 67, 45]项目工期为：351.0；项目成本为：62981.999999999985
染色体结构为:
[98, 10, 51, 2, 95, 93, 78, 1, 7, 75, 24, 58, 30, 80, 81, 91, 15, 13, 18, 82, 46, 26, 54, 39, 14, 8, 21, 33, 53, 65, 71, 17, 40, 34, 56, 94, 49, 12, 22, 52, 66, 63, 76, 4, 85, 11, 89, 47, 9, 84, 62, 6, 3, 57, 36, 86, 23, 43, 42, 31, 44, 41, 20, 29, 60, 79, 37, 64, 69, 99, 97, 96, 5, 77, 92, 28, 19, 25, 27, 83, 59, 68, 38, 74, 48, 90, 70, 72, 61, 32, 35, 88, 73, 50, 16, 100, 67, 55, 87, 45]项目工期为：295.0；项目成本为：64540.29999999999
染色体结构为:
[78, 24, 75, 1, 98, 58, 80, 18, 30, 51, 15, 91, 7, 81, 13, 82, 26, 46, 39, 95, 54, 2, 14, 21, 8, 33, 53, 65, 34, 71, 17, 40, 56, 49, 94, 52, 12, 66, 22, 63, 76, 85, 11, 4, 89, 9, 6, 47, 84, 62, 10, 57, 3, 86, 23, 42, 36, 44, 43, 31, 20, 41, 60, 29, 79, 93, 69, 64, 97, 37, 99, 5, 96, 92, 77, 28, 25, 19, 27, 59, 83, 68, 74, 38, 48, 61, 90, 72, 70, 32, 88, 35, 73, 16, 67, 50, 100, 45, 87, 55]项目工期为：293.0；项目成本为：64838.2
染色体结构为:
[78, 98, 24, 51, 7, 75, 58, 30, 80, 1, 81, 91, 15, 82, 54, 18, 26, 13, 46, 39, 14, 95, 53, 21, 65, 33, 8, 71, 34, 94, 17, 52, 56, 40, 49, 10, 12, 28, 42, 2, 20, 79, 93, 76, 23, 89, 90, 60, 63, 47, 27, 66, 4, 97, 22, 9, 11, 85, 6, 62, 84, 3, 29, 86, 36, 57, 44, 41, 31, 69, 37, 43, 5, 77, 64, 96, 83, 99, 59, 92, 25, 68, 74, 48, 19, 38, 70, 32, 61, 50, 72, 100, 35, 73, 88, 16, 87, 55, 67, 45]项目工期为：210.0；项目成本为：71412.2
染色体结构为:
[1, 75, 78, 24, 10, 98, 95, 2, 18, 93, 28, 42, 51, 76, 79, 20, 23, 89, 90, 7, 30, 58, 15, 80, 91, 82, 81, 39, 54, 13, 47, 21, 33, 60, 14, 17, 27, 56, 63, 97, 52, 29, 37, 69, 26, 6, 53, 31, 8, 34, 62, 49, 36, 68, 44, 65, 64, 100, 96, 50, 74, 9, 19, 43, 4, 92, 46, 40, 48, 66, 94, 25, 32, 5, 11, 86, 12, 41, 77, 57, 84, 59, 99, 85, 35, 3, 83, 71, 22, 38, 55, 87, 72, 70, 61, 67, 73, 45, 16, 88]项目工期为：155.0；项目成本为：102047.20000000004
染色体结构为:
[75, 1, 98, 51, 24, 78, 80, 18, 58, 7, 15, 95, 91, 2, 30, 10, 20, 28, 81, 13, 93, 82, 39, 54, 14, 46, 26, 8, 21, 53, 71, 65, 34, 40, 33, 17, 94, 56, 12, 52, 49, 66, 76, 22, 63, 4, 85, 11, 89, 47, 62, 9, 84, 6, 57, 36, 3, 86, 23, 44, 42, 43, 31, 29, 60, 41, 64, 97, 69, 79, 5, 37, 77, 99, 92, 96, 83, 59, 25, 19, 74, 27, 68, 48, 90, 72, 61, 32, 35, 38, 50, 70, 88, 73, 16, 55, 67, 100, 45, 87]项目工期为：247.0；项目成本为：67363.30000000002
染色体结构为:
[98, 51, 2, 95, 93, 1, 10, 7, 75, 78, 24, 30, 80, 58, 91, 15, 18, 81, 13, 54, 39, 82, 14, 46, 26, 8, 34, 21, 53, 33, 65, 71, 17, 56, 40, 94, 49, 52, 66, 12, 63, 22, 76, 4, 11, 85, 89, 9, 47, 6, 62, 57, 84, 3, 36, 23, 86, 42, 43, 44, 31, 20, 41, 60, 69, 79, 29, 37, 64, 97, 99, 5, 77, 28, 96, 25, 92, 19, 27, 83, 59, 68, 74, 38, 48, 61, 90, 72, 88, 32, 73, 70, 50, 35, 16, 100, 55, 67, 45, 87]项目工期为：373.0；项目成本为：62942.99999999999
MID=0.711606947219709
DM=44116.68030348615
SNS=0.30472640480614843
SM=0.8700565250063492
1.6130110931385673E-5
67
共计用时：7秒
