染色体结构为:
[47, 9, 57, 39, 29, 27, 38, 92, 84, 28, 41, 31, 23, 22, 18, 24, 86, 94, 56, 71, 40, 44, 11, 34, 21, 76, 16, 49, 83, 8, 81, 85, 7, 90, 37, 6, 13, 67, 53, 51, 64, 65, 1, 10, 74, 87, 19, 58, 5, 26, 43, 25, 96, 63, 73, 52, 45, 32, 78, 14, 50, 35, 4, 3, 15, 2, 12, 77, 30, 17, 89, 72, 42, 68, 69, 60, 99, 88, 93, 46, 79, 95, 100, 82, 20, 54, 59, 61, 97, 48, 33, 91, 36, 70, 55, 62, 66, 80, 98, 75]项目工期为：149.0；项目成本为：120916.29999999999
染色体结构为:
[47, 57, 38, 29, 92, 9, 39, 41, 27, 84, 18, 28, 31, 24, 22, 56, 23, 71, 40, 94, 86, 34, 44, 21, 11, 49, 43, 14, 65, 13, 63, 15, 25, 3, 4, 76, 83, 74, 64, 2, 10, 96, 53, 67, 35, 37, 51, 12, 16, 32, 90, 52, 8, 50, 30, 77, 78, 81, 87, 72, 17, 85, 7, 6, 68, 58, 89, 26, 19, 1, 73, 60, 45, 69, 93, 88, 99, 100, 79, 20, 46, 82, 59, 42, 95, 33, 54, 97, 5, 61, 48, 91, 36, 70, 55, 62, 80, 98, 66, 75]项目工期为：178.0；项目成本为：98349.90000000002
染色体结构为:
[57, 47, 38, 29, 9, 92, 39, 41, 27, 84, 18, 28, 31, 22, 24, 56, 23, 71, 40, 86, 94, 44, 34, 21, 49, 11, 43, 14, 13, 65, 15, 63, 25, 76, 4, 3, 83, 64, 74, 2, 53, 10, 96, 35, 67, 51, 37, 12, 16, 32, 90, 52, 8, 50, 30, 77, 78, 81, 87, 72, 17, 85, 68, 7, 6, 58, 89, 26, 19, 60, 1, 73, 45, 69, 93, 99, 100, 88, 79, 20, 46, 82, 42, 59, 95, 33, 97, 54, 5, 48, 91, 61, 70, 36, 80, 55, 62, 98, 75, 66]项目工期为：172.0；项目成本为：100834.20000000001
染色体结构为:
[9, 38, 57, 47, 28, 43, 65, 84, 15, 27, 63, 3, 4, 74, 25, 76, 49, 34, 2, 86, 41, 39, 31, 92, 23, 29, 18, 22, 13, 94, 24, 56, 14, 83, 12, 16, 51, 64, 32, 50, 90, 35, 8, 21, 52, 81, 77, 78, 17, 30, 67, 72, 85, 87, 53, 96, 37, 6, 7, 10, 71, 40, 89, 19, 11, 44, 68, 1, 58, 73, 45, 26, 60, 69, 93, 99, 100, 46, 88, 79, 20, 82, 59, 42, 95, 33, 97, 54, 5, 91, 48, 61, 70, 36, 80, 55, 62, 98, 75, 66]项目工期为：203.0；项目成本为：91166.49999999999
染色体结构为:
[47, 57, 38, 29, 92, 9, 39, 41, 27, 84, 18, 31, 28, 24, 56, 22, 23, 71, 40, 86, 34, 44, 94, 11, 21, 49, 43, 14, 65, 13, 63, 25, 15, 3, 76, 4, 83, 74, 64, 10, 2, 96, 53, 67, 35, 37, 51, 12, 16, 32, 90, 52, 8, 50, 30, 77, 78, 81, 87, 72, 17, 85, 7, 6, 68, 58, 89, 26, 19, 1, 73, 60, 45, 69, 88, 93, 99, 100, 79, 20, 46, 82, 59, 42, 95, 54, 33, 97, 5, 61, 48, 91, 36, 70, 55, 62, 80, 98, 66, 75]项目工期为：173.0；项目成本为：99780.80000000002
染色体结构为:
[47, 57, 9, 38, 39, 92, 29, 41, 84, 28, 27, 31, 18, 22, 23, 24, 94, 86, 71, 44, 56, 11, 40, 76, 21, 49, 16, 34, 83, 8, 81, 13, 85, 90, 7, 37, 53, 67, 6, 64, 51, 96, 65, 14, 15, 25, 43, 3, 4, 63, 12, 74, 2, 35, 32, 50, 77, 30, 78, 52, 17, 72, 87, 89, 19, 45, 79, 10, 58, 54, 73, 100, 26, 68, 93, 60, 69, 99, 88, 1, 46, 20, 42, 82, 95, 59, 97, 33, 48, 5, 61, 55, 36, 91, 62, 66, 70, 98, 80, 75]项目工期为：162.0；项目成本为：111169.09999999996
染色体结构为:
[34, 47, 49, 9, 86, 57, 38, 92, 39, 84, 27, 41, 29, 28, 23, 31, 65, 43, 96, 15, 13, 4, 25, 3, 63, 74, 76, 18, 2, 94, 22, 24, 56, 14, 51, 83, 12, 16, 32, 64, 90, 50, 8, 35, 21, 77, 52, 81, 78, 30, 72, 17, 87, 67, 53, 85, 71, 10, 37, 7, 40, 89, 44, 6, 68, 11, 19, 26, 58, 1, 69, 73, 45, 60, 99, 93, 88, 100, 46, 20, 82, 59, 79, 42, 95, 54, 33, 48, 5, 97, 61, 91, 36, 80, 70, 55, 62, 98, 66, 75]项目工期为：208.0；项目成本为：88394.5
染色体结构为:
[38, 47, 39, 57, 9, 27, 29, 92, 84, 22, 28, 41, 86, 18, 24, 56, 31, 23, 71, 94, 13, 53, 96, 43, 14, 83, 10, 67, 40, 34, 15, 49, 4, 65, 2, 25, 74, 63, 3, 76, 51, 12, 64, 32, 16, 90, 8, 50, 21, 52, 35, 30, 78, 77, 72, 17, 81, 85, 87, 37, 7, 6, 89, 44, 26, 11, 58, 68, 19, 73, 1, 69, 60, 45, 88, 100, 93, 46, 99, 79, 82, 95, 20, 59, 54, 42, 33, 5, 97, 61, 48, 36, 70, 91, 55, 80, 62, 98, 75, 66]项目工期为：232.0；项目成本为：83533.79999999997
染色体结构为:
[47, 57, 9, 39, 92, 29, 38, 27, 28, 84, 41, 31, 18, 22, 23, 24, 86, 94, 56, 71, 40, 44, 34, 11, 21, 76, 49, 16, 8, 85, 81, 83, 7, 90, 13, 37, 6, 67, 53, 51, 64, 1, 65, 87, 10, 74, 19, 5, 58, 26, 25, 73, 63, 43, 96, 45, 52, 32, 14, 78, 35, 50, 4, 15, 2, 3, 12, 30, 77, 17, 72, 89, 68, 42, 69, 88, 60, 99, 93, 46, 100, 79, 95, 20, 54, 82, 59, 97, 61, 33, 48, 91, 36, 55, 62, 70, 66, 80, 98, 75]项目工期为：158.0；项目成本为：111539.30000000002
染色体结构为:
[47, 57, 39, 38, 9, 29, 27, 92, 84, 22, 28, 41, 86, 24, 23, 18, 56, 31, 71, 94, 53, 13, 96, 43, 14, 83, 10, 34, 67, 40, 49, 15, 65, 4, 25, 2, 63, 74, 51, 3, 76, 12, 16, 32, 64, 50, 90, 8, 21, 35, 11, 44, 52, 81, 7, 85, 37, 6, 78, 26, 58, 68, 19, 17, 1, 89, 30, 73, 69, 87, 60, 99, 93, 45, 72, 100, 46, 88, 79, 82, 95, 20, 42, 59, 33, 54, 77, 5, 97, 55, 61, 91, 62, 48, 36, 70, 98, 66, 80, 75]项目工期为：239.0；项目成本为：82081.40000000001
染色体结构为:
[47, 38, 57, 9, 29, 92, 39, 41, 27, 18, 84, 28, 24, 31, 56, 22, 23, 71, 40, 94, 86, 21, 34, 44, 49, 11, 43, 65, 13, 14, 63, 25, 15, 3, 4, 76, 83, 74, 64, 2, 96, 10, 35, 53, 67, 37, 51, 16, 12, 32, 90, 52, 8, 50, 30, 77, 78, 87, 72, 81, 17, 85, 6, 7, 68, 58, 89, 26, 19, 1, 73, 60, 45, 69, 93, 88, 99, 100, 20, 79, 46, 59, 82, 42, 95, 33, 54, 97, 61, 5, 48, 91, 36, 70, 55, 62, 98, 80, 66, 75]项目工期为：168.0；项目成本为：102944.8
染色体结构为:
[57, 47, 9, 38, 29, 92, 41, 39, 84, 27, 18, 31, 28, 24, 71, 22, 23, 56, 40, 86, 94, 34, 44, 21, 11, 43, 49, 14, 65, 13, 63, 15, 25, 3, 4, 76, 74, 64, 83, 2, 53, 96, 10, 67, 35, 51, 37, 12, 16, 90, 32, 50, 8, 52, 30, 77, 81, 78, 17, 72, 87, 85, 6, 89, 7, 68, 58, 26, 19, 73, 1, 69, 60, 45, 93, 99, 88, 100, 46, 20, 82, 79, 42, 59, 95, 54, 97, 33, 5, 61, 91, 48, 70, 36, 55, 62, 80, 98, 66, 75]项目工期为：179.0；项目成本为：98268.1
染色体结构为:
[34, 47, 86, 49, 57, 9, 38, 92, 39, 84, 27, 29, 41, 28, 31, 43, 23, 65, 15, 4, 25, 63, 3, 74, 76, 2, 22, 18, 94, 13, 83, 24, 56, 12, 14, 51, 16, 64, 90, 50, 32, 35, 8, 77, 21, 52, 81, 30, 78, 17, 72, 67, 53, 87, 85, 71, 96, 10, 37, 40, 7, 44, 6, 11, 89, 68, 26, 58, 19, 1, 73, 69, 45, 93, 60, 99, 88, 100, 46, 79, 82, 20, 59, 42, 54, 95, 33, 97, 5, 48, 61, 36, 91, 70, 55, 62, 80, 98, 66, 75]项目工期为：204.0；项目成本为：91017.50000000003
染色体结构为:
[57, 47, 34, 49, 9, 38, 86, 92, 39, 84, 27, 29, 41, 28, 23, 31, 65, 15, 43, 13, 96, 3, 4, 63, 25, 74, 2, 76, 94, 18, 22, 24, 56, 14, 51, 12, 83, 16, 32, 64, 90, 50, 35, 8, 21, 77, 52, 78, 81, 30, 17, 72, 87, 53, 67, 85, 10, 71, 37, 7, 6, 40, 89, 44, 11, 68, 26, 19, 1, 58, 73, 69, 45, 60, 99, 93, 88, 100, 46, 82, 20, 79, 59, 42, 54, 95, 33, 48, 97, 5, 61, 36, 91, 70, 80, 55, 62, 98, 66, 75]项目工期为：205.0；项目成本为：88417.59999999999
染色体结构为:
[47, 38, 57, 39, 9, 92, 29, 22, 84, 27, 41, 86, 18, 28, 23, 24, 56, 31, 53, 71, 94, 96, 13, 14, 43, 67, 83, 10, 40, 34, 49, 65, 4, 15, 25, 2, 51, 74, 3, 63, 76, 12, 64, 16, 32, 90, 50, 8, 21, 35, 30, 52, 77, 78, 81, 72, 17, 37, 85, 87, 7, 6, 89, 11, 44, 26, 68, 58, 73, 19, 69, 1, 45, 60, 88, 93, 46, 100, 99, 95, 82, 79, 20, 59, 54, 42, 33, 48, 97, 5, 91, 61, 70, 36, 55, 80, 62, 98, 75, 66]项目工期为：237.0；项目成本为：82649.79999999999
染色体结构为:
[9, 47, 57, 92, 38, 39, 27, 84, 41, 29, 18, 22, 86, 28, 24, 31, 94, 56, 71, 23, 53, 13, 14, 96, 10, 83, 67, 34, 40, 15, 43, 49, 65, 4, 74, 25, 2, 63, 51, 3, 12, 76, 16, 64, 32, 50, 90, 35, 8, 21, 52, 77, 78, 81, 30, 87, 72, 17, 85, 7, 37, 89, 6, 44, 11, 68, 26, 58, 73, 19, 1, 60, 69, 88, 45, 93, 46, 100, 79, 95, 99, 20, 82, 59, 42, 54, 33, 97, 5, 48, 61, 70, 91, 36, 55, 80, 62, 98, 75, 66]项目工期为：221.0；项目成本为：84760.7
染色体结构为:
[47, 39, 9, 57, 38, 92, 84, 27, 29, 22, 41, 18, 28, 86, 24, 31, 94, 56, 23, 53, 71, 13, 96, 14, 10, 83, 67, 43, 40, 15, 34, 49, 65, 4, 74, 25, 2, 63, 3, 51, 76, 12, 64, 16, 32, 90, 50, 8, 35, 21, 77, 52, 78, 81, 30, 17, 87, 72, 85, 37, 7, 6, 44, 68, 89, 11, 26, 58, 73, 1, 19, 69, 60, 45, 88, 99, 93, 100, 46, 79, 95, 82, 20, 42, 54, 33, 59, 97, 5, 48, 61, 91, 36, 55, 70, 62, 66, 80, 98, 75]项目工期为：227.0；项目成本为：83570.70000000003
染色体结构为:
[34, 49, 47, 86, 57, 9, 38, 39, 92, 29, 27, 84, 31, 65, 28, 23, 43, 41, 15, 96, 13, 3, 4, 25, 63, 74, 2, 76, 22, 18, 94, 14, 24, 56, 51, 12, 32, 83, 16, 90, 64, 50, 8, 35, 21, 77, 52, 81, 30, 87, 78, 17, 67, 72, 85, 53, 71, 10, 37, 7, 40, 6, 89, 68, 11, 44, 26, 19, 69, 58, 1, 73, 60, 93, 45, 100, 88, 99, 82, 20, 46, 79, 59, 95, 42, 54, 33, 61, 48, 5, 36, 91, 97, 70, 62, 55, 66, 80, 75, 98]项目工期为：186.0；项目成本为：95214.5
染色体结构为:
[57, 47, 9, 38, 39, 29, 92, 41, 84, 27, 18, 31, 24, 28, 22, 23, 71, 56, 40, 94, 86, 34, 44, 21, 11, 49, 43, 14, 13, 65, 15, 63, 25, 3, 76, 83, 4, 64, 74, 2, 53, 10, 67, 96, 35, 51, 37, 12, 16, 90, 32, 8, 50, 30, 52, 81, 77, 17, 78, 72, 87, 85, 7, 6, 89, 26, 68, 19, 58, 73, 69, 1, 60, 93, 99, 45, 88, 46, 100, 20, 79, 82, 95, 59, 42, 97, 54, 33, 5, 48, 61, 91, 36, 70, 55, 62, 80, 66, 98, 75]项目工期为：164.0；项目成本为：109198.5
染色体结构为:
[47, 9, 38, 39, 57, 84, 92, 29, 27, 41, 18, 22, 28, 31, 24, 56, 86, 94, 23, 53, 13, 71, 96, 14, 83, 10, 43, 40, 67, 15, 34, 25, 49, 4, 2, 65, 63, 51, 74, 12, 76, 3, 16, 64, 32, 90, 50, 35, 8, 21, 77, 52, 30, 17, 78, 81, 87, 85, 7, 72, 6, 37, 11, 44, 89, 68, 73, 26, 58, 19, 1, 45, 60, 69, 93, 88, 99, 46, 79, 100, 20, 95, 82, 54, 59, 42, 97, 33, 48, 5, 61, 70, 91, 80, 62, 36, 98, 55, 75, 66]项目工期为：192.0；项目成本为：92809.00000000001
染色体结构为:
[57, 47, 9, 29, 39, 27, 38, 92, 84, 28, 41, 31, 23, 18, 22, 24, 86, 94, 71, 56, 40, 11, 44, 34, 21, 76, 16, 49, 83, 8, 81, 85, 7, 90, 37, 6, 13, 67, 53, 51, 65, 64, 1, 10, 74, 87, 58, 19, 5, 26, 43, 25, 96, 63, 52, 73, 45, 78, 14, 50, 32, 35, 4, 3, 15, 12, 2, 77, 17, 89, 30, 42, 72, 69, 68, 60, 99, 93, 88, 46, 95, 79, 100, 82, 20, 54, 59, 61, 48, 97, 33, 36, 91, 70, 55, 62, 98, 66, 80, 75]项目工期为：153.0；项目成本为：116810.29999999999
染色体结构为:
[47, 57, 39, 9, 38, 92, 29, 28, 41, 84, 31, 27, 18, 22, 24, 23, 86, 56, 44, 94, 11, 40, 71, 21, 76, 49, 34, 16, 8, 13, 81, 90, 37, 83, 7, 85, 67, 53, 64, 96, 65, 6, 51, 43, 14, 15, 4, 3, 25, 63, 35, 74, 12, 50, 2, 77, 32, 30, 78, 72, 52, 17, 19, 87, 89, 10, 45, 79, 73, 58, 54, 100, 68, 26, 60, 93, 69, 99, 88, 82, 1, 20, 46, 42, 95, 97, 33, 59, 48, 5, 55, 61, 36, 91, 62, 66, 70, 80, 98, 75]项目工期为：152.0；项目成本为：118212.2
染色体结构为:
[38, 9, 65, 47, 28, 43, 84, 15, 27, 4, 63, 3, 76, 25, 2, 74, 34, 49, 39, 57, 41, 86, 92, 31, 23, 29, 22, 18, 13, 94, 24, 56, 14, 51, 83, 16, 12, 64, 90, 32, 50, 35, 8, 21, 77, 52, 81, 78, 30, 17, 67, 85, 72, 87, 96, 7, 53, 37, 40, 89, 10, 6, 19, 44, 45, 54, 79, 100, 58, 11, 26, 73, 69, 71, 60, 99, 88, 68, 82, 93, 20, 1, 46, 59, 42, 97, 33, 95, 61, 5, 55, 48, 36, 91, 62, 70, 66, 98, 80, 75]项目工期为：194.0；项目成本为：92282.40000000002
染色体结构为:
[9, 57, 47, 39, 38, 84, 92, 27, 22, 29, 41, 18, 24, 28, 31, 86, 56, 94, 53, 23, 13, 71, 14, 96, 10, 83, 43, 40, 67, 34, 15, 49, 4, 25, 65, 74, 63, 2, 51, 12, 3, 76, 64, 16, 32, 90, 50, 8, 35, 21, 77, 78, 52, 30, 17, 81, 87, 85, 72, 7, 6, 37, 11, 89, 44, 68, 26, 73, 58, 1, 19, 60, 45, 69, 88, 93, 99, 46, 100, 95, 79, 20, 82, 42, 54, 59, 33, 97, 48, 5, 61, 91, 80, 70, 36, 62, 66, 98, 55, 75]项目工期为：218.0；项目成本为：86312.90000000001
染色体结构为:
[57, 9, 38, 92, 84, 47, 39, 29, 41, 18, 27, 22, 28, 24, 86, 94, 23, 53, 31, 56, 71, 13, 14, 96, 43, 3, 10, 67, 83, 34, 49, 65, 4, 15, 25, 2, 63, 74, 76, 16, 51, 12, 32, 50, 8, 90, 21, 35, 64, 77, 52, 40, 78, 81, 17, 30, 85, 72, 7, 87, 44, 6, 37, 68, 11, 19, 26, 1, 89, 58, 45, 73, 69, 93, 60, 46, 99, 100, 88, 42, 20, 79, 82, 95, 59, 33, 54, 61, 97, 5, 91, 48, 55, 70, 36, 62, 80, 66, 98, 75]项目工期为：314.0；项目成本为：74409.0
染色体结构为:
[9, 47, 57, 92, 39, 38, 84, 29, 27, 18, 41, 22, 86, 24, 28, 31, 94, 56, 23, 71, 53, 13, 14, 96, 67, 10, 83, 34, 40, 43, 15, 65, 49, 4, 25, 2, 74, 51, 3, 63, 12, 76, 16, 32, 64, 50, 90, 35, 21, 8, 77, 52, 78, 81, 87, 30, 72, 17, 85, 7, 37, 6, 89, 44, 11, 68, 26, 73, 1, 19, 58, 60, 69, 88, 45, 93, 46, 99, 79, 95, 100, 20, 82, 59, 42, 54, 33, 97, 48, 5, 61, 91, 70, 36, 55, 80, 62, 98, 66, 75]项目工期为：214.0；项目成本为：86371.40000000002
染色体结构为:
[38, 47, 57, 39, 9, 92, 84, 27, 22, 29, 41, 18, 28, 24, 31, 86, 94, 53, 56, 23, 13, 71, 96, 10, 14, 43, 40, 83, 67, 34, 15, 4, 65, 49, 25, 2, 51, 74, 63, 12, 3, 64, 76, 50, 16, 32, 8, 90, 35, 77, 21, 52, 78, 17, 30, 81, 85, 72, 87, 37, 7, 89, 11, 6, 44, 73, 68, 58, 26, 1, 19, 45, 69, 60, 88, 93, 46, 100, 99, 79, 95, 20, 82, 42, 54, 59, 33, 97, 48, 5, 61, 91, 70, 62, 80, 36, 66, 55, 98, 75]项目工期为：234.0；项目成本为：83227.50000000001
染色体结构为:
[57, 47, 38, 29, 92, 9, 39, 41, 27, 84, 18, 28, 31, 24, 22, 56, 23, 71, 94, 40, 86, 34, 44, 21, 11, 49, 43, 65, 14, 13, 15, 63, 25, 3, 76, 4, 74, 83, 2, 64, 10, 53, 96, 67, 35, 51, 37, 12, 16, 32, 90, 52, 8, 50, 30, 77, 78, 81, 87, 72, 17, 85, 7, 68, 6, 58, 89, 26, 19, 60, 1, 73, 45, 69, 93, 99, 88, 100, 79, 46, 20, 82, 59, 42, 54, 95, 97, 33, 5, 48, 91, 70, 61, 36, 62, 80, 55, 98, 75, 66]项目工期为：177.0；项目成本为：99722.20000000003
染色体结构为:
[47, 57, 9, 39, 29, 27, 38, 92, 84, 28, 41, 31, 23, 18, 22, 24, 86, 94, 71, 56, 40, 44, 11, 34, 21, 76, 16, 49, 83, 8, 81, 7, 85, 90, 37, 6, 13, 67, 53, 51, 64, 65, 1, 10, 74, 87, 19, 58, 5, 26, 43, 25, 96, 63, 52, 73, 45, 32, 14, 78, 50, 35, 4, 3, 15, 2, 12, 77, 30, 17, 89, 72, 42, 69, 68, 60, 88, 93, 99, 46, 95, 79, 100, 82, 20, 59, 54, 61, 48, 97, 33, 36, 91, 70, 55, 62, 80, 66, 75, 98]项目工期为：145.0；项目成本为：121796.59999999999
染色体结构为:
[57, 9, 47, 39, 38, 84, 92, 27, 22, 41, 28, 29, 86, 24, 18, 56, 94, 23, 71, 96, 31, 13, 53, 14, 10, 83, 67, 34, 43, 49, 65, 40, 4, 15, 63, 25, 74, 3, 2, 51, 64, 12, 76, 16, 32, 90, 21, 50, 8, 52, 77, 81, 35, 78, 30, 87, 72, 17, 7, 85, 44, 37, 26, 11, 68, 89, 19, 6, 45, 73, 58, 1, 93, 69, 60, 99, 100, 46, 88, 79, 82, 95, 20, 42, 59, 54, 97, 5, 61, 33, 48, 36, 91, 70, 80, 62, 55, 66, 98, 75]项目工期为：284.0；项目成本为：76677.5
染色体结构为:
[38, 47, 57, 39, 9, 92, 27, 29, 22, 41, 84, 86, 18, 24, 28, 23, 56, 31, 53, 71, 96, 13, 94, 43, 14, 83, 10, 34, 67, 49, 15, 40, 65, 4, 25, 2, 51, 74, 3, 76, 63, 12, 16, 64, 32, 90, 50, 21, 8, 35, 30, 52, 78, 81, 77, 17, 72, 37, 85, 87, 7, 6, 89, 44, 11, 26, 68, 58, 1, 19, 73, 69, 60, 88, 45, 93, 99, 46, 95, 100, 82, 79, 20, 59, 54, 42, 5, 33, 97, 48, 36, 61, 91, 55, 62, 66, 70, 80, 98, 75]项目工期为：257.0；项目成本为：79900.59999999998
染色体结构为:
[47, 57, 38, 9, 92, 39, 29, 84, 41, 28, 27, 31, 18, 23, 22, 24, 94, 86, 44, 71, 56, 11, 40, 76, 21, 16, 49, 34, 8, 83, 81, 13, 85, 90, 7, 37, 53, 67, 6, 64, 96, 51, 65, 15, 14, 25, 43, 4, 3, 63, 12, 74, 2, 35, 32, 50, 77, 30, 78, 17, 72, 87, 52, 19, 89, 45, 79, 10, 58, 54, 73, 26, 100, 68, 60, 93, 99, 69, 88, 1, 46, 20, 82, 42, 95, 59, 97, 33, 48, 61, 5, 91, 55, 36, 62, 66, 70, 98, 80, 75]项目工期为：156.0；项目成本为：113754.79999999997
染色体结构为:
[47, 38, 39, 57, 9, 92, 27, 22, 29, 84, 41, 18, 86, 24, 23, 28, 56, 71, 31, 94, 13, 96, 53, 43, 14, 83, 10, 67, 40, 34, 49, 15, 65, 4, 25, 2, 63, 74, 3, 51, 76, 12, 16, 64, 90, 32, 8, 21, 50, 35, 52, 30, 78, 81, 77, 72, 17, 85, 7, 37, 6, 87, 44, 89, 11, 26, 68, 58, 73, 19, 1, 60, 69, 45, 93, 100, 88, 99, 46, 95, 79, 20, 82, 59, 42, 54, 33, 48, 97, 5, 70, 61, 36, 91, 55, 62, 80, 98, 75, 66]项目工期为：263.0；项目成本为：78747.99999999996
染色体结构为:
[9, 38, 84, 57, 92, 47, 39, 29, 41, 18, 27, 28, 86, 22, 31, 24, 23, 94, 56, 53, 71, 13, 14, 43, 96, 3, 67, 10, 83, 34, 4, 65, 49, 25, 15, 63, 2, 74, 16, 76, 51, 12, 32, 50, 8, 90, 64, 21, 52, 77, 35, 81, 17, 30, 78, 40, 72, 85, 87, 7, 44, 6, 37, 68, 11, 26, 19, 1, 89, 58, 45, 73, 69, 93, 46, 60, 99, 100, 88, 20, 79, 42, 82, 95, 59, 54, 33, 61, 97, 5, 91, 48, 55, 70, 36, 62, 80, 66, 98, 75]项目工期为：331.0；项目成本为：73240.59999999998
染色体结构为:
[47, 57, 38, 29, 92, 39, 9, 41, 27, 84, 18, 28, 31, 22, 24, 56, 23, 71, 40, 86, 34, 94, 44, 21, 11, 49, 43, 14, 65, 13, 63, 15, 3, 25, 4, 76, 83, 74, 64, 2, 96, 10, 53, 67, 35, 37, 51, 16, 12, 32, 90, 52, 50, 8, 30, 78, 77, 81, 87, 72, 17, 85, 7, 6, 68, 58, 89, 26, 19, 1, 73, 60, 69, 45, 93, 88, 99, 100, 79, 20, 46, 82, 59, 42, 95, 33, 54, 97, 5, 61, 48, 91, 36, 70, 55, 62, 80, 98, 66, 75]项目工期为：171.0；项目成本为：101279.70000000004
染色体结构为:
[47, 38, 57, 9, 39, 92, 27, 29, 22, 84, 86, 41, 18, 24, 23, 28, 56, 31, 53, 71, 96, 13, 94, 43, 83, 67, 14, 10, 34, 49, 40, 15, 65, 4, 25, 2, 74, 51, 3, 76, 63, 12, 16, 64, 32, 90, 21, 8, 50, 35, 52, 30, 78, 77, 81, 17, 72, 85, 37, 87, 7, 6, 89, 44, 11, 68, 58, 26, 73, 19, 1, 69, 45, 60, 88, 93, 46, 99, 95, 100, 82, 79, 20, 59, 42, 54, 5, 33, 97, 48, 36, 61, 70, 91, 80, 55, 62, 98, 75, 66]项目工期为：266.0；项目成本为：78263.49999999997
染色体结构为:
[9, 47, 57, 39, 84, 38, 92, 27, 29, 22, 41, 18, 28, 24, 86, 31, 94, 56, 53, 23, 13, 71, 96, 10, 43, 14, 83, 40, 67, 34, 15, 4, 49, 65, 25, 2, 74, 51, 63, 12, 3, 76, 64, 16, 32, 50, 8, 90, 35, 21, 77, 52, 78, 30, 17, 81, 87, 85, 72, 37, 7, 6, 89, 11, 44, 68, 73, 58, 26, 1, 19, 45, 69, 60, 88, 93, 99, 46, 100, 79, 95, 82, 20, 42, 54, 59, 33, 97, 48, 61, 5, 91, 62, 70, 80, 36, 66, 98, 55, 75]项目工期为：223.0；项目成本为：84118.10000000003
染色体结构为:
[9, 57, 38, 92, 84, 47, 39, 29, 41, 18, 27, 22, 28, 24, 86, 94, 23, 53, 31, 56, 71, 14, 13, 96, 43, 3, 10, 67, 83, 34, 49, 65, 4, 15, 25, 2, 63, 74, 76, 16, 51, 12, 32, 50, 8, 90, 21, 35, 64, 77, 52, 40, 78, 17, 81, 85, 30, 72, 7, 87, 44, 6, 37, 68, 11, 26, 19, 1, 89, 58, 45, 73, 69, 93, 60, 46, 99, 100, 88, 42, 20, 79, 82, 95, 59, 33, 54, 61, 97, 5, 91, 48, 70, 55, 36, 62, 80, 66, 98, 75]项目工期为：297.0；项目成本为：74772.29999999999
染色体结构为:
[47, 38, 57, 9, 92, 39, 29, 22, 27, 84, 86, 41, 18, 28, 24, 56, 23, 31, 71, 53, 94, 96, 13, 43, 14, 83, 10, 67, 40, 34, 49, 65, 15, 4, 25, 2, 51, 74, 3, 63, 76, 12, 16, 90, 64, 32, 8, 50, 21, 35, 30, 52, 77, 81, 78, 72, 17, 85, 37, 7, 87, 6, 44, 11, 26, 89, 68, 58, 19, 73, 1, 69, 60, 45, 88, 93, 100, 46, 95, 99, 79, 82, 20, 59, 42, 61, 33, 97, 48, 54, 5, 91, 55, 62, 36, 66, 70, 98, 80, 75]项目工期为：252.0；项目成本为：80040.89999999998
染色体结构为:
[9, 38, 84, 57, 92, 39, 29, 47, 41, 27, 18, 28, 31, 22, 86, 24, 23, 94, 56, 53, 71, 13, 43, 14, 96, 3, 67, 10, 83, 34, 4, 49, 65, 25, 15, 2, 63, 74, 16, 76, 51, 12, 32, 8, 50, 90, 64, 21, 52, 35, 81, 77, 17, 30, 78, 40, 72, 87, 85, 7, 44, 6, 68, 37, 11, 26, 19, 89, 1, 58, 45, 73, 69, 93, 60, 46, 99, 100, 88, 20, 79, 42, 82, 95, 59, 54, 33, 61, 97, 5, 91, 48, 70, 55, 36, 62, 80, 66, 98, 75]项目工期为：308.0；项目成本为：74551.19999999998
染色体结构为:
[9, 47, 38, 39, 57, 84, 29, 92, 27, 18, 41, 22, 28, 31, 24, 56, 86, 94, 23, 53, 13, 71, 96, 83, 14, 10, 43, 67, 15, 40, 34, 25, 49, 4, 2, 65, 63, 51, 74, 12, 76, 3, 16, 64, 32, 90, 50, 35, 8, 21, 77, 52, 30, 17, 78, 81, 87, 85, 7, 72, 6, 37, 11, 44, 89, 68, 73, 58, 19, 26, 1, 45, 60, 69, 88, 93, 99, 46, 79, 100, 20, 95, 82, 54, 59, 42, 97, 33, 5, 48, 70, 91, 61, 80, 62, 36, 98, 55, 75, 66]项目工期为：187.0；项目成本为：94547.40000000001
染色体结构为:
[47, 57, 38, 29, 92, 39, 9, 41, 27, 84, 18, 28, 31, 22, 24, 56, 23, 40, 71, 86, 34, 94, 21, 44, 11, 49, 43, 65, 14, 63, 13, 15, 3, 25, 4, 76, 83, 74, 2, 64, 96, 10, 53, 35, 67, 51, 37, 16, 12, 32, 90, 52, 50, 8, 78, 30, 77, 81, 72, 87, 17, 7, 6, 85, 58, 68, 26, 89, 1, 19, 73, 60, 69, 45, 93, 88, 99, 79, 100, 20, 46, 82, 59, 42, 95, 33, 54, 97, 5, 61, 48, 91, 70, 55, 36, 62, 80, 98, 66, 75]项目工期为：163.0；项目成本为：109584.90000000002
染色体结构为:
[57, 9, 38, 92, 84, 47, 39, 29, 41, 27, 18, 22, 28, 86, 24, 23, 94, 53, 31, 56, 71, 13, 14, 43, 96, 3, 10, 67, 83, 34, 49, 65, 4, 15, 25, 63, 2, 74, 76, 16, 51, 32, 12, 50, 8, 90, 21, 64, 35, 77, 52, 40, 78, 81, 30, 17, 72, 85, 7, 87, 44, 37, 68, 6, 11, 19, 1, 26, 89, 58, 45, 73, 93, 69, 60, 46, 99, 100, 88, 20, 42, 79, 82, 95, 59, 33, 54, 61, 97, 5, 48, 91, 55, 70, 36, 62, 80, 98, 66, 75]项目工期为：334.0；项目成本为：73036.29999999999
染色体结构为:
[47, 9, 39, 57, 29, 27, 92, 84, 38, 41, 28, 31, 23, 18, 22, 24, 94, 86, 56, 71, 40, 44, 21, 11, 34, 76, 16, 49, 83, 81, 8, 85, 7, 90, 37, 6, 13, 67, 53, 51, 64, 65, 10, 1, 74, 87, 19, 5, 58, 26, 43, 25, 96, 63, 52, 45, 73, 14, 50, 32, 78, 35, 4, 3, 2, 15, 12, 30, 77, 89, 72, 42, 17, 69, 68, 60, 99, 88, 93, 46, 79, 95, 100, 20, 82, 59, 54, 61, 48, 97, 33, 91, 36, 70, 55, 62, 66, 75, 80, 98]项目工期为：148.0；项目成本为：121681.39999999998
染色体结构为:
[9, 47, 38, 39, 57, 84, 29, 92, 27, 18, 41, 22, 28, 31, 24, 56, 86, 94, 53, 23, 13, 71, 96, 83, 10, 14, 43, 67, 15, 40, 34, 25, 49, 4, 2, 65, 63, 51, 12, 74, 76, 3, 64, 16, 32, 90, 50, 35, 8, 21, 52, 77, 30, 17, 78, 81, 87, 85, 7, 72, 6, 37, 11, 44, 89, 68, 73, 58, 19, 26, 1, 45, 69, 60, 93, 88, 99, 46, 79, 100, 20, 95, 82, 54, 59, 42, 97, 33, 5, 48, 70, 91, 61, 80, 62, 36, 98, 55, 75, 66]项目工期为：190.0；项目成本为：94371.99999999999
染色体结构为:
[47, 38, 39, 57, 9, 92, 27, 29, 22, 84, 41, 86, 18, 23, 24, 28, 56, 71, 31, 94, 13, 96, 53, 43, 14, 83, 10, 67, 40, 34, 49, 15, 65, 4, 25, 2, 63, 74, 3, 51, 76, 12, 16, 64, 90, 32, 8, 21, 35, 50, 30, 52, 78, 81, 77, 72, 17, 85, 7, 37, 6, 87, 44, 89, 11, 26, 68, 58, 73, 19, 1, 60, 69, 45, 93, 100, 88, 99, 46, 95, 79, 20, 82, 59, 42, 54, 33, 48, 97, 5, 70, 61, 36, 91, 55, 62, 80, 75, 98, 66]项目工期为：269.0；项目成本为：77206.49999999999
染色体结构为:
[57, 9, 38, 92, 84, 39, 47, 29, 41, 27, 18, 22, 28, 86, 24, 23, 94, 53, 31, 56, 71, 13, 14, 43, 96, 3, 10, 67, 83, 49, 34, 65, 4, 15, 25, 63, 74, 2, 76, 16, 51, 32, 12, 8, 50, 90, 21, 64, 35, 77, 52, 40, 78, 81, 30, 72, 17, 85, 7, 87, 44, 68, 37, 6, 11, 19, 1, 26, 89, 58, 45, 73, 93, 69, 60, 99, 46, 100, 88, 20, 42, 79, 82, 95, 59, 33, 54, 61, 97, 5, 91, 55, 36, 48, 70, 62, 66, 80, 98, 75]项目工期为：350.0；项目成本为：73028.6
染色体结构为:
[47, 57, 9, 39, 92, 27, 38, 22, 84, 41, 28, 86, 24, 29, 56, 94, 18, 31, 23, 71, 13, 96, 14, 10, 53, 83, 34, 67, 43, 49, 40, 65, 4, 15, 25, 74, 63, 3, 2, 51, 64, 76, 12, 16, 32, 90, 21, 50, 8, 52, 77, 81, 35, 87, 30, 78, 17, 72, 85, 7, 44, 37, 6, 11, 68, 19, 89, 1, 26, 58, 45, 69, 73, 93, 60, 46, 88, 99, 100, 20, 79, 42, 95, 82, 59, 33, 61, 54, 5, 97, 48, 91, 55, 36, 70, 62, 80, 66, 98, 75]项目工期为：409.0；项目成本为：70806.99999999997
染色体结构为:
[9, 47, 38, 57, 92, 39, 27, 84, 29, 41, 18, 22, 28, 24, 86, 31, 94, 56, 23, 71, 53, 13, 96, 14, 10, 83, 67, 43, 40, 15, 34, 49, 65, 4, 74, 25, 63, 2, 3, 51, 76, 12, 64, 16, 32, 90, 50, 8, 35, 21, 77, 52, 78, 81, 30, 17, 87, 72, 85, 7, 37, 6, 89, 44, 68, 11, 26, 58, 73, 1, 69, 19, 60, 45, 88, 93, 99, 100, 46, 79, 95, 82, 42, 20, 59, 54, 33, 97, 5, 48, 91, 61, 36, 70, 55, 80, 62, 98, 66, 75]项目工期为：241.0；项目成本为：81742.90000000001
染色体结构为:
[49, 34, 47, 86, 9, 38, 57, 92, 29, 39, 27, 84, 65, 31, 28, 23, 43, 41, 15, 96, 3, 25, 13, 4, 63, 74, 2, 76, 18, 22, 94, 14, 24, 56, 12, 83, 32, 51, 16, 90, 64, 50, 8, 35, 77, 21, 52, 81, 30, 87, 78, 67, 72, 17, 85, 71, 53, 10, 37, 7, 40, 6, 89, 11, 68, 44, 26, 19, 58, 69, 1, 73, 93, 60, 45, 100, 88, 82, 99, 20, 46, 79, 59, 95, 42, 33, 48, 54, 61, 5, 36, 97, 91, 70, 62, 55, 80, 66, 75, 98]项目工期为：183.0；项目成本为：96110.8
染色体结构为:
[38, 57, 92, 84, 9, 47, 39, 41, 29, 27, 18, 22, 28, 86, 23, 24, 94, 53, 31, 56, 71, 13, 14, 96, 43, 3, 10, 83, 67, 34, 49, 65, 4, 25, 63, 15, 2, 76, 74, 16, 51, 12, 32, 50, 8, 90, 21, 64, 35, 52, 77, 40, 78, 81, 30, 17, 72, 85, 7, 44, 87, 37, 6, 68, 11, 26, 19, 1, 89, 58, 45, 73, 69, 93, 60, 99, 46, 100, 88, 20, 79, 42, 82, 95, 59, 33, 54, 61, 97, 5, 48, 91, 55, 70, 36, 62, 80, 66, 98, 75]项目工期为：321.0；项目成本为：73682.70000000001
染色体结构为:
[9, 47, 92, 38, 57, 39, 84, 27, 41, 29, 86, 18, 28, 22, 31, 94, 24, 56, 53, 23, 71, 14, 13, 96, 10, 67, 83, 40, 34, 15, 43, 4, 49, 65, 74, 25, 2, 3, 51, 76, 63, 12, 16, 32, 64, 50, 35, 90, 77, 8, 21, 81, 30, 52, 78, 87, 17, 7, 72, 85, 89, 37, 44, 6, 11, 68, 26, 58, 1, 19, 73, 60, 69, 45, 88, 46, 93, 100, 99, 95, 79, 20, 82, 59, 54, 42, 33, 5, 97, 61, 48, 70, 36, 91, 80, 55, 62, 98, 66, 75]项目工期为：211.0；项目成本为：86944.6
染色体结构为:
[96, 13, 47, 34, 57, 9, 38, 39, 92, 29, 41, 84, 28, 27, 31, 22, 23, 18, 94, 24, 44, 86, 71, 56, 11, 40, 21, 76, 49, 16, 83, 8, 81, 85, 90, 7, 37, 67, 53, 6, 64, 51, 14, 65, 15, 43, 25, 4, 3, 63, 2, 12, 74, 35, 32, 50, 77, 30, 78, 52, 17, 72, 87, 19, 45, 10, 89, 79, 54, 58, 73, 100, 26, 68, 60, 69, 93, 88, 99, 1, 46, 20, 82, 95, 59, 42, 97, 5, 33, 48, 61, 55, 91, 36, 62, 70, 66, 80, 98, 75]项目工期为：154.0；项目成本为：114973.59999999998
染色体结构为:
[38, 57, 47, 39, 9, 92, 27, 29, 41, 22, 84, 86, 18, 24, 28, 23, 56, 31, 53, 71, 96, 13, 94, 43, 14, 83, 10, 34, 67, 49, 15, 40, 65, 4, 25, 2, 51, 3, 74, 76, 63, 12, 16, 64, 32, 50, 90, 21, 8, 35, 30, 52, 78, 81, 77, 17, 72, 37, 85, 7, 87, 6, 89, 44, 11, 26, 58, 68, 1, 73, 19, 69, 60, 88, 45, 93, 99, 95, 46, 100, 82, 79, 20, 59, 54, 42, 5, 33, 97, 48, 36, 61, 91, 55, 62, 66, 70, 80, 98, 75]项目工期为：245.0；项目成本为：80166.39999999998
染色体结构为:
[57, 47, 9, 38, 29, 92, 41, 39, 84, 18, 27, 31, 28, 24, 22, 71, 23, 56, 40, 86, 94, 34, 21, 44, 11, 49, 14, 43, 65, 13, 63, 15, 25, 3, 4, 76, 74, 64, 83, 2, 53, 96, 10, 67, 35, 37, 12, 51, 16, 90, 32, 50, 8, 52, 30, 77, 81, 17, 72, 78, 85, 87, 6, 89, 7, 68, 58, 26, 73, 19, 69, 1, 60, 45, 93, 88, 99, 100, 46, 20, 79, 82, 59, 42, 95, 54, 97, 33, 5, 61, 91, 48, 36, 70, 55, 62, 80, 98, 66, 75]项目工期为：180.0；项目成本为：97932.80000000002
染色体结构为:
[47, 38, 57, 9, 39, 92, 27, 22, 29, 84, 86, 41, 18, 24, 23, 28, 56, 31, 53, 71, 96, 13, 94, 83, 43, 67, 14, 34, 10, 49, 40, 65, 15, 4, 25, 2, 74, 51, 3, 76, 63, 12, 64, 32, 16, 90, 21, 8, 50, 35, 52, 78, 30, 77, 81, 17, 72, 85, 37, 87, 7, 6, 89, 44, 11, 68, 58, 26, 73, 19, 1, 60, 45, 69, 88, 93, 46, 99, 100, 95, 79, 20, 82, 42, 59, 54, 33, 48, 97, 5, 61, 91, 80, 70, 36, 62, 66, 98, 55, 75]项目工期为：258.0；项目成本为：79786.09999999998
染色体结构为:
[9, 38, 47, 57, 39, 92, 84, 41, 18, 29, 27, 86, 22, 28, 31, 24, 23, 94, 71, 56, 43, 53, 13, 14, 10, 96, 40, 34, 83, 67, 49, 4, 65, 15, 2, 25, 3, 74, 51, 63, 76, 12, 32, 16, 50, 8, 90, 64, 21, 35, 81, 52, 77, 78, 30, 85, 72, 17, 7, 87, 37, 44, 6, 68, 11, 1, 89, 19, 26, 58, 73, 45, 93, 69, 60, 99, 46, 88, 100, 79, 20, 42, 95, 59, 82, 54, 33, 97, 5, 61, 48, 91, 55, 36, 62, 70, 66, 98, 80, 75]项目工期为：296.0；项目成本为：76516.99999999999
染色体结构为:
[57, 47, 9, 92, 39, 27, 38, 22, 41, 84, 86, 28, 24, 29, 56, 94, 18, 31, 23, 71, 13, 96, 14, 10, 53, 83, 34, 67, 49, 43, 40, 4, 65, 15, 25, 74, 3, 63, 51, 2, 64, 76, 12, 32, 16, 90, 21, 50, 8, 52, 77, 81, 35, 87, 78, 30, 17, 72, 85, 7, 44, 37, 6, 11, 68, 89, 19, 26, 1, 58, 45, 73, 69, 60, 93, 99, 88, 100, 46, 82, 95, 79, 20, 54, 42, 59, 5, 33, 97, 61, 36, 55, 48, 70, 91, 80, 62, 75, 98, 66]项目工期为：372.0；项目成本为：71871.09999999998
染色体结构为:
[47, 57, 38, 39, 92, 9, 29, 84, 41, 27, 28, 31, 18, 23, 22, 24, 94, 86, 44, 71, 56, 11, 40, 76, 21, 49, 16, 34, 83, 8, 81, 13, 85, 90, 7, 37, 67, 53, 6, 64, 96, 51, 65, 14, 15, 25, 43, 4, 3, 63, 12, 2, 74, 35, 32, 50, 30, 77, 78, 52, 72, 17, 87, 19, 89, 45, 79, 10, 58, 54, 73, 100, 26, 68, 60, 93, 69, 99, 88, 1, 46, 20, 82, 42, 95, 59, 97, 33, 48, 5, 61, 91, 36, 62, 55, 66, 70, 98, 80, 75]项目工期为：157.0；项目成本为：112238.89999999998
染色体结构为:
[47, 57, 38, 9, 29, 92, 39, 41, 27, 18, 84, 31, 28, 24, 56, 23, 22, 71, 40, 94, 86, 34, 21, 11, 44, 49, 43, 65, 13, 63, 14, 25, 3, 15, 76, 83, 4, 74, 64, 2, 10, 96, 53, 35, 37, 51, 67, 12, 16, 32, 90, 8, 50, 52, 30, 77, 78, 87, 81, 72, 17, 85, 7, 6, 68, 58, 19, 26, 89, 1, 73, 60, 45, 69, 93, 88, 99, 100, 79, 20, 59, 46, 82, 42, 95, 33, 54, 97, 61, 5, 48, 91, 36, 70, 55, 62, 80, 98, 66, 75]项目工期为：165.0；项目成本为：104940.29999999999
染色体结构为:
[9, 47, 92, 57, 39, 38, 84, 27, 41, 29, 86, 18, 28, 22, 31, 94, 24, 56, 71, 53, 23, 14, 13, 96, 10, 67, 83, 34, 40, 15, 43, 4, 49, 65, 74, 25, 3, 2, 51, 63, 76, 12, 16, 32, 50, 64, 90, 8, 35, 21, 52, 77, 81, 30, 78, 87, 17, 72, 7, 85, 89, 37, 6, 44, 11, 68, 26, 58, 1, 73, 19, 60, 69, 45, 88, 93, 46, 99, 100, 79, 95, 20, 82, 59, 54, 42, 33, 5, 97, 61, 48, 70, 91, 36, 80, 55, 62, 98, 66, 75]项目工期为：201.0；项目成本为：91295.90000000001
染色体结构为:
[47, 9, 38, 39, 57, 84, 92, 29, 27, 41, 18, 22, 28, 31, 24, 56, 86, 94, 23, 53, 13, 71, 14, 96, 83, 10, 43, 40, 67, 15, 34, 25, 49, 4, 2, 65, 63, 51, 12, 74, 3, 76, 16, 64, 32, 90, 35, 50, 8, 21, 77, 52, 30, 17, 78, 81, 87, 85, 7, 72, 37, 6, 11, 44, 89, 68, 73, 26, 19, 58, 1, 45, 60, 69, 93, 88, 99, 46, 79, 100, 20, 95, 82, 54, 59, 42, 97, 33, 48, 5, 61, 70, 80, 91, 62, 36, 98, 55, 75, 66]项目工期为：198.0；项目成本为：91782.50000000001
染色体结构为:
[47, 57, 38, 39, 29, 92, 9, 84, 22, 27, 41, 86, 18, 28, 24, 23, 56, 31, 71, 53, 96, 94, 14, 43, 13, 67, 40, 34, 10, 83, 49, 4, 25, 65, 15, 51, 74, 2, 3, 63, 76, 12, 64, 16, 32, 90, 50, 8, 21, 35, 30, 52, 77, 78, 81, 17, 72, 85, 87, 7, 37, 6, 44, 89, 11, 68, 26, 19, 73, 60, 69, 58, 45, 1, 88, 93, 100, 46, 99, 95, 79, 82, 20, 59, 54, 42, 33, 97, 5, 48, 70, 36, 61, 91, 55, 62, 98, 80, 66, 75]项目工期为：259.0；项目成本为：79033.7
染色体结构为:
[57, 47, 38, 29, 92, 9, 39, 41, 27, 84, 18, 28, 31, 22, 24, 23, 56, 71, 40, 86, 94, 44, 34, 21, 49, 11, 43, 14, 13, 65, 15, 63, 76, 25, 4, 3, 64, 83, 74, 2, 53, 10, 35, 96, 51, 37, 67, 12, 16, 32, 90, 52, 8, 50, 30, 77, 78, 81, 87, 72, 85, 17, 68, 7, 6, 58, 89, 26, 19, 60, 1, 73, 69, 45, 93, 99, 100, 88, 79, 20, 46, 82, 42, 59, 95, 33, 97, 54, 5, 48, 61, 91, 70, 36, 80, 55, 62, 98, 75, 66]项目工期为：170.0；项目成本为：101637.29999999999
染色体结构为:
[47, 57, 9, 39, 27, 92, 38, 22, 84, 41, 28, 24, 29, 86, 56, 94, 18, 23, 31, 71, 13, 96, 14, 10, 53, 83, 67, 34, 43, 49, 40, 65, 4, 15, 25, 63, 74, 2, 3, 51, 64, 12, 76, 16, 32, 90, 21, 50, 8, 52, 77, 81, 35, 87, 30, 78, 17, 72, 85, 7, 37, 44, 6, 11, 68, 19, 89, 1, 26, 58, 45, 73, 69, 93, 60, 46, 99, 88, 100, 20, 79, 42, 95, 82, 59, 33, 61, 54, 97, 5, 48, 91, 55, 36, 62, 70, 80, 66, 98, 75]项目工期为：382.0；项目成本为：71129.49999999997
染色体结构为:
[84, 9, 57, 38, 92, 47, 29, 39, 18, 41, 27, 28, 86, 22, 31, 24, 23, 94, 56, 53, 71, 13, 43, 14, 96, 3, 67, 10, 34, 83, 4, 49, 65, 63, 25, 15, 2, 74, 76, 16, 51, 12, 32, 8, 50, 90, 64, 21, 77, 52, 35, 81, 17, 78, 30, 40, 72, 85, 7, 87, 6, 44, 68, 37, 11, 19, 26, 1, 89, 45, 58, 73, 93, 69, 46, 60, 99, 100, 88, 20, 42, 79, 82, 95, 59, 54, 61, 33, 97, 5, 91, 48, 70, 62, 36, 98, 80, 75, 66, 55]项目工期为：291.0；项目成本为：76633.09999999999
MID=0.4228629373061831
DM=50990.2834289044
SNS=0.24399918988784997
SM=0.7524753100753401
8.293010135858131E-6
66
共计用时：7秒
