染色体结构为:
[76, 3, 56, 24, 78, 35, 41, 89, 26, 23, 28, 72, 94, 55, 20, 25, 62, 13, 91, 49, 9, 47, 1, 87, 70, 48, 6, 29, 40, 86, 74, 27, 18, 22, 75, 67, 51, 79, 66, 53, 11, 19, 32, 50, 21, 77, 82, 10, 43, 39, 93, 73, 5, 8, 34, 100, 2, 15, 46, 95, 88, 37, 36, 31, 81, 7, 17, 52, 90, 63, 71, 68, 59, 57, 38, 54, 96, 98, 99, 14, 45, 65, 80, 92, 58, 83, 97, 85, 64, 44, 33, 16, 69, 4, 42, 61, 30, 12, 84, 60]项目工期为：186.0；项目成本为：123899.09999999996
染色体结构为:
[3, 76, 56, 78, 24, 41, 39, 35, 31, 43, 89, 73, 94, 25, 90, 50, 51, 38, 81, 11, 2, 93, 26, 1, 28, 37, 9, 16, 21, 53, 15, 7, 10, 23, 6, 75, 82, 20, 17, 91, 8, 46, 12, 49, 42, 34, 4, 22, 59, 29, 80, 87, 83, 63, 5, 67, 58, 45, 19, 72, 79, 32, 64, 27, 85, 13, 18, 36, 100, 44, 61, 62, 70, 99, 55, 66, 88, 52, 40, 30, 47, 48, 92, 86, 84, 68, 71, 60, 77, 74, 95, 96, 98, 33, 54, 14, 69, 57, 97, 65]项目工期为：209.0；项目成本为：115530.60000000002
染色体结构为:
[3, 78, 76, 24, 41, 35, 56, 89, 73, 43, 31, 39, 50, 90, 94, 91, 25, 93, 51, 9, 72, 28, 75, 37, 21, 82, 19, 2, 49, 11, 63, 23, 27, 7, 64, 1, 80, 46, 5, 58, 6, 13, 18, 8, 34, 22, 53, 79, 100, 99, 85, 16, 38, 40, 67, 29, 15, 4, 88, 36, 87, 45, 42, 48, 32, 12, 62, 44, 55, 66, 61, 52, 20, 77, 70, 17, 26, 33, 86, 10, 54, 74, 68, 98, 59, 81, 95, 30, 47, 83, 60, 14, 84, 92, 71, 96, 57, 69, 97, 65]项目工期为：279.0；项目成本为：93133.89999999998
染色体结构为:
[3, 78, 76, 56, 24, 41, 35, 39, 43, 89, 73, 31, 94, 25, 50, 90, 51, 81, 2, 11, 93, 38, 26, 1, 37, 28, 16, 9, 53, 21, 15, 23, 7, 10, 75, 6, 20, 91, 82, 17, 8, 46, 49, 12, 42, 34, 4, 59, 29, 22, 80, 63, 83, 87, 67, 5, 58, 19, 45, 72, 79, 13, 32, 64, 85, 18, 27, 36, 44, 100, 61, 62, 55, 70, 99, 66, 52, 88, 30, 40, 47, 84, 48, 92, 86, 68, 71, 60, 74, 77, 96, 95, 33, 98, 14, 57, 54, 97, 69, 65]项目工期为：207.0；项目成本为：116915.70000000001
染色体结构为:
[3, 76, 78, 24, 56, 41, 35, 39, 89, 31, 43, 73, 90, 50, 25, 38, 94, 81, 51, 11, 93, 2, 26, 37, 1, 28, 16, 9, 53, 21, 10, 15, 23, 7, 75, 6, 82, 17, 20, 91, 49, 46, 8, 4, 42, 12, 34, 22, 80, 59, 29, 87, 83, 63, 58, 67, 5, 72, 19, 32, 45, 13, 79, 64, 85, 68, 52, 98, 88, 40, 18, 27, 36, 44, 100, 61, 62, 70, 55, 99, 30, 66, 48, 47, 84, 92, 86, 60, 71, 74, 96, 77, 95, 33, 14, 57, 54, 69, 97, 65]项目工期为：216.0；项目成本为：111602.5
染色体结构为:
[3, 78, 76, 24, 35, 56, 41, 39, 43, 89, 73, 94, 31, 25, 90, 50, 81, 51, 11, 2, 93, 38, 1, 26, 28, 37, 16, 9, 53, 21, 15, 23, 7, 75, 6, 10, 82, 20, 91, 17, 8, 49, 12, 46, 42, 34, 59, 4, 29, 22, 83, 80, 87, 63, 5, 67, 58, 45, 19, 72, 13, 79, 32, 64, 27, 85, 36, 44, 18, 100, 61, 62, 55, 70, 99, 66, 52, 88, 30, 47, 40, 48, 84, 86, 92, 71, 68, 60, 74, 77, 95, 96, 33, 98, 14, 57, 54, 69, 97, 65]项目工期为：210.0；项目成本为：114665.90000000004
染色体结构为:
[76, 56, 3, 78, 24, 35, 41, 89, 26, 23, 28, 72, 94, 55, 20, 25, 62, 13, 91, 49, 9, 47, 1, 87, 70, 48, 6, 29, 40, 86, 74, 27, 18, 22, 75, 67, 51, 79, 66, 53, 11, 32, 19, 50, 21, 77, 82, 10, 43, 39, 93, 73, 5, 8, 34, 100, 2, 15, 46, 95, 88, 37, 36, 31, 81, 7, 17, 52, 90, 63, 71, 68, 59, 57, 38, 96, 54, 98, 14, 99, 45, 65, 80, 92, 58, 83, 97, 85, 64, 33, 44, 16, 69, 4, 42, 61, 30, 12, 84, 60]项目工期为：185.0；项目成本为：125073.49999999997
染色体结构为:
[28, 19, 82, 93, 75, 94, 72, 49, 2, 56, 37, 3, 11, 24, 78, 76, 41, 35, 39, 89, 31, 73, 43, 25, 90, 50, 38, 51, 81, 1, 10, 26, 53, 7, 16, 15, 21, 23, 9, 6, 17, 8, 20, 91, 46, 34, 4, 42, 12, 22, 80, 59, 83, 63, 29, 5, 58, 87, 67, 45, 32, 13, 79, 85, 27, 64, 44, 18, 36, 62, 61, 55, 100, 66, 70, 99, 40, 88, 52, 48, 30, 47, 92, 84, 71, 86, 68, 60, 77, 74, 96, 95, 57, 54, 98, 65, 14, 33, 69, 97]项目工期为：200.0；项目成本为：118392.60000000002
染色体结构为:
[28, 93, 19, 75, 82, 72, 94, 2, 49, 56, 37, 3, 76, 11, 78, 24, 35, 39, 41, 89, 73, 31, 90, 50, 43, 25, 81, 38, 51, 1, 16, 53, 26, 10, 21, 15, 23, 9, 7, 6, 20, 17, 91, 8, 34, 46, 4, 12, 42, 80, 22, 29, 58, 59, 83, 63, 87, 45, 5, 79, 67, 32, 64, 85, 13, 27, 18, 44, 61, 36, 100, 62, 70, 55, 99, 66, 52, 88, 48, 40, 30, 84, 47, 86, 92, 68, 71, 60, 74, 95, 77, 96, 57, 54, 98, 65, 14, 97, 33, 69]项目工期为：212.0；项目成本为：113936.40000000002
染色体结构为:
[28, 93, 19, 82, 75, 94, 72, 2, 49, 37, 56, 76, 3, 11, 78, 24, 39, 89, 41, 31, 35, 73, 90, 25, 50, 43, 81, 51, 1, 38, 26, 10, 53, 16, 7, 21, 15, 23, 9, 6, 20, 8, 17, 91, 46, 34, 4, 12, 22, 42, 80, 59, 29, 58, 83, 63, 5, 87, 45, 67, 32, 79, 64, 13, 85, 27, 44, 36, 18, 61, 62, 55, 100, 70, 66, 40, 52, 99, 88, 30, 48, 84, 92, 86, 47, 60, 68, 71, 74, 77, 57, 95, 96, 65, 98, 14, 54, 97, 69, 33]项目工期为：199.0；项目成本为：118746.7
染色体结构为:
[28, 93, 78, 41, 3, 56, 76, 19, 24, 35, 89, 39, 43, 31, 73, 90, 50, 94, 25, 91, 51, 9, 75, 72, 37, 82, 21, 2, 11, 49, 23, 63, 7, 27, 1, 46, 80, 6, 64, 58, 5, 8, 18, 13, 34, 22, 53, 100, 79, 99, 85, 38, 16, 40, 67, 29, 15, 4, 36, 88, 87, 45, 42, 48, 62, 32, 44, 12, 55, 61, 66, 52, 20, 77, 10, 70, 17, 26, 33, 86, 74, 54, 68, 98, 59, 95, 81, 30, 47, 83, 84, 14, 60, 69, 92, 71, 57, 97, 96, 65]项目工期为：318.0；项目成本为：86260.59999999996
染色体结构为:
[3, 76, 56, 24, 78, 41, 39, 43, 35, 31, 89, 73, 25, 94, 90, 50, 51, 38, 81, 11, 2, 26, 93, 28, 37, 1, 9, 16, 53, 21, 15, 7, 10, 75, 23, 82, 6, 20, 91, 17, 8, 46, 12, 49, 34, 42, 22, 4, 59, 29, 80, 87, 83, 63, 5, 58, 67, 19, 45, 79, 72, 32, 27, 85, 64, 13, 18, 36, 100, 44, 61, 62, 70, 99, 55, 66, 88, 40, 52, 47, 30, 48, 92, 84, 68, 71, 86, 77, 60, 74, 95, 96, 98, 33, 54, 14, 57, 69, 65, 97]项目工期为：208.0；项目成本为：115710.60000000002
染色体结构为:
[3, 78, 76, 24, 35, 28, 82, 75, 19, 93, 94, 72, 49, 2, 56, 11, 37, 41, 89, 39, 31, 73, 43, 50, 90, 38, 25, 81, 1, 51, 10, 26, 53, 16, 7, 15, 23, 21, 6, 17, 8, 9, 91, 20, 46, 34, 4, 12, 22, 42, 80, 83, 59, 63, 29, 58, 5, 87, 67, 45, 32, 13, 79, 85, 27, 64, 18, 44, 36, 61, 62, 55, 100, 66, 99, 70, 40, 88, 30, 52, 48, 47, 92, 71, 84, 86, 60, 68, 74, 77, 95, 96, 57, 54, 65, 14, 33, 98, 97, 69]项目工期为：188.0；项目成本为：122289.2
染色体结构为:
[3, 76, 78, 24, 56, 41, 35, 39, 89, 31, 43, 73, 50, 90, 25, 38, 94, 81, 51, 93, 11, 2, 26, 37, 1, 28, 16, 9, 53, 21, 15, 10, 23, 7, 75, 6, 82, 17, 20, 49, 46, 91, 8, 42, 4, 12, 34, 22, 80, 29, 59, 87, 83, 63, 67, 58, 72, 5, 19, 45, 32, 79, 13, 64, 85, 68, 52, 98, 88, 40, 18, 27, 36, 44, 100, 61, 62, 70, 55, 99, 30, 66, 48, 47, 84, 92, 86, 60, 71, 74, 96, 77, 95, 33, 14, 57, 54, 69, 97, 65]项目工期为：214.0；项目成本为：113873.20000000001
染色体结构为:
[28, 93, 19, 82, 75, 2, 72, 94, 49, 37, 3, 76, 56, 11, 78, 39, 24, 89, 41, 73, 35, 31, 90, 25, 50, 43, 1, 81, 51, 38, 10, 53, 26, 7, 16, 15, 21, 9, 23, 17, 6, 20, 8, 91, 46, 34, 4, 12, 22, 42, 80, 29, 59, 58, 87, 83, 5, 45, 63, 32, 67, 79, 13, 85, 64, 44, 27, 36, 18, 62, 61, 55, 70, 100, 66, 52, 40, 99, 88, 30, 48, 92, 84, 86, 47, 60, 68, 77, 33, 74, 98, 54, 95, 14, 69, 57, 71, 96, 97, 65]项目工期为：203.0；项目成本为：117139.7
染色体结构为:
[3, 76, 78, 56, 24, 41, 35, 89, 39, 31, 73, 43, 90, 25, 50, 81, 38, 94, 51, 93, 2, 26, 11, 28, 37, 1, 9, 16, 21, 53, 10, 15, 7, 75, 23, 6, 17, 82, 91, 20, 46, 8, 12, 49, 22, 4, 42, 34, 80, 29, 59, 83, 87, 58, 63, 5, 67, 19, 72, 32, 13, 45, 85, 79, 64, 68, 98, 88, 52, 40, 27, 18, 44, 61, 36, 62, 100, 70, 99, 55, 48, 66, 30, 47, 84, 86, 92, 71, 60, 96, 77, 95, 74, 33, 57, 54, 14, 69, 65, 97]项目工期为：220.0；项目成本为：110189.90000000002
染色体结构为:
[93, 78, 28, 41, 3, 76, 56, 89, 19, 35, 39, 24, 73, 43, 31, 90, 25, 91, 94, 50, 75, 51, 9, 37, 72, 21, 82, 2, 49, 23, 11, 63, 27, 64, 7, 1, 46, 80, 6, 5, 8, 58, 13, 18, 79, 34, 100, 53, 85, 38, 99, 16, 22, 4, 40, 29, 67, 36, 42, 88, 15, 87, 32, 45, 48, 62, 44, 55, 66, 12, 77, 52, 61, 20, 10, 17, 70, 33, 26, 54, 86, 68, 74, 59, 98, 95, 47, 81, 83, 30, 84, 60, 14, 69, 92, 71, 57, 97, 96, 65]项目工期为：333.0；项目成本为：83390.19999999995
染色体结构为:
[93, 28, 78, 19, 41, 3, 76, 35, 24, 89, 56, 31, 73, 39, 50, 90, 25, 94, 43, 91, 51, 9, 72, 75, 82, 37, 21, 11, 2, 49, 23, 7, 27, 63, 46, 64, 1, 80, 6, 5, 13, 18, 8, 58, 34, 100, 85, 53, 22, 79, 38, 99, 16, 40, 67, 29, 15, 4, 87, 36, 42, 88, 45, 62, 48, 32, 12, 55, 44, 66, 61, 52, 20, 10, 77, 70, 17, 26, 54, 86, 33, 68, 74, 59, 98, 95, 30, 83, 81, 47, 60, 84, 14, 92, 69, 57, 71, 65, 97, 96]项目工期为：250.0；项目成本为：101616.99999999996
染色体结构为:
[93, 82, 19, 28, 75, 72, 94, 2, 37, 49, 56, 11, 21, 7, 1, 63, 25, 64, 32, 23, 79, 35, 73, 6, 26, 62, 29, 12, 87, 80, 13, 38, 9, 86, 43, 8, 34, 24, 70, 55, 33, 99, 3, 67, 39, 45, 17, 41, 44, 61, 54, 74, 20, 53, 4, 51, 10, 18, 50, 40, 77, 46, 91, 31, 88, 22, 16, 89, 100, 78, 15, 27, 5, 42, 59, 76, 83, 48, 90, 95, 47, 58, 30, 14, 85, 52, 81, 66, 60, 36, 71, 96, 68, 98, 65, 57, 84, 97, 69, 92]项目工期为：181.0；项目成本为：128055.30000000002
染色体结构为:
[28, 93, 19, 82, 75, 2, 72, 94, 49, 37, 3, 76, 56, 11, 78, 39, 24, 89, 73, 41, 31, 35, 90, 25, 50, 43, 1, 81, 38, 51, 10, 53, 26, 16, 7, 15, 21, 9, 23, 6, 20, 17, 8, 46, 34, 4, 91, 12, 22, 42, 29, 80, 59, 58, 83, 63, 87, 45, 5, 32, 67, 79, 13, 85, 64, 27, 44, 36, 18, 61, 62, 100, 55, 70, 40, 66, 52, 99, 88, 48, 30, 92, 84, 86, 47, 60, 68, 77, 33, 74, 98, 54, 95, 14, 69, 71, 96, 57, 97, 65]项目工期为：204.0；项目成本为：117120.1
染色体结构为:
[28, 93, 78, 41, 3, 76, 56, 19, 24, 35, 89, 39, 43, 31, 73, 90, 50, 94, 25, 51, 81, 38, 91, 72, 9, 82, 75, 37, 2, 21, 11, 49, 63, 7, 27, 23, 64, 46, 80, 1, 6, 58, 5, 13, 34, 18, 8, 100, 79, 53, 99, 22, 85, 16, 29, 67, 40, 15, 4, 36, 88, 87, 45, 42, 48, 32, 62, 12, 44, 55, 61, 52, 66, 20, 70, 10, 77, 17, 26, 86, 33, 54, 74, 59, 68, 98, 30, 95, 83, 47, 84, 60, 14, 92, 57, 69, 71, 97, 65, 96]项目工期为：290.0；项目成本为：89931.79999999997
染色体结构为:
[3, 76, 78, 24, 35, 28, 75, 82, 19, 93, 94, 72, 49, 2, 41, 56, 73, 31, 89, 39, 50, 43, 25, 91, 90, 37, 51, 9, 21, 23, 11, 7, 63, 27, 64, 46, 1, 80, 5, 58, 6, 13, 18, 8, 34, 53, 100, 22, 79, 85, 99, 38, 16, 29, 40, 67, 15, 36, 88, 4, 87, 45, 42, 48, 32, 12, 62, 55, 44, 52, 66, 61, 77, 20, 70, 10, 17, 26, 86, 54, 74, 33, 68, 98, 59, 95, 30, 81, 83, 47, 84, 60, 14, 92, 71, 69, 96, 65, 57, 97]项目工期为：238.0；项目成本为：104357.19999999997
染色体结构为:
[3, 76, 78, 56, 24, 35, 41, 39, 89, 73, 31, 43, 90, 25, 50, 81, 94, 38, 51, 93, 11, 26, 2, 37, 28, 9, 1, 16, 21, 53, 10, 15, 75, 7, 23, 6, 17, 20, 82, 91, 46, 8, 49, 12, 4, 22, 34, 42, 80, 87, 59, 29, 83, 58, 63, 67, 5, 19, 32, 72, 45, 13, 79, 85, 64, 68, 98, 88, 52, 40, 27, 18, 36, 44, 61, 62, 100, 70, 99, 55, 66, 30, 48, 47, 84, 92, 86, 71, 60, 74, 96, 77, 95, 33, 14, 57, 54, 69, 65, 97]项目工期为：228.0；项目成本为：108021.00000000001
染色体结构为:
[93, 78, 28, 19, 3, 41, 76, 56, 24, 39, 31, 35, 43, 89, 94, 25, 73, 50, 51, 81, 90, 9, 1, 32, 15, 8, 79, 75, 82, 72, 2, 37, 49, 11, 26, 38, 16, 10, 53, 23, 21, 7, 17, 6, 91, 20, 12, 4, 34, 80, 22, 46, 42, 29, 58, 83, 59, 63, 87, 5, 45, 67, 64, 85, 13, 27, 18, 44, 61, 36, 62, 100, 70, 55, 99, 66, 40, 52, 88, 30, 48, 47, 86, 84, 92, 71, 68, 74, 95, 77, 60, 96, 65, 57, 54, 14, 98, 97, 69, 33]项目工期为：215.0；项目成本为：111997.30000000003
染色体结构为:
[3, 76, 78, 24, 56, 35, 39, 41, 89, 31, 73, 43, 90, 25, 94, 50, 81, 38, 51, 93, 2, 11, 26, 37, 28, 1, 9, 16, 53, 21, 10, 15, 7, 23, 75, 6, 17, 82, 20, 91, 46, 49, 8, 12, 4, 34, 22, 42, 80, 59, 87, 29, 83, 58, 63, 67, 5, 72, 19, 32, 45, 13, 79, 64, 85, 68, 98, 52, 88, 40, 27, 18, 44, 36, 61, 62, 100, 70, 55, 66, 99, 30, 48, 47, 84, 92, 86, 71, 74, 60, 96, 77, 95, 33, 14, 57, 54, 69, 97, 65]项目工期为：237.0；项目成本为：105181.70000000001
染色体结构为:
[28, 19, 93, 75, 94, 82, 72, 2, 49, 37, 56, 76, 3, 11, 24, 78, 39, 89, 41, 31, 35, 73, 90, 25, 43, 50, 51, 81, 1, 38, 10, 26, 53, 16, 7, 15, 21, 23, 9, 6, 20, 8, 17, 91, 46, 34, 4, 12, 22, 42, 59, 80, 58, 29, 83, 63, 5, 87, 45, 67, 32, 79, 64, 13, 85, 27, 44, 36, 18, 61, 62, 55, 100, 66, 70, 40, 52, 99, 88, 30, 48, 84, 92, 86, 60, 47, 68, 74, 71, 77, 57, 95, 96, 65, 98, 14, 97, 54, 69, 33]项目工期为：199.0；项目成本为：118746.7
染色体结构为:
[78, 93, 28, 19, 3, 76, 41, 56, 35, 39, 89, 24, 43, 31, 73, 90, 25, 91, 94, 75, 50, 51, 37, 72, 9, 21, 82, 2, 49, 23, 11, 63, 64, 27, 1, 7, 46, 80, 6, 8, 5, 13, 58, 18, 34, 53, 79, 100, 85, 38, 99, 22, 16, 4, 40, 29, 67, 15, 36, 42, 88, 87, 32, 45, 48, 12, 62, 44, 55, 66, 61, 77, 52, 20, 10, 70, 17, 33, 26, 54, 86, 74, 68, 59, 98, 47, 95, 81, 83, 30, 60, 84, 14, 92, 71, 69, 57, 97, 96, 65]项目工期为：321.0；项目成本为：85082.69999999997
染色体结构为:
[56, 76, 78, 3, 35, 24, 41, 89, 31, 39, 73, 43, 90, 94, 51, 50, 25, 38, 81, 93, 26, 2, 11, 1, 37, 28, 16, 9, 7, 53, 10, 15, 21, 75, 6, 23, 82, 17, 8, 20, 91, 46, 19, 72, 49, 4, 34, 12, 22, 59, 42, 80, 58, 83, 29, 87, 63, 5, 32, 45, 79, 67, 64, 13, 27, 18, 85, 99, 40, 100, 88, 48, 36, 62, 44, 55, 61, 66, 52, 70, 77, 86, 74, 33, 68, 98, 54, 30, 95, 60, 47, 84, 14, 69, 92, 71, 96, 57, 65, 97]项目工期为：245.0；项目成本为：102040.4
染色体结构为:
[93, 78, 19, 28, 3, 56, 76, 41, 35, 89, 24, 39, 31, 43, 73, 90, 25, 91, 94, 75, 50, 51, 37, 9, 72, 82, 21, 2, 11, 49, 63, 23, 64, 27, 46, 1, 7, 80, 6, 5, 8, 13, 58, 34, 18, 53, 79, 100, 85, 22, 38, 99, 16, 4, 40, 29, 67, 36, 15, 88, 87, 42, 32, 48, 45, 12, 62, 44, 55, 66, 77, 52, 61, 20, 70, 10, 17, 33, 26, 54, 86, 74, 68, 59, 98, 95, 47, 81, 30, 83, 84, 60, 14, 69, 71, 92, 57, 96, 97, 65]项目工期为：312.0；项目成本为：86790.39999999997
染色体结构为:
[3, 76, 78, 24, 56, 35, 41, 39, 89, 73, 43, 90, 31, 94, 25, 81, 50, 51, 38, 93, 11, 2, 26, 28, 37, 9, 1, 16, 21, 53, 10, 75, 15, 7, 23, 6, 17, 20, 82, 91, 46, 8, 49, 12, 4, 22, 34, 42, 80, 59, 87, 29, 83, 58, 63, 67, 19, 5, 32, 72, 45, 13, 79, 85, 64, 68, 98, 88, 52, 27, 40, 18, 36, 44, 62, 100, 70, 61, 99, 55, 66, 30, 48, 47, 84, 86, 92, 71, 60, 74, 96, 77, 95, 33, 14, 57, 54, 65, 69, 97]项目工期为：231.0；项目成本为：105732.80000000002
染色体结构为:
[56, 76, 78, 3, 35, 24, 41, 89, 31, 39, 73, 43, 90, 94, 50, 51, 25, 38, 93, 81, 26, 2, 1, 11, 37, 16, 28, 9, 7, 53, 10, 15, 21, 75, 23, 6, 82, 17, 20, 91, 8, 46, 19, 49, 72, 4, 34, 22, 12, 59, 42, 80, 58, 83, 29, 87, 63, 32, 45, 5, 79, 67, 64, 18, 13, 85, 27, 100, 99, 40, 88, 48, 36, 62, 44, 55, 61, 52, 66, 70, 77, 33, 86, 74, 68, 98, 54, 30, 95, 60, 47, 84, 14, 69, 92, 71, 57, 96, 65, 97]项目工期为：249.0；项目成本为：101617.10000000002
染色体结构为:
[93, 78, 28, 56, 3, 19, 76, 35, 41, 89, 39, 24, 43, 31, 73, 90, 25, 91, 94, 50, 75, 51, 37, 9, 72, 21, 2, 82, 49, 23, 11, 63, 64, 27, 7, 1, 80, 46, 5, 6, 58, 8, 13, 18, 34, 53, 79, 100, 85, 38, 22, 99, 16, 4, 40, 29, 67, 36, 15, 42, 88, 87, 32, 45, 12, 48, 62, 44, 55, 66, 77, 52, 61, 10, 70, 20, 17, 33, 26, 86, 74, 54, 68, 59, 98, 95, 47, 81, 83, 30, 84, 60, 14, 69, 92, 71, 57, 97, 96, 65]项目工期为：343.0；项目成本为：81173.39999999998
染色体结构为:
[93, 3, 28, 75, 82, 19, 94, 72, 49, 2, 37, 11, 56, 7, 21, 1, 32, 25, 64, 63, 23, 35, 79, 29, 73, 87, 62, 6, 26, 9, 12, 13, 86, 38, 80, 8, 70, 24, 43, 34, 99, 33, 67, 39, 55, 45, 17, 54, 44, 61, 20, 53, 74, 41, 51, 4, 18, 46, 10, 50, 77, 31, 91, 40, 88, 16, 22, 5, 89, 15, 100, 78, 83, 27, 42, 59, 90, 76, 48, 47, 95, 58, 85, 14, 30, 66, 52, 60, 81, 71, 96, 68, 36, 98, 57, 65, 97, 84, 92, 69]项目工期为：168.0；项目成本为：133958.99999999997
染色体结构为:
[28, 19, 82, 93, 75, 94, 49, 72, 2, 56, 3, 37, 11, 78, 24, 76, 41, 35, 39, 89, 31, 73, 90, 43, 25, 38, 50, 51, 81, 10, 1, 26, 53, 7, 15, 16, 23, 21, 9, 6, 17, 8, 20, 91, 46, 34, 4, 12, 42, 22, 80, 83, 59, 63, 29, 58, 5, 87, 67, 45, 32, 13, 79, 85, 27, 64, 18, 44, 36, 61, 62, 55, 100, 66, 70, 99, 40, 88, 52, 48, 30, 47, 92, 84, 86, 71, 60, 68, 74, 96, 77, 95, 57, 54, 65, 98, 14, 97, 33, 69]项目工期为：196.0；项目成本为：120372.8
染色体结构为:
[93, 78, 28, 19, 3, 56, 41, 76, 35, 89, 39, 24, 43, 31, 73, 90, 25, 91, 50, 75, 51, 94, 9, 37, 21, 72, 82, 49, 2, 23, 11, 64, 63, 27, 1, 7, 46, 80, 8, 6, 5, 13, 58, 18, 34, 53, 79, 85, 100, 38, 22, 16, 99, 40, 29, 4, 67, 36, 88, 15, 42, 87, 32, 45, 12, 62, 48, 44, 55, 66, 77, 61, 10, 52, 20, 70, 33, 17, 26, 86, 74, 54, 68, 98, 59, 47, 95, 81, 83, 30, 84, 60, 69, 92, 71, 57, 14, 97, 65, 96]项目工期为：308.0；项目成本为：87001.19999999997
染色体结构为:
[93, 78, 19, 28, 56, 3, 76, 41, 89, 35, 24, 39, 43, 31, 73, 25, 90, 91, 94, 75, 50, 51, 9, 37, 21, 72, 2, 82, 49, 23, 11, 63, 64, 27, 7, 1, 46, 80, 5, 6, 8, 58, 18, 13, 34, 53, 79, 100, 85, 38, 22, 99, 16, 4, 40, 29, 36, 67, 15, 42, 88, 87, 32, 45, 48, 12, 62, 44, 55, 66, 52, 77, 61, 20, 10, 70, 17, 33, 26, 54, 86, 74, 68, 59, 98, 47, 95, 81, 30, 83, 84, 60, 14, 69, 71, 92, 57, 97, 96, 65]项目工期为：329.0；项目成本为：83988.49999999996
染色体结构为:
[93, 28, 78, 19, 56, 41, 3, 76, 35, 89, 24, 73, 31, 39, 43, 94, 90, 25, 50, 91, 51, 9, 37, 75, 82, 21, 72, 2, 11, 49, 23, 63, 27, 7, 46, 64, 1, 80, 5, 6, 58, 13, 18, 53, 8, 34, 100, 22, 99, 79, 85, 16, 40, 29, 38, 67, 4, 15, 87, 36, 88, 45, 48, 12, 42, 32, 44, 62, 55, 66, 77, 52, 61, 20, 70, 10, 17, 33, 26, 86, 54, 74, 68, 59, 98, 47, 95, 81, 83, 30, 84, 60, 14, 69, 71, 92, 57, 97, 96, 65]项目工期为：299.0；项目成本为：88480.89999999997
染色体结构为:
[28, 93, 19, 75, 82, 72, 94, 2, 37, 49, 11, 56, 7, 21, 1, 32, 64, 63, 25, 23, 35, 79, 29, 73, 6, 62, 87, 26, 9, 38, 12, 13, 80, 86, 8, 70, 43, 34, 24, 99, 33, 67, 3, 39, 17, 55, 45, 44, 54, 61, 20, 41, 53, 74, 18, 51, 4, 50, 46, 10, 77, 91, 31, 40, 88, 16, 5, 22, 15, 89, 100, 27, 83, 78, 42, 59, 76, 90, 48, 95, 47, 58, 14, 85, 30, 66, 52, 60, 71, 96, 81, 36, 57, 68, 98, 65, 97, 92, 84, 69]项目工期为：167.0；项目成本为：134451.30000000002
染色体结构为:
[93, 28, 78, 19, 56, 76, 41, 35, 3, 89, 73, 24, 31, 39, 43, 90, 94, 25, 51, 50, 91, 9, 37, 75, 21, 72, 82, 2, 23, 11, 63, 49, 46, 7, 27, 64, 1, 80, 6, 58, 5, 13, 18, 34, 8, 53, 100, 22, 99, 85, 79, 40, 16, 38, 67, 29, 4, 87, 15, 36, 45, 48, 88, 42, 12, 44, 32, 62, 55, 61, 52, 20, 66, 70, 77, 10, 26, 17, 33, 54, 86, 74, 59, 68, 95, 81, 98, 83, 30, 84, 47, 60, 14, 69, 71, 92, 57, 96, 65, 97]项目工期为：264.0；项目成本为：95964.4
染色体结构为:
[93, 78, 28, 19, 3, 41, 56, 76, 35, 89, 39, 24, 43, 31, 73, 90, 25, 94, 50, 91, 75, 51, 9, 37, 72, 21, 2, 82, 49, 63, 23, 11, 27, 64, 7, 1, 80, 46, 6, 5, 8, 58, 13, 18, 34, 53, 79, 100, 85, 38, 22, 99, 16, 40, 4, 29, 67, 36, 15, 42, 88, 87, 32, 45, 12, 48, 62, 44, 55, 66, 77, 52, 61, 20, 70, 10, 17, 26, 33, 54, 86, 74, 68, 98, 59, 47, 95, 81, 83, 30, 84, 14, 60, 69, 92, 71, 57, 97, 96, 65]项目工期为：330.0；项目成本为：83925.59999999998
染色体结构为:
[93, 78, 28, 3, 19, 56, 41, 76, 39, 35, 24, 89, 31, 73, 43, 25, 90, 50, 91, 94, 75, 51, 37, 72, 9, 82, 2, 21, 49, 11, 23, 64, 63, 27, 46, 7, 1, 80, 6, 8, 13, 5, 18, 58, 34, 53, 79, 85, 38, 100, 99, 22, 4, 16, 40, 29, 36, 67, 15, 42, 88, 32, 87, 12, 44, 55, 48, 45, 62, 66, 61, 20, 52, 77, 10, 17, 70, 26, 33, 54, 74, 86, 68, 59, 98, 95, 81, 47, 30, 83, 84, 14, 60, 69, 57, 71, 97, 92, 96, 65]项目工期为：294.0；项目成本为：89827.09999999993
染色体结构为:
[93, 78, 28, 19, 3, 56, 76, 41, 35, 24, 73, 89, 39, 31, 90, 94, 25, 43, 51, 50, 91, 9, 37, 75, 82, 21, 72, 23, 2, 11, 49, 63, 27, 7, 46, 64, 1, 80, 5, 6, 58, 13, 18, 34, 53, 8, 100, 22, 99, 79, 16, 85, 40, 38, 29, 67, 15, 36, 4, 87, 45, 88, 48, 42, 12, 44, 32, 62, 55, 61, 66, 77, 20, 52, 10, 17, 70, 33, 26, 54, 86, 74, 59, 68, 95, 98, 81, 83, 30, 84, 47, 60, 69, 92, 14, 71, 57, 65, 97, 96]项目工期为：253.0；项目成本为：100014.99999999997
染色体结构为:
[93, 28, 78, 19, 56, 76, 41, 35, 3, 89, 73, 24, 31, 39, 90, 43, 94, 25, 51, 50, 91, 9, 75, 37, 21, 72, 82, 2, 23, 11, 63, 49, 46, 7, 27, 64, 1, 80, 6, 58, 13, 5, 18, 34, 8, 53, 100, 22, 99, 85, 79, 40, 16, 67, 29, 4, 38, 15, 87, 36, 45, 48, 88, 42, 12, 44, 32, 55, 62, 61, 52, 20, 70, 66, 10, 77, 26, 17, 33, 54, 86, 74, 68, 59, 95, 81, 98, 83, 30, 84, 47, 60, 14, 69, 71, 92, 57, 96, 65, 97]项目工期为：256.0；项目成本为：98620.09999999999
染色体结构为:
[3, 78, 76, 24, 35, 28, 82, 75, 19, 93, 94, 72, 49, 2, 56, 11, 37, 41, 89, 39, 31, 73, 43, 50, 90, 38, 25, 1, 51, 81, 10, 26, 53, 16, 7, 15, 23, 21, 6, 17, 8, 9, 91, 20, 46, 4, 34, 12, 22, 42, 80, 83, 59, 63, 29, 58, 5, 87, 67, 45, 32, 13, 79, 85, 27, 64, 18, 44, 36, 61, 62, 55, 66, 100, 99, 70, 88, 40, 30, 52, 48, 47, 92, 71, 84, 86, 60, 68, 77, 95, 74, 57, 96, 54, 65, 14, 33, 98, 97, 69]项目工期为：193.0；项目成本为：122018.7
染色体结构为:
[93, 78, 28, 19, 3, 41, 56, 76, 35, 24, 89, 73, 39, 31, 43, 90, 25, 94, 50, 51, 91, 37, 9, 75, 21, 82, 72, 2, 11, 23, 49, 63, 7, 27, 46, 64, 1, 80, 5, 6, 58, 13, 18, 34, 53, 8, 100, 22, 99, 79, 85, 40, 16, 38, 29, 67, 4, 87, 15, 36, 88, 45, 48, 12, 42, 44, 32, 62, 55, 61, 66, 77, 52, 20, 10, 70, 17, 26, 33, 54, 86, 74, 59, 68, 95, 98, 81, 83, 30, 84, 47, 60, 69, 14, 71, 92, 57, 97, 65, 96]项目工期为：284.0；项目成本为：90929.39999999995
染色体结构为:
[78, 93, 28, 19, 56, 41, 76, 3, 35, 89, 24, 73, 31, 39, 94, 43, 90, 25, 50, 91, 51, 37, 9, 75, 82, 21, 72, 2, 11, 49, 23, 63, 27, 7, 46, 1, 64, 80, 5, 6, 58, 13, 18, 53, 8, 34, 100, 22, 99, 79, 85, 16, 40, 29, 38, 67, 4, 15, 36, 88, 87, 45, 48, 12, 42, 32, 44, 62, 55, 66, 77, 52, 61, 20, 70, 17, 10, 33, 26, 86, 54, 74, 68, 59, 98, 95, 47, 81, 83, 30, 84, 60, 14, 71, 69, 92, 57, 97, 96, 65]项目工期为：298.0；项目成本为：89253.99999999996
染色体结构为:
[28, 93, 19, 82, 75, 94, 72, 2, 49, 37, 56, 76, 3, 11, 78, 24, 39, 89, 41, 31, 35, 73, 90, 25, 50, 43, 81, 51, 1, 38, 26, 10, 53, 16, 21, 7, 15, 23, 9, 6, 20, 8, 17, 91, 34, 46, 4, 12, 22, 42, 80, 59, 29, 58, 83, 5, 63, 87, 45, 67, 32, 79, 64, 13, 85, 27, 44, 18, 36, 61, 62, 55, 100, 70, 66, 40, 52, 99, 88, 30, 48, 84, 92, 86, 47, 60, 71, 68, 74, 77, 57, 95, 96, 65, 98, 14, 54, 97, 69, 33]项目工期为：199.0；项目成本为：118746.7
染色体结构为:
[3, 78, 76, 24, 35, 56, 41, 39, 89, 31, 43, 73, 90, 25, 50, 94, 81, 51, 38, 93, 2, 11, 26, 37, 28, 1, 9, 16, 21, 53, 10, 15, 7, 23, 75, 6, 17, 82, 20, 46, 91, 49, 12, 8, 22, 4, 42, 34, 29, 80, 59, 87, 83, 63, 58, 67, 19, 5, 72, 32, 13, 45, 85, 64, 79, 68, 98, 88, 52, 40, 27, 18, 44, 61, 36, 62, 70, 99, 55, 100, 66, 30, 84, 48, 86, 47, 92, 60, 71, 96, 77, 74, 95, 33, 57, 14, 54, 65, 69, 97]项目工期为：223.0；项目成本为：109085.30000000002
染色体结构为:
[28, 93, 78, 56, 19, 41, 76, 3, 35, 24, 89, 73, 31, 39, 90, 43, 94, 25, 51, 50, 91, 9, 37, 21, 75, 82, 2, 11, 72, 63, 49, 23, 7, 46, 27, 64, 1, 6, 80, 58, 13, 18, 34, 5, 53, 8, 22, 100, 99, 79, 85, 40, 16, 38, 67, 4, 29, 15, 87, 45, 36, 48, 88, 42, 12, 44, 32, 62, 55, 66, 61, 20, 52, 77, 70, 10, 26, 17, 54, 33, 86, 59, 74, 68, 81, 95, 98, 83, 30, 84, 47, 60, 69, 92, 14, 71, 57, 97, 65, 96]项目工期为：260.0；项目成本为：97477.09999999999
染色体结构为:
[3, 78, 76, 24, 41, 35, 56, 89, 73, 43, 31, 50, 90, 39, 94, 91, 25, 93, 51, 9, 72, 28, 75, 37, 21, 82, 19, 2, 49, 11, 63, 23, 27, 7, 64, 1, 80, 46, 5, 58, 6, 13, 8, 18, 34, 22, 79, 53, 100, 99, 85, 16, 38, 40, 29, 67, 15, 4, 88, 87, 36, 45, 42, 32, 48, 12, 62, 44, 55, 66, 61, 52, 20, 77, 70, 26, 17, 33, 86, 10, 54, 74, 68, 98, 59, 81, 95, 30, 47, 60, 83, 14, 84, 92, 71, 96, 57, 97, 69, 65]项目工期为：279.0；项目成本为：93133.89999999998
染色体结构为:
[78, 76, 3, 24, 41, 35, 89, 56, 31, 73, 39, 43, 90, 50, 94, 25, 93, 91, 51, 9, 72, 28, 75, 37, 21, 82, 19, 2, 49, 11, 23, 63, 27, 7, 64, 46, 1, 80, 6, 58, 5, 13, 18, 34, 8, 53, 100, 79, 22, 85, 99, 16, 40, 38, 29, 67, 4, 15, 88, 42, 87, 45, 36, 32, 48, 12, 62, 44, 55, 66, 61, 77, 52, 20, 70, 10, 17, 33, 26, 86, 54, 68, 74, 59, 95, 98, 81, 30, 47, 83, 84, 14, 60, 69, 92, 71, 57, 96, 65, 97]项目工期为：275.0；项目成本为：93662.99999999999
染色体结构为:
[28, 19, 93, 94, 82, 75, 72, 49, 2, 56, 11, 7, 37, 21, 1, 63, 64, 25, 23, 32, 79, 35, 29, 73, 6, 62, 87, 26, 12, 9, 13, 38, 80, 8, 86, 43, 24, 34, 70, 99, 33, 67, 55, 39, 45, 3, 17, 44, 61, 54, 41, 20, 74, 4, 51, 50, 53, 46, 18, 10, 40, 77, 31, 91, 88, 22, 16, 89, 5, 15, 100, 27, 42, 59, 78, 76, 83, 90, 47, 48, 30, 95, 58, 85, 52, 14, 81, 60, 71, 66, 96, 68, 36, 57, 98, 84, 97, 65, 92, 69]项目工期为：184.0；项目成本为：126788.59999999995
染色体结构为:
[19, 93, 28, 75, 94, 82, 2, 72, 37, 56, 78, 3, 11, 76, 49, 24, 21, 7, 63, 25, 1, 32, 73, 64, 23, 79, 29, 6, 35, 87, 62, 26, 12, 9, 80, 86, 13, 38, 8, 43, 34, 70, 33, 99, 55, 45, 67, 39, 17, 44, 61, 41, 20, 74, 54, 4, 51, 53, 50, 10, 18, 40, 46, 77, 31, 88, 91, 16, 22, 15, 100, 89, 5, 42, 27, 83, 90, 48, 95, 30, 59, 47, 58, 85, 52, 14, 81, 60, 66, 36, 71, 68, 96, 65, 98, 84, 57, 97, 92, 69]项目工期为：173.0；项目成本为：129939.90000000002
染色体结构为:
[28, 93, 19, 75, 82, 72, 94, 2, 49, 56, 37, 3, 11, 76, 78, 35, 24, 39, 41, 73, 89, 90, 31, 50, 43, 25, 81, 38, 1, 51, 16, 53, 26, 21, 10, 15, 23, 9, 6, 7, 20, 17, 91, 8, 34, 46, 4, 12, 42, 80, 22, 29, 58, 83, 59, 63, 87, 45, 5, 79, 67, 32, 64, 85, 13, 18, 27, 44, 61, 36, 100, 62, 70, 55, 99, 66, 52, 88, 40, 48, 30, 84, 47, 86, 92, 68, 71, 60, 74, 95, 77, 96, 54, 57, 98, 65, 14, 33, 97, 69]项目工期为：212.0；项目成本为：113936.40000000002
染色体结构为:
[93, 28, 78, 41, 3, 19, 76, 24, 89, 56, 39, 73, 43, 31, 35, 94, 90, 91, 50, 9, 51, 25, 82, 21, 75, 2, 72, 37, 23, 11, 63, 1, 49, 46, 7, 80, 27, 5, 58, 64, 8, 6, 13, 53, 85, 100, 18, 34, 22, 16, 79, 99, 38, 67, 40, 4, 42, 15, 29, 36, 88, 45, 87, 32, 48, 44, 12, 62, 81, 26, 20, 10, 17, 59, 61, 83, 55, 70, 52, 66, 30, 86, 47, 92, 71, 68, 74, 84, 60, 77, 95, 96, 33, 98, 14, 57, 69, 54, 97, 65]项目工期为：241.0；项目成本为：102957.10000000003
染色体结构为:
[78, 24, 3, 76, 28, 56, 93, 82, 19, 94, 72, 2, 75, 37, 49, 21, 11, 63, 7, 25, 73, 64, 1, 32, 23, 79, 29, 35, 6, 26, 87, 62, 12, 9, 86, 80, 13, 8, 38, 43, 34, 70, 33, 99, 55, 67, 45, 39, 44, 61, 17, 41, 20, 54, 53, 4, 51, 74, 18, 50, 10, 40, 46, 77, 31, 91, 88, 16, 22, 5, 100, 89, 27, 15, 42, 83, 48, 90, 59, 95, 47, 30, 85, 58, 52, 14, 71, 81, 60, 66, 96, 36, 68, 98, 65, 57, 84, 97, 92, 69]项目工期为：176.0；项目成本为：128852.20000000003
染色体结构为:
[78, 93, 28, 19, 3, 56, 76, 41, 35, 73, 24, 39, 89, 31, 90, 25, 94, 43, 51, 50, 91, 9, 37, 82, 75, 21, 72, 23, 2, 11, 49, 63, 27, 46, 7, 64, 1, 80, 5, 6, 58, 13, 34, 18, 53, 8, 22, 100, 99, 79, 16, 85, 40, 38, 29, 67, 36, 15, 4, 87, 45, 88, 48, 12, 42, 44, 32, 62, 55, 61, 66, 20, 77, 52, 17, 10, 70, 33, 26, 54, 86, 74, 59, 68, 95, 98, 83, 81, 30, 47, 84, 60, 69, 14, 92, 71, 57, 65, 97, 96]项目工期为：251.0；项目成本为：101446.09999999998
染色体结构为:
[78, 3, 76, 28, 24, 56, 93, 19, 82, 94, 75, 72, 2, 37, 49, 21, 11, 7, 63, 25, 1, 64, 32, 23, 73, 79, 29, 35, 26, 6, 62, 87, 12, 80, 9, 13, 86, 38, 8, 43, 70, 34, 33, 55, 67, 99, 39, 45, 44, 17, 61, 41, 20, 54, 74, 53, 4, 51, 18, 50, 10, 40, 46, 77, 31, 88, 91, 22, 16, 5, 100, 89, 27, 15, 42, 83, 48, 90, 95, 59, 47, 30, 85, 58, 52, 14, 81, 71, 60, 66, 96, 36, 68, 65, 57, 98, 97, 84, 92, 69]项目工期为：177.0；项目成本为：128457.50000000001
染色体结构为:
[78, 93, 19, 28, 3, 56, 76, 41, 35, 89, 24, 39, 31, 43, 73, 90, 25, 91, 94, 50, 75, 9, 51, 37, 21, 2, 72, 82, 49, 23, 11, 63, 64, 7, 27, 1, 80, 46, 6, 5, 8, 13, 58, 34, 18, 53, 100, 79, 38, 85, 22, 99, 16, 4, 40, 29, 67, 36, 15, 42, 88, 87, 45, 48, 32, 12, 62, 44, 55, 77, 66, 52, 61, 20, 10, 70, 17, 33, 26, 54, 86, 74, 68, 59, 98, 47, 81, 95, 83, 30, 60, 84, 69, 14, 92, 71, 57, 96, 65, 97]项目工期为：332.0；项目成本为：83666.99999999997
染色体结构为:
[28, 93, 82, 19, 75, 94, 72, 2, 49, 37, 56, 3, 76, 11, 78, 39, 24, 89, 41, 31, 35, 73, 90, 50, 43, 25, 81, 51, 1, 38, 26, 10, 53, 16, 21, 7, 15, 23, 9, 6, 20, 8, 17, 34, 91, 46, 4, 12, 22, 42, 80, 29, 59, 58, 83, 5, 63, 87, 45, 67, 32, 79, 64, 13, 85, 27, 44, 18, 36, 61, 55, 62, 100, 70, 66, 52, 40, 99, 88, 30, 48, 84, 92, 86, 47, 60, 71, 68, 74, 77, 57, 96, 95, 65, 98, 14, 54, 97, 69, 33]项目工期为：199.0；项目成本为：118746.7
染色体结构为:
[93, 41, 28, 78, 76, 3, 24, 56, 19, 35, 89, 39, 43, 31, 73, 90, 25, 50, 91, 75, 94, 37, 51, 9, 72, 21, 82, 2, 49, 23, 11, 63, 64, 27, 1, 7, 46, 80, 6, 5, 58, 8, 13, 18, 34, 53, 100, 79, 85, 38, 22, 99, 16, 4, 40, 67, 36, 29, 42, 87, 15, 88, 12, 45, 48, 32, 62, 44, 55, 77, 66, 52, 61, 10, 70, 20, 17, 33, 26, 86, 74, 54, 68, 59, 98, 95, 81, 47, 83, 30, 84, 60, 14, 92, 69, 57, 71, 96, 97, 65]项目工期为：315.0；项目成本为：86623.29999999994
染色体结构为:
[82, 93, 19, 28, 72, 75, 94, 2, 37, 56, 49, 11, 21, 7, 1, 63, 25, 32, 64, 23, 35, 79, 73, 6, 62, 26, 29, 12, 87, 80, 13, 38, 9, 86, 8, 43, 34, 24, 70, 55, 33, 3, 99, 67, 39, 45, 17, 41, 44, 61, 54, 74, 20, 53, 4, 51, 10, 18, 50, 40, 77, 46, 91, 31, 88, 22, 16, 89, 100, 78, 27, 15, 5, 42, 59, 76, 48, 83, 90, 95, 47, 58, 30, 14, 85, 52, 81, 66, 60, 36, 71, 96, 68, 98, 65, 57, 84, 97, 69, 92]项目工期为：181.0；项目成本为：128055.30000000002
染色体结构为:
[93, 19, 82, 28, 75, 72, 94, 2, 49, 37, 56, 21, 7, 11, 1, 63, 64, 25, 32, 23, 79, 35, 73, 6, 26, 62, 29, 87, 12, 80, 13, 38, 9, 86, 43, 8, 34, 24, 70, 55, 33, 99, 3, 67, 39, 45, 17, 41, 44, 61, 54, 74, 20, 4, 53, 10, 51, 18, 50, 40, 46, 77, 91, 31, 88, 22, 16, 89, 78, 15, 100, 27, 5, 42, 59, 76, 83, 48, 90, 95, 47, 58, 30, 14, 85, 52, 81, 66, 60, 36, 71, 96, 68, 98, 65, 57, 84, 97, 69, 92]项目工期为：179.0；项目成本为：128346.30000000002
染色体结构为:
[3, 76, 56, 78, 24, 35, 41, 39, 31, 89, 43, 28, 26, 23, 72, 94, 55, 20, 62, 25, 49, 91, 13, 47, 9, 48, 1, 87, 70, 6, 40, 74, 86, 29, 75, 27, 18, 67, 79, 66, 53, 22, 11, 51, 19, 50, 32, 21, 77, 10, 93, 82, 73, 8, 2, 5, 34, 95, 100, 15, 88, 46, 36, 37, 7, 17, 52, 90, 59, 81, 63, 71, 68, 38, 57, 96, 14, 54, 98, 65, 99, 80, 45, 92, 83, 58, 64, 44, 85, 97, 16, 33, 42, 69, 4, 12, 30, 84, 60, 61]项目工期为：195.0；项目成本为：121709.99999999999
染色体结构为:
[78, 93, 28, 19, 3, 41, 76, 56, 35, 39, 89, 24, 43, 31, 73, 25, 90, 91, 94, 75, 50, 37, 51, 72, 9, 82, 21, 2, 49, 23, 63, 11, 64, 1, 27, 7, 46, 80, 6, 8, 5, 13, 58, 34, 18, 53, 79, 100, 85, 99, 22, 16, 38, 4, 40, 29, 67, 15, 36, 42, 88, 87, 32, 45, 48, 12, 44, 62, 55, 66, 61, 77, 52, 20, 10, 70, 17, 33, 26, 54, 86, 74, 68, 59, 98, 47, 81, 95, 83, 30, 60, 84, 14, 92, 71, 69, 57, 97, 96, 65]项目工期为：327.0；项目成本为：84763.99999999997
染色体结构为:
[93, 28, 78, 19, 56, 76, 41, 35, 89, 3, 73, 31, 24, 39, 43, 90, 94, 25, 51, 50, 91, 9, 37, 75, 72, 21, 82, 23, 2, 11, 63, 49, 46, 27, 7, 64, 1, 80, 6, 58, 5, 13, 34, 18, 8, 53, 100, 99, 22, 85, 79, 40, 16, 38, 29, 67, 4, 87, 15, 36, 45, 48, 88, 12, 42, 32, 44, 55, 62, 52, 61, 20, 66, 70, 77, 10, 26, 17, 54, 33, 86, 74, 59, 68, 95, 98, 81, 83, 30, 84, 47, 60, 14, 69, 71, 92, 57, 96, 65, 97]项目工期为：266.0；项目成本为：94897.99999999999
染色体结构为:
[93, 28, 78, 41, 3, 19, 24, 76, 56, 89, 39, 73, 43, 35, 31, 94, 90, 91, 50, 51, 9, 25, 21, 82, 75, 72, 2, 23, 37, 11, 63, 1, 49, 46, 80, 27, 7, 5, 58, 64, 8, 6, 53, 13, 85, 100, 18, 34, 22, 79, 16, 38, 99, 67, 40, 42, 29, 4, 15, 88, 36, 45, 87, 48, 32, 44, 12, 62, 81, 26, 20, 10, 17, 59, 61, 83, 55, 70, 52, 66, 30, 47, 86, 92, 71, 68, 84, 74, 60, 77, 95, 96, 33, 98, 14, 69, 57, 54, 97, 65]项目工期为：240.0；项目成本为：103490.90000000004
染色体结构为:
[93, 28, 78, 19, 56, 41, 3, 76, 35, 89, 24, 73, 31, 39, 43, 90, 94, 25, 50, 91, 51, 9, 37, 75, 82, 21, 72, 2, 11, 23, 49, 63, 7, 27, 46, 64, 1, 80, 5, 58, 18, 6, 13, 8, 53, 34, 100, 22, 99, 79, 85, 16, 40, 29, 38, 67, 15, 4, 87, 36, 45, 88, 12, 48, 32, 44, 42, 55, 62, 66, 77, 52, 61, 20, 70, 10, 33, 17, 26, 54, 86, 74, 68, 59, 98, 47, 95, 81, 83, 30, 60, 84, 14, 69, 92, 71, 57, 96, 97, 65]项目工期为：304.0；项目成本为：87678.79999999999
染色体结构为:
[78, 93, 19, 28, 56, 3, 76, 41, 35, 89, 24, 39, 31, 43, 73, 90, 25, 91, 94, 50, 75, 9, 51, 21, 37, 2, 72, 82, 49, 23, 11, 63, 64, 7, 27, 1, 80, 46, 6, 5, 58, 8, 34, 13, 18, 100, 53, 79, 38, 22, 85, 99, 16, 40, 4, 29, 67, 36, 15, 42, 88, 87, 45, 48, 32, 12, 62, 44, 55, 77, 66, 52, 61, 20, 10, 70, 17, 33, 26, 54, 86, 74, 59, 68, 98, 47, 95, 30, 81, 83, 60, 84, 14, 69, 92, 71, 57, 96, 65, 97]项目工期为：334.0；项目成本为：82247.99999999997
染色体结构为:
[78, 24, 3, 76, 28, 56, 93, 82, 19, 72, 2, 94, 75, 37, 49, 21, 11, 63, 7, 25, 73, 64, 1, 32, 23, 79, 29, 35, 6, 26, 87, 62, 12, 9, 86, 80, 13, 8, 38, 43, 34, 33, 70, 99, 55, 67, 45, 39, 44, 17, 61, 41, 20, 54, 53, 4, 74, 18, 51, 50, 10, 40, 46, 77, 31, 91, 88, 16, 22, 100, 5, 89, 27, 15, 83, 42, 48, 90, 59, 95, 30, 47, 58, 85, 52, 14, 81, 71, 60, 66, 96, 36, 68, 98, 65, 57, 84, 92, 97, 69]项目工期为：174.0；项目成本为：129173.50000000003
染色体结构为:
[78, 3, 76, 24, 56, 93, 28, 94, 19, 75, 72, 82, 11, 2, 49, 37, 21, 7, 63, 25, 1, 64, 79, 73, 35, 32, 26, 23, 6, 87, 29, 62, 12, 80, 9, 86, 43, 13, 8, 38, 70, 33, 34, 55, 99, 67, 45, 39, 44, 17, 41, 61, 74, 54, 20, 18, 4, 53, 40, 50, 51, 77, 10, 46, 31, 88, 91, 16, 22, 100, 89, 5, 42, 15, 83, 90, 27, 48, 95, 59, 30, 58, 47, 14, 52, 85, 81, 60, 66, 71, 96, 36, 68, 65, 57, 98, 97, 92, 84, 69]项目工期为：169.0；项目成本为：132445.9
染色体结构为:
[93, 28, 19, 41, 78, 3, 76, 35, 89, 31, 24, 56, 50, 73, 39, 90, 25, 43, 94, 91, 9, 72, 75, 82, 51, 37, 21, 2, 11, 49, 23, 7, 63, 64, 27, 46, 80, 1, 6, 5, 13, 18, 8, 58, 100, 34, 53, 85, 22, 79, 99, 38, 40, 67, 16, 29, 15, 4, 87, 36, 42, 88, 48, 45, 62, 12, 55, 44, 32, 66, 61, 52, 20, 10, 70, 17, 77, 26, 54, 86, 33, 74, 68, 59, 98, 95, 81, 30, 83, 47, 60, 84, 14, 69, 92, 57, 71, 65, 97, 96]项目工期为：278.0；项目成本为：93357.79999999996
染色体结构为:
[93, 78, 28, 56, 19, 3, 76, 35, 41, 89, 39, 24, 43, 31, 73, 90, 25, 91, 94, 50, 75, 51, 9, 72, 37, 21, 2, 82, 23, 49, 63, 11, 64, 27, 7, 1, 46, 80, 6, 5, 8, 58, 13, 18, 34, 53, 79, 100, 85, 38, 22, 16, 99, 4, 40, 29, 67, 15, 36, 42, 88, 87, 32, 45, 48, 12, 62, 44, 55, 66, 77, 52, 61, 20, 10, 70, 17, 33, 26, 54, 86, 74, 68, 98, 47, 59, 81, 83, 95, 30, 84, 60, 14, 69, 92, 71, 57, 97, 96, 65]项目工期为：356.0；项目成本为：81038.39999999997
染色体结构为:
[76, 3, 78, 24, 35, 56, 41, 73, 89, 39, 31, 43, 90, 25, 50, 94, 51, 91, 93, 28, 9, 75, 37, 82, 72, 21, 19, 2, 11, 23, 49, 27, 63, 7, 64, 46, 1, 80, 5, 6, 13, 58, 18, 34, 53, 8, 22, 100, 79, 99, 85, 16, 40, 38, 29, 67, 4, 15, 36, 88, 87, 45, 48, 42, 32, 12, 44, 62, 55, 66, 61, 52, 20, 77, 17, 70, 10, 86, 33, 74, 26, 68, 98, 54, 59, 30, 95, 47, 60, 83, 81, 84, 14, 92, 69, 71, 65, 57, 96, 97]项目工期为：273.0；项目成本为：94781.69999999998
染色体结构为:
[93, 78, 28, 19, 41, 35, 76, 3, 24, 39, 56, 73, 89, 31, 43, 90, 94, 91, 25, 50, 51, 75, 72, 9, 21, 37, 82, 23, 2, 11, 49, 63, 7, 46, 64, 1, 80, 6, 58, 8, 5, 13, 18, 27, 34, 53, 85, 100, 22, 99, 79, 16, 38, 67, 4, 15, 40, 29, 88, 42, 36, 45, 48, 87, 12, 44, 32, 61, 62, 52, 55, 66, 20, 70, 17, 26, 86, 77, 74, 33, 10, 68, 98, 54, 59, 95, 83, 30, 47, 14, 81, 84, 60, 92, 71, 96, 69, 65, 57, 97]项目工期为：263.0；项目成本为：97194.69999999998
染色体结构为:
[28, 93, 78, 41, 3, 76, 56, 89, 19, 35, 24, 39, 73, 43, 50, 31, 25, 90, 94, 51, 91, 72, 82, 9, 37, 21, 75, 11, 49, 23, 63, 2, 27, 7, 64, 46, 80, 1, 5, 6, 58, 13, 8, 34, 18, 100, 22, 79, 53, 85, 16, 38, 99, 29, 40, 67, 4, 15, 88, 36, 87, 42, 48, 12, 32, 45, 62, 55, 44, 66, 61, 20, 52, 77, 10, 70, 17, 26, 33, 54, 74, 68, 86, 98, 59, 81, 95, 30, 83, 47, 60, 84, 92, 14, 57, 69, 97, 71, 65, 96]项目工期为：283.0；项目成本为：92970.29999999997
染色体结构为:
[28, 93, 19, 75, 2, 72, 94, 82, 49, 56, 37, 11, 7, 21, 1, 63, 25, 35, 23, 64, 32, 73, 79, 29, 87, 6, 62, 26, 12, 13, 9, 80, 38, 86, 8, 43, 34, 70, 24, 99, 33, 55, 67, 3, 45, 17, 44, 61, 39, 41, 54, 20, 4, 74, 53, 51, 50, 10, 18, 46, 40, 91, 31, 77, 88, 16, 22, 5, 89, 15, 100, 27, 42, 78, 59, 76, 83, 90, 95, 48, 30, 85, 47, 14, 58, 52, 81, 66, 36, 60, 71, 68, 96, 57, 98, 97, 92, 65, 84, 69]项目工期为：183.0；项目成本为：127828.60000000002
染色体结构为:
[93, 78, 19, 28, 3, 56, 41, 76, 35, 89, 24, 73, 31, 39, 43, 90, 94, 25, 50, 51, 9, 37, 91, 75, 21, 72, 82, 11, 2, 49, 23, 63, 7, 27, 46, 64, 80, 1, 6, 5, 58, 13, 18, 53, 34, 8, 100, 22, 99, 16, 79, 85, 40, 67, 38, 29, 15, 4, 87, 36, 88, 45, 48, 12, 42, 44, 32, 62, 55, 66, 52, 61, 77, 20, 10, 17, 70, 26, 54, 33, 86, 74, 59, 95, 68, 98, 83, 81, 30, 84, 47, 60, 14, 69, 71, 92, 57, 97, 96, 65]项目工期为：288.0；项目成本为：90356.49999999997
染色体结构为:
[78, 3, 76, 24, 41, 35, 89, 56, 31, 43, 39, 73, 50, 90, 94, 25, 91, 51, 93, 9, 72, 28, 75, 21, 37, 82, 19, 2, 49, 11, 23, 63, 27, 7, 64, 1, 46, 80, 58, 6, 5, 13, 18, 34, 8, 100, 79, 53, 22, 99, 85, 16, 38, 40, 29, 67, 4, 15, 88, 87, 42, 36, 45, 32, 12, 48, 62, 44, 55, 66, 61, 52, 20, 70, 10, 77, 17, 33, 26, 86, 54, 68, 59, 74, 95, 98, 81, 83, 30, 47, 84, 14, 60, 69, 92, 57, 71, 96, 97, 65]项目工期为：274.0；项目成本为：94388.19999999998
染色体结构为:
[28, 93, 19, 75, 82, 94, 72, 49, 2, 37, 11, 56, 1, 7, 21, 25, 32, 64, 23, 63, 35, 29, 79, 87, 73, 6, 62, 26, 9, 12, 13, 38, 86, 8, 70, 80, 43, 24, 99, 33, 34, 67, 3, 55, 39, 45, 54, 17, 44, 61, 20, 41, 53, 4, 74, 51, 18, 50, 46, 10, 91, 77, 40, 88, 31, 16, 89, 22, 5, 15, 78, 27, 100, 42, 83, 90, 59, 76, 48, 47, 85, 95, 58, 30, 66, 14, 52, 60, 81, 71, 96, 36, 68, 57, 97, 98, 65, 84, 92, 69]项目工期为：165.0；项目成本为：135252.59999999998
MID=0.4163960445792929
DM=54214.53645139836
SNS=0.21524696809770727
SM=0.710190959248664
7.680523930193131E-6
80
共计用时：7秒
