染色体结构为:
[3, 7, 30, 48, 53, 41, 89, 33, 40, 73, 12, 47, 31, 39, 32, 62, 11, 17, 10, 68, 69, 84, 4, 14, 38, 93, 21, 67, 71, 60, 5, 2, 25, 46, 59, 1, 36, 58, 27, 37, 18, 100, 20, 54, 70, 29, 6, 28, 8, 74, 22, 66, 63, 26, 19, 13, 80, 16, 45, 35, 99, 96, 42, 79, 55, 44, 91, 90, 82, 78, 57, 50, 77, 43, 87, 9, 15, 51, 97, 24, 76, 72, 88, 65, 95, 56, 61, 23, 83, 92, 81, 86, 49, 34, 52, 75, 85, 94, 98, 64]项目工期为：371.0；项目成本为：90365.9
染色体结构为:
[7, 3, 30, 53, 48, 41, 89, 33, 40, 12, 73, 47, 31, 39, 62, 32, 11, 17, 10, 68, 69, 84, 4, 14, 93, 38, 67, 21, 71, 60, 5, 25, 2, 59, 46, 36, 1, 58, 27, 18, 100, 37, 20, 54, 70, 29, 6, 28, 8, 74, 22, 66, 63, 19, 26, 13, 80, 16, 35, 45, 96, 99, 79, 42, 55, 44, 91, 90, 82, 78, 50, 57, 77, 43, 87, 9, 51, 15, 97, 24, 76, 72, 88, 65, 95, 61, 56, 23, 83, 92, 81, 86, 34, 52, 49, 75, 94, 85, 98, 64]项目工期为：362.0；项目成本为：91144.0
染色体结构为:
[48, 3, 53, 30, 89, 41, 7, 33, 73, 40, 31, 12, 39, 47, 62, 11, 32, 17, 69, 10, 68, 84, 38, 4, 67, 93, 71, 14, 21, 46, 5, 2, 60, 59, 1, 36, 58, 18, 27, 37, 20, 25, 54, 70, 100, 6, 8, 28, 19, 63, 26, 22, 66, 13, 99, 45, 16, 42, 80, 29, 96, 35, 74, 79, 90, 55, 91, 78, 44, 82, 43, 57, 77, 50, 87, 9, 51, 15, 76, 88, 72, 24, 56, 65, 61, 23, 97, 83, 52, 34, 92, 49, 95, 81, 64, 85, 98, 94, 75, 86]项目工期为：320.0；项目成本为：95783.5
染色体结构为:
[3, 53, 48, 30, 89, 7, 33, 41, 40, 73, 12, 39, 31, 32, 17, 47, 10, 11, 62, 69, 38, 68, 4, 25, 19, 14, 84, 96, 16, 8, 43, 13, 2, 67, 88, 93, 21, 71, 46, 60, 5, 59, 36, 58, 1, 27, 37, 20, 18, 100, 54, 6, 29, 28, 70, 74, 66, 63, 22, 99, 26, 45, 42, 35, 80, 79, 55, 44, 82, 91, 90, 57, 50, 78, 77, 87, 9, 15, 51, 76, 97, 72, 83, 56, 24, 65, 61, 95, 34, 23, 52, 81, 75, 86, 92, 85, 94, 49, 98, 64]项目工期为：424.0；项目成本为：85818.09999999999
染色体结构为:
[3, 48, 53, 30, 41, 89, 33, 40, 73, 12, 7, 47, 39, 31, 32, 62, 11, 17, 10, 69, 68, 84, 4, 14, 93, 38, 67, 21, 60, 71, 5, 2, 46, 25, 1, 59, 58, 36, 27, 37, 18, 20, 100, 70, 54, 6, 29, 28, 8, 74, 63, 22, 66, 19, 26, 13, 80, 16, 45, 35, 99, 42, 96, 79, 44, 90, 91, 82, 55, 50, 57, 78, 43, 77, 9, 87, 15, 51, 97, 76, 24, 88, 72, 65, 56, 61, 95, 23, 83, 92, 86, 34, 49, 81, 52, 85, 75, 98, 94, 64]项目工期为：368.0；项目成本为：90582.59999999999
染色体结构为:
[25, 7, 19, 53, 40, 73, 31, 84, 62, 14, 4, 8, 10, 16, 96, 67, 43, 89, 30, 3, 48, 33, 12, 47, 39, 41, 21, 68, 20, 58, 5, 36, 28, 6, 63, 22, 71, 29, 32, 11, 70, 27, 13, 2, 88, 59, 17, 60, 46, 69, 35, 51, 55, 66, 26, 37, 54, 80, 99, 1, 38, 45, 42, 74, 79, 82, 90, 44, 91, 18, 100, 78, 57, 77, 93, 87, 50, 9, 15, 56, 76, 61, 24, 72, 97, 34, 83, 23, 95, 65, 52, 75, 92, 86, 49, 85, 81, 94, 98, 64]项目工期为：306.0；项目成本为：97300.50000000001
染色体结构为:
[7, 3, 30, 53, 89, 48, 33, 40, 41, 12, 73, 47, 31, 39, 62, 11, 32, 17, 10, 68, 69, 84, 4, 38, 93, 14, 67, 21, 71, 60, 5, 25, 2, 59, 46, 36, 1, 58, 27, 18, 100, 37, 20, 70, 54, 6, 28, 29, 8, 74, 63, 66, 22, 19, 26, 13, 99, 16, 42, 45, 80, 35, 96, 55, 79, 44, 90, 91, 82, 57, 78, 50, 77, 9, 43, 87, 97, 15, 88, 51, 24, 76, 56, 72, 65, 61, 34, 95, 83, 23, 92, 86, 52, 75, 85, 49, 94, 81, 98, 64]项目工期为：367.0；项目成本为：90741.29999999999
染色体结构为:
[29, 30, 71, 32, 84, 22, 28, 40, 7, 31, 67, 11, 47, 14, 27, 19, 35, 53, 96, 70, 41, 74, 79, 1, 4, 5, 46, 63, 62, 20, 13, 55, 21, 73, 45, 3, 58, 17, 82, 59, 90, 6, 44, 91, 100, 80, 69, 18, 12, 78, 89, 57, 39, 93, 77, 2, 43, 66, 50, 26, 33, 8, 10, 9, 87, 99, 25, 38, 15, 36, 72, 51, 68, 76, 56, 16, 42, 24, 37, 61, 48, 60, 88, 54, 34, 95, 65, 81, 83, 49, 92, 23, 97, 85, 64, 98, 52, 86, 94, 75]项目工期为：271.0；项目成本为：107219.70000000001
染色体结构为:
[48, 89, 3, 53, 7, 30, 31, 33, 12, 25, 40, 73, 41, 4, 19, 84, 62, 8, 16, 14, 96, 67, 10, 43, 39, 47, 68, 21, 20, 58, 36, 5, 6, 28, 71, 22, 63, 29, 32, 11, 27, 13, 88, 2, 70, 59, 17, 69, 46, 35, 60, 51, 26, 37, 99, 66, 55, 54, 38, 80, 45, 1, 42, 74, 79, 90, 82, 44, 18, 91, 100, 57, 78, 93, 87, 50, 77, 9, 97, 15, 24, 72, 76, 56, 65, 95, 61, 83, 92, 81, 23, 86, 52, 49, 75, 34, 85, 64, 98, 94]项目工期为：329.0；项目成本为：94595.59999999999
染色体结构为:
[39, 73, 31, 12, 47, 62, 32, 17, 13, 100, 16, 11, 93, 21, 27, 51, 44, 82, 46, 53, 42, 2, 96, 10, 38, 48, 8, 4, 70, 30, 25, 89, 58, 29, 5, 99, 41, 68, 84, 22, 1, 87, 28, 36, 55, 35, 67, 18, 61, 33, 7, 71, 59, 37, 60, 14, 3, 26, 69, 65, 6, 56, 9, 80, 63, 72, 74, 88, 83, 79, 19, 78, 95, 91, 57, 40, 43, 66, 20, 24, 34, 50, 90, 92, 77, 54, 15, 97, 45, 76, 49, 23, 85, 52, 75, 86, 64, 98, 94, 81]项目工期为：253.0；项目成本为：114251.40000000001
染色体结构为:
[7, 73, 31, 39, 47, 12, 62, 32, 13, 17, 100, 11, 16, 93, 44, 21, 27, 82, 51, 46, 53, 2, 96, 38, 42, 10, 48, 70, 8, 25, 89, 99, 4, 5, 30, 29, 58, 41, 84, 22, 68, 1, 28, 36, 35, 67, 87, 55, 18, 61, 71, 33, 59, 14, 37, 60, 26, 6, 56, 69, 65, 3, 9, 63, 72, 80, 88, 74, 19, 83, 78, 79, 91, 95, 57, 40, 43, 20, 66, 24, 34, 50, 90, 54, 92, 15, 77, 45, 76, 97, 49, 23, 85, 52, 75, 86, 81, 64, 98, 94]项目工期为：264.0；项目成本为：109703.3
染色体结构为:
[73, 31, 39, 12, 47, 62, 17, 32, 13, 100, 11, 93, 16, 21, 44, 27, 51, 46, 82, 2, 53, 96, 38, 42, 10, 48, 8, 70, 4, 25, 89, 99, 30, 29, 5, 58, 41, 84, 22, 68, 28, 1, 36, 35, 87, 67, 55, 61, 18, 7, 33, 71, 59, 37, 14, 60, 26, 69, 6, 56, 3, 9, 65, 80, 63, 72, 74, 19, 88, 83, 79, 78, 91, 95, 57, 40, 43, 20, 66, 24, 34, 90, 50, 92, 54, 77, 45, 15, 97, 76, 23, 49, 85, 52, 75, 86, 81, 64, 98, 94]项目工期为：262.0；项目成本为：110939.80000000002
染色体结构为:
[7, 3, 30, 53, 89, 33, 48, 40, 41, 12, 73, 47, 31, 39, 11, 62, 32, 17, 10, 68, 69, 84, 4, 38, 93, 14, 67, 21, 71, 60, 5, 25, 2, 59, 46, 36, 1, 58, 27, 18, 100, 37, 70, 20, 54, 6, 28, 29, 8, 74, 63, 66, 22, 26, 19, 13, 99, 16, 42, 45, 80, 35, 96, 55, 79, 44, 90, 82, 91, 57, 50, 78, 77, 9, 43, 87, 97, 15, 88, 24, 51, 76, 72, 65, 56, 61, 34, 95, 83, 23, 86, 92, 52, 75, 85, 49, 94, 81, 98, 64]项目工期为：367.0；项目成本为：90741.29999999999
染色体结构为:
[48, 89, 3, 53, 7, 30, 31, 33, 12, 25, 40, 73, 41, 4, 19, 84, 62, 8, 16, 14, 67, 96, 10, 43, 39, 47, 68, 21, 20, 58, 36, 5, 6, 28, 71, 63, 22, 29, 32, 11, 27, 13, 88, 2, 70, 59, 17, 69, 46, 35, 60, 51, 26, 37, 99, 66, 55, 54, 80, 38, 45, 1, 42, 74, 79, 82, 90, 44, 18, 91, 100, 57, 78, 93, 50, 87, 77, 97, 9, 15, 24, 72, 56, 76, 95, 65, 61, 83, 92, 81, 23, 86, 52, 49, 75, 34, 85, 64, 98, 94]项目工期为：332.0；项目成本为：94460.79999999999
染色体结构为:
[7, 25, 40, 19, 53, 73, 31, 84, 14, 4, 8, 62, 10, 16, 67, 43, 48, 96, 30, 89, 12, 3, 33, 39, 47, 21, 41, 68, 58, 20, 36, 5, 28, 6, 63, 22, 29, 71, 11, 32, 70, 27, 2, 13, 59, 88, 17, 60, 46, 35, 51, 69, 66, 55, 26, 37, 99, 54, 80, 1, 42, 38, 74, 45, 79, 90, 100, 44, 82, 91, 18, 78, 93, 57, 77, 87, 50, 9, 15, 76, 56, 61, 97, 24, 72, 34, 83, 65, 23, 52, 95, 86, 75, 92, 49, 81, 85, 94, 64, 98]项目工期为：295.0；项目成本为：99388.10000000002
染色体结构为:
[31, 39, 73, 12, 62, 47, 17, 32, 13, 100, 16, 11, 21, 93, 27, 51, 44, 82, 53, 42, 46, 2, 10, 38, 48, 96, 8, 4, 70, 30, 25, 89, 29, 58, 5, 99, 41, 68, 84, 22, 1, 28, 87, 36, 55, 67, 35, 18, 33, 61, 71, 7, 37, 59, 14, 60, 26, 3, 69, 6, 65, 9, 56, 63, 72, 80, 74, 83, 88, 19, 78, 79, 95, 91, 57, 40, 43, 66, 20, 24, 90, 34, 92, 50, 77, 54, 15, 45, 97, 76, 23, 49, 85, 52, 75, 86, 64, 98, 94, 81]项目工期为：259.0；项目成本为：112457.3
染色体结构为:
[3, 48, 89, 7, 30, 53, 33, 12, 73, 19, 25, 31, 62, 84, 40, 8, 14, 4, 96, 10, 16, 67, 43, 39, 21, 47, 41, 68, 36, 58, 5, 20, 6, 28, 63, 29, 71, 32, 17, 13, 11, 88, 46, 2, 69, 59, 22, 60, 55, 51, 26, 35, 66, 37, 38, 54, 45, 99, 70, 80, 42, 93, 27, 74, 100, 1, 18, 79, 90, 82, 44, 78, 57, 77, 91, 87, 50, 9, 15, 76, 97, 72, 24, 56, 83, 34, 61, 65, 23, 95, 81, 52, 92, 86, 75, 94, 85, 98, 49, 64]项目工期为：439.0；项目成本为：84445.29999999997
染色体结构为:
[40, 53, 25, 48, 73, 30, 7, 3, 12, 89, 33, 31, 39, 41, 32, 47, 17, 62, 10, 11, 68, 4, 84, 14, 21, 69, 38, 93, 67, 71, 46, 5, 60, 2, 59, 1, 27, 36, 58, 37, 100, 20, 54, 18, 6, 28, 70, 8, 29, 74, 22, 63, 66, 19, 26, 13, 16, 99, 80, 42, 45, 96, 35, 44, 79, 55, 90, 82, 91, 78, 57, 77, 43, 9, 50, 51, 87, 15, 97, 24, 88, 76, 61, 56, 34, 83, 72, 23, 65, 95, 92, 52, 75, 86, 49, 81, 94, 85, 98, 64]项目工期为：319.0；项目成本为：95989.2
染色体结构为:
[53, 40, 25, 73, 48, 7, 30, 3, 12, 33, 89, 31, 39, 41, 47, 32, 17, 62, 10, 11, 68, 4, 84, 14, 21, 69, 38, 93, 67, 46, 5, 71, 60, 2, 59, 1, 36, 27, 58, 37, 100, 20, 18, 6, 54, 70, 29, 28, 8, 74, 63, 22, 66, 26, 19, 13, 16, 99, 80, 42, 45, 35, 96, 44, 55, 79, 90, 91, 82, 78, 57, 77, 43, 9, 50, 87, 51, 15, 97, 24, 88, 56, 76, 61, 83, 72, 34, 23, 95, 52, 65, 92, 75, 86, 49, 94, 85, 81, 98, 64]项目工期为：333.0；项目成本为：93830.5
染色体结构为:
[3, 89, 48, 30, 7, 12, 53, 33, 73, 25, 19, 31, 84, 40, 8, 62, 14, 4, 96, 10, 16, 43, 67, 47, 39, 21, 41, 68, 36, 5, 58, 6, 28, 63, 20, 29, 71, 17, 11, 13, 32, 2, 88, 59, 60, 46, 69, 51, 22, 55, 35, 26, 38, 66, 37, 80, 54, 45, 99, 70, 42, 93, 27, 74, 79, 18, 90, 44, 1, 100, 91, 57, 82, 9, 50, 77, 87, 15, 78, 76, 97, 56, 72, 95, 83, 24, 65, 61, 23, 52, 86, 49, 34, 81, 92, 75, 64, 85, 94, 98]项目工期为：473.0；项目成本为：81512.99999999999
染色体结构为:
[3, 89, 48, 7, 30, 53, 33, 12, 73, 19, 25, 31, 62, 84, 40, 14, 8, 96, 4, 10, 16, 67, 43, 39, 21, 47, 41, 68, 58, 36, 5, 6, 20, 28, 63, 29, 71, 32, 17, 13, 11, 88, 46, 2, 69, 59, 22, 60, 55, 51, 26, 35, 66, 37, 38, 54, 99, 45, 70, 80, 42, 93, 27, 74, 100, 1, 18, 79, 90, 82, 44, 57, 78, 77, 87, 91, 50, 9, 15, 76, 97, 72, 24, 56, 83, 34, 61, 65, 23, 95, 81, 52, 92, 86, 75, 94, 85, 98, 49, 64]项目工期为：439.0；项目成本为：84445.29999999997
染色体结构为:
[73, 31, 12, 47, 39, 62, 17, 32, 13, 100, 11, 16, 93, 21, 44, 27, 82, 51, 46, 53, 2, 42, 38, 96, 10, 70, 48, 25, 8, 4, 89, 99, 30, 29, 5, 58, 84, 41, 22, 68, 1, 28, 35, 36, 67, 55, 87, 18, 61, 7, 33, 71, 59, 14, 37, 60, 69, 6, 26, 56, 65, 3, 9, 63, 72, 80, 88, 74, 19, 83, 78, 79, 91, 95, 57, 40, 43, 66, 24, 20, 34, 90, 92, 54, 50, 77, 15, 76, 45, 49, 97, 23, 85, 52, 86, 75, 81, 64, 98, 94]项目工期为：269.0；项目成本为：108732.59999999999
染色体结构为:
[48, 3, 89, 30, 7, 53, 33, 73, 12, 19, 25, 31, 84, 62, 40, 8, 14, 96, 4, 16, 10, 43, 67, 39, 47, 21, 41, 68, 36, 58, 20, 5, 6, 28, 29, 63, 32, 71, 17, 88, 11, 13, 46, 2, 59, 69, 22, 60, 51, 55, 35, 26, 66, 37, 38, 54, 80, 45, 99, 70, 42, 93, 27, 74, 100, 1, 79, 18, 90, 82, 44, 91, 57, 77, 78, 50, 87, 9, 15, 24, 97, 76, 56, 34, 83, 61, 72, 65, 95, 23, 92, 81, 49, 52, 86, 75, 94, 85, 98, 64]项目工期为：404.0；项目成本为：87620.4
染色体结构为:
[40, 25, 7, 53, 19, 73, 62, 4, 84, 31, 48, 3, 89, 30, 33, 12, 16, 96, 14, 8, 43, 67, 10, 47, 39, 41, 21, 68, 20, 58, 5, 36, 28, 6, 63, 71, 22, 32, 11, 29, 13, 27, 70, 88, 2, 59, 69, 60, 46, 17, 35, 51, 37, 26, 99, 66, 55, 54, 42, 80, 1, 38, 45, 74, 79, 90, 44, 82, 18, 78, 100, 57, 91, 93, 87, 50, 77, 9, 15, 76, 72, 24, 56, 61, 65, 83, 95, 34, 97, 92, 23, 52, 75, 86, 81, 94, 49, 64, 85, 98]项目工期为：275.0；项目成本为：106197.20000000003
染色体结构为:
[89, 3, 30, 48, 7, 12, 53, 33, 25, 73, 19, 31, 84, 40, 62, 8, 14, 4, 10, 96, 16, 43, 67, 39, 47, 41, 68, 21, 36, 5, 58, 6, 28, 63, 20, 29, 71, 17, 11, 13, 32, 2, 88, 59, 46, 69, 60, 51, 55, 35, 22, 26, 38, 66, 80, 37, 54, 45, 99, 70, 42, 93, 27, 74, 79, 18, 44, 90, 1, 100, 91, 57, 82, 9, 50, 77, 87, 15, 78, 76, 97, 56, 95, 72, 83, 24, 65, 61, 23, 52, 86, 49, 34, 92, 81, 64, 75, 85, 94, 98]项目工期为：431.0；项目成本为：84989.09999999998
染色体结构为:
[48, 89, 3, 53, 30, 7, 31, 33, 25, 12, 40, 73, 19, 14, 84, 62, 8, 4, 96, 16, 10, 43, 67, 39, 47, 21, 68, 36, 41, 20, 58, 5, 6, 63, 28, 71, 29, 32, 17, 13, 88, 11, 2, 22, 46, 59, 51, 69, 60, 55, 35, 26, 66, 37, 80, 54, 99, 45, 38, 70, 42, 93, 27, 18, 100, 74, 1, 79, 44, 90, 91, 78, 82, 57, 50, 77, 87, 9, 15, 97, 76, 56, 72, 83, 24, 34, 65, 61, 95, 23, 52, 75, 81, 92, 94, 86, 85, 49, 64, 98]项目工期为：425.0；项目成本为：85803.39999999998
染色体结构为:
[48, 89, 3, 7, 53, 30, 31, 33, 12, 25, 73, 40, 41, 4, 19, 84, 62, 8, 14, 16, 67, 96, 10, 43, 39, 47, 68, 21, 20, 58, 5, 36, 6, 71, 28, 22, 63, 32, 29, 27, 11, 13, 88, 70, 2, 59, 69, 35, 17, 46, 60, 51, 26, 37, 99, 66, 55, 54, 38, 80, 45, 42, 1, 74, 79, 90, 82, 44, 18, 91, 57, 100, 78, 93, 87, 50, 77, 97, 9, 24, 15, 72, 76, 65, 95, 56, 61, 83, 23, 81, 92, 86, 52, 49, 34, 75, 85, 64, 98, 94]项目工期为：324.0；项目成本为：94980.4
染色体结构为:
[40, 25, 53, 30, 73, 3, 7, 12, 48, 89, 31, 19, 33, 14, 62, 8, 84, 96, 43, 4, 10, 67, 16, 21, 47, 39, 41, 58, 36, 68, 5, 20, 28, 6, 63, 71, 11, 29, 88, 17, 13, 32, 59, 22, 69, 2, 60, 51, 46, 26, 55, 66, 35, 37, 54, 99, 80, 38, 45, 70, 42, 74, 27, 93, 79, 18, 1, 90, 44, 100, 57, 91, 9, 82, 87, 50, 77, 15, 76, 78, 72, 56, 97, 83, 95, 65, 24, 61, 23, 86, 34, 52, 92, 81, 49, 94, 64, 75, 85, 98]项目工期为：637.0；项目成本为：72537.40000000001
染色体结构为:
[25, 40, 53, 7, 19, 73, 62, 84, 4, 8, 31, 14, 16, 96, 43, 48, 89, 10, 3, 30, 41, 33, 67, 12, 68, 39, 32, 17, 47, 38, 69, 11, 13, 2, 88, 93, 21, 46, 71, 5, 60, 59, 36, 58, 1, 27, 37, 20, 54, 18, 100, 6, 29, 70, 28, 74, 66, 22, 63, 26, 99, 42, 80, 45, 35, 55, 79, 82, 44, 91, 90, 51, 78, 57, 77, 87, 50, 9, 15, 97, 72, 56, 76, 24, 83, 65, 95, 61, 23, 81, 34, 52, 75, 94, 86, 92, 49, 85, 98, 64]项目工期为：409.0；项目成本为：87148.49999999999
染色体结构为:
[3, 89, 48, 30, 7, 12, 53, 33, 73, 25, 19, 31, 84, 40, 8, 62, 14, 4, 96, 10, 16, 43, 67, 39, 47, 21, 41, 68, 36, 58, 5, 6, 28, 63, 20, 29, 17, 32, 71, 11, 13, 2, 88, 46, 59, 69, 60, 51, 22, 55, 35, 26, 37, 38, 66, 80, 54, 45, 70, 99, 42, 93, 27, 74, 18, 79, 90, 44, 1, 100, 91, 57, 82, 9, 50, 77, 87, 78, 15, 97, 76, 56, 72, 95, 83, 24, 61, 65, 23, 52, 86, 49, 34, 81, 92, 75, 64, 85, 94, 98]项目工期为：491.0；项目成本为：80250.29999999999
染色体结构为:
[40, 53, 73, 7, 25, 30, 3, 48, 89, 31, 12, 19, 14, 33, 62, 8, 84, 96, 43, 16, 4, 10, 47, 67, 21, 41, 39, 20, 58, 36, 68, 28, 5, 63, 6, 29, 71, 88, 11, 17, 32, 13, 59, 46, 60, 69, 2, 22, 51, 26, 35, 55, 37, 66, 54, 38, 80, 45, 99, 42, 70, 27, 74, 93, 100, 1, 18, 44, 79, 90, 82, 91, 57, 78, 87, 77, 50, 97, 9, 15, 72, 24, 76, 65, 56, 61, 83, 34, 23, 52, 75, 95, 92, 81, 86, 49, 64, 85, 94, 98]项目工期为：537.0；项目成本为：77327.19999999998
染色体结构为:
[3, 30, 48, 41, 53, 7, 89, 12, 33, 73, 25, 31, 19, 84, 62, 8, 40, 14, 96, 16, 4, 10, 43, 67, 39, 47, 21, 68, 58, 36, 5, 20, 6, 28, 63, 29, 71, 32, 17, 88, 11, 13, 46, 2, 59, 22, 60, 69, 51, 55, 37, 26, 35, 38, 66, 54, 99, 80, 70, 45, 42, 27, 93, 74, 100, 1, 79, 82, 18, 44, 90, 91, 57, 77, 78, 50, 9, 87, 15, 24, 97, 76, 56, 34, 83, 61, 72, 65, 23, 95, 92, 81, 49, 86, 52, 94, 75, 85, 98, 64]项目工期为：391.0；项目成本为：88646.29999999999
染色体结构为:
[3, 48, 30, 89, 7, 53, 33, 12, 73, 19, 31, 25, 84, 40, 8, 14, 4, 62, 96, 16, 10, 43, 67, 47, 39, 21, 41, 68, 36, 58, 5, 20, 6, 28, 63, 71, 17, 29, 32, 13, 88, 11, 46, 2, 59, 69, 51, 60, 22, 55, 35, 26, 37, 66, 38, 80, 54, 45, 99, 70, 42, 93, 27, 74, 18, 79, 1, 90, 44, 100, 91, 57, 50, 82, 87, 9, 77, 15, 78, 76, 97, 56, 72, 24, 95, 83, 61, 65, 23, 52, 86, 49, 34, 81, 75, 92, 64, 94, 85, 98]项目工期为：502.0；项目成本为：79308.9
染色体结构为:
[3, 89, 30, 48, 7, 12, 33, 53, 73, 19, 84, 25, 31, 40, 8, 62, 4, 14, 96, 10, 16, 43, 67, 47, 39, 21, 68, 41, 36, 58, 6, 5, 28, 29, 63, 20, 71, 17, 11, 32, 13, 2, 88, 60, 59, 69, 46, 51, 55, 35, 22, 37, 26, 38, 66, 80, 45, 54, 99, 70, 42, 27, 74, 93, 79, 18, 44, 90, 1, 91, 100, 57, 82, 9, 77, 50, 87, 78, 15, 97, 24, 76, 56, 34, 83, 65, 61, 95, 72, 23, 92, 81, 86, 49, 52, 75, 85, 98, 94, 64]项目工期为：418.0；项目成本为：86105.09999999998
染色体结构为:
[39, 73, 31, 12, 62, 47, 32, 17, 13, 100, 16, 11, 93, 21, 27, 51, 44, 82, 46, 53, 42, 2, 96, 10, 38, 48, 8, 4, 70, 25, 30, 89, 29, 58, 99, 5, 41, 68, 84, 22, 1, 28, 87, 36, 55, 67, 35, 18, 61, 7, 33, 71, 59, 37, 14, 60, 3, 26, 69, 6, 56, 65, 9, 63, 80, 72, 74, 88, 83, 19, 79, 78, 95, 91, 57, 40, 43, 66, 20, 24, 34, 50, 90, 92, 77, 54, 15, 97, 45, 76, 49, 23, 85, 52, 75, 86, 64, 98, 94, 81]项目工期为：254.0；项目成本为：113661.70000000003
染色体结构为:
[40, 25, 7, 53, 73, 19, 62, 4, 84, 31, 3, 48, 89, 30, 12, 33, 16, 14, 96, 8, 43, 67, 10, 47, 39, 41, 21, 68, 20, 5, 58, 28, 36, 6, 63, 71, 32, 11, 22, 13, 29, 27, 88, 70, 2, 59, 60, 69, 46, 35, 17, 51, 37, 99, 26, 66, 55, 54, 42, 80, 1, 38, 74, 45, 79, 90, 44, 82, 18, 78, 100, 57, 91, 93, 87, 50, 77, 9, 15, 76, 72, 56, 61, 24, 65, 83, 95, 34, 97, 92, 23, 52, 75, 86, 81, 94, 49, 64, 85, 98]项目工期为：273.0；项目成本为：107099.30000000002
染色体结构为:
[25, 40, 53, 7, 73, 19, 62, 84, 4, 8, 31, 14, 16, 96, 43, 48, 10, 89, 3, 30, 41, 33, 67, 12, 68, 39, 32, 17, 47, 38, 69, 11, 13, 2, 88, 93, 21, 46, 71, 5, 59, 60, 36, 58, 1, 27, 37, 20, 54, 18, 100, 6, 29, 70, 28, 74, 66, 22, 26, 63, 99, 42, 80, 45, 35, 55, 79, 82, 44, 91, 90, 51, 78, 57, 77, 87, 50, 9, 15, 97, 72, 56, 76, 24, 83, 65, 95, 61, 23, 81, 34, 52, 75, 94, 86, 92, 49, 85, 98, 64]项目工期为：409.0；项目成本为：87148.49999999999
染色体结构为:
[3, 7, 30, 48, 41, 89, 53, 40, 33, 12, 73, 25, 31, 32, 17, 39, 62, 47, 68, 11, 10, 4, 84, 21, 14, 69, 38, 93, 67, 71, 46, 5, 60, 2, 59, 1, 27, 36, 58, 37, 20, 100, 18, 6, 54, 28, 70, 29, 8, 74, 63, 22, 66, 19, 26, 13, 16, 99, 42, 80, 45, 96, 79, 44, 35, 55, 90, 82, 91, 57, 77, 50, 78, 9, 87, 43, 15, 88, 51, 24, 97, 76, 34, 61, 56, 83, 72, 65, 95, 23, 92, 81, 49, 86, 52, 75, 85, 94, 98, 64]项目工期为：352.0；项目成本为：92165.0
染色体结构为:
[89, 3, 48, 7, 30, 12, 53, 33, 73, 25, 19, 84, 31, 8, 40, 62, 14, 96, 4, 10, 16, 67, 47, 43, 39, 21, 41, 68, 36, 5, 58, 6, 63, 28, 20, 29, 11, 71, 17, 13, 32, 2, 88, 59, 60, 46, 51, 69, 22, 55, 35, 38, 26, 37, 66, 54, 80, 45, 70, 99, 42, 93, 27, 74, 18, 79, 90, 44, 100, 91, 1, 82, 9, 57, 77, 50, 87, 78, 15, 76, 97, 72, 56, 95, 83, 24, 65, 23, 61, 52, 86, 34, 49, 81, 92, 64, 75, 85, 94, 98]项目工期为：446.0；项目成本为：83526.69999999997
染色体结构为:
[3, 89, 30, 48, 7, 12, 53, 33, 73, 19, 84, 31, 25, 40, 8, 4, 62, 14, 96, 10, 43, 16, 67, 47, 39, 21, 68, 41, 36, 6, 58, 5, 28, 63, 29, 20, 71, 17, 11, 32, 13, 2, 88, 60, 59, 46, 69, 51, 55, 22, 35, 37, 26, 38, 80, 66, 45, 54, 99, 42, 70, 74, 27, 79, 93, 18, 1, 44, 91, 90, 100, 82, 57, 9, 77, 87, 50, 78, 15, 97, 24, 76, 56, 95, 72, 65, 23, 83, 52, 61, 92, 34, 94, 81, 86, 75, 49, 64, 85, 98]项目工期为：460.0；项目成本为：82544.70000000001
染色体结构为:
[48, 53, 3, 30, 89, 7, 41, 33, 73, 40, 31, 12, 39, 47, 62, 11, 32, 17, 10, 69, 68, 84, 4, 38, 67, 93, 71, 14, 21, 46, 5, 2, 60, 59, 1, 58, 18, 36, 27, 37, 20, 54, 25, 70, 100, 6, 28, 8, 19, 63, 26, 22, 66, 13, 99, 45, 16, 42, 80, 29, 35, 96, 74, 79, 90, 91, 55, 78, 44, 82, 57, 43, 77, 50, 87, 9, 51, 15, 76, 88, 72, 24, 56, 65, 23, 61, 97, 52, 83, 34, 49, 92, 95, 81, 64, 85, 98, 94, 75, 86]项目工期为：320.0；项目成本为：95783.5
染色体结构为:
[3, 53, 73, 25, 40, 30, 7, 48, 89, 33, 41, 31, 39, 12, 32, 17, 47, 62, 10, 68, 84, 11, 4, 69, 14, 21, 38, 67, 71, 93, 5, 46, 59, 60, 1, 2, 36, 58, 37, 20, 27, 100, 54, 70, 18, 6, 28, 29, 74, 63, 22, 8, 66, 13, 26, 19, 80, 99, 16, 45, 35, 42, 96, 79, 55, 91, 44, 90, 78, 82, 57, 43, 50, 77, 87, 9, 51, 15, 24, 97, 88, 65, 76, 56, 61, 72, 34, 95, 83, 23, 86, 92, 52, 49, 81, 75, 85, 94, 64, 98]项目工期为：337.0；项目成本为：93549.29999999999
染色体结构为:
[7, 25, 40, 19, 53, 73, 62, 4, 84, 31, 3, 48, 89, 30, 12, 33, 16, 96, 14, 43, 8, 67, 47, 39, 10, 41, 21, 68, 20, 58, 5, 36, 28, 71, 6, 63, 22, 29, 32, 11, 27, 13, 70, 88, 59, 2, 17, 69, 60, 35, 46, 37, 51, 26, 55, 99, 66, 54, 80, 42, 1, 38, 45, 74, 79, 90, 44, 82, 18, 78, 100, 91, 57, 93, 87, 50, 77, 9, 15, 76, 56, 72, 24, 61, 65, 83, 95, 97, 34, 92, 23, 52, 75, 49, 86, 81, 94, 85, 64, 98]项目工期为：289.0；项目成本为：101305.09999999999
染色体结构为:
[3, 41, 48, 30, 89, 53, 33, 7, 40, 12, 73, 47, 31, 39, 62, 11, 32, 17, 10, 69, 68, 4, 84, 38, 93, 14, 67, 21, 71, 60, 5, 2, 25, 59, 46, 36, 27, 1, 58, 18, 100, 37, 20, 70, 6, 54, 28, 29, 8, 74, 63, 66, 22, 19, 26, 13, 16, 99, 42, 35, 80, 45, 96, 79, 55, 90, 44, 91, 82, 57, 78, 50, 77, 9, 43, 87, 97, 15, 88, 51, 24, 76, 56, 72, 65, 34, 61, 95, 83, 23, 92, 86, 52, 75, 85, 49, 94, 81, 98, 64]项目工期为：361.0；项目成本为：91456.69999999998
染色体结构为:
[3, 30, 89, 48, 7, 12, 33, 73, 53, 19, 25, 84, 31, 40, 8, 62, 4, 14, 96, 10, 43, 16, 67, 47, 39, 21, 68, 41, 58, 36, 6, 29, 5, 28, 20, 17, 63, 71, 11, 13, 32, 88, 2, 60, 59, 46, 69, 51, 55, 35, 37, 22, 26, 38, 66, 45, 80, 99, 54, 70, 42, 27, 93, 74, 79, 18, 90, 44, 1, 91, 100, 57, 82, 9, 77, 50, 87, 78, 15, 76, 97, 24, 83, 56, 65, 34, 95, 61, 72, 23, 92, 81, 86, 49, 52, 75, 85, 98, 64, 94]项目工期为：402.0；项目成本为：87629.69999999998
染色体结构为:
[7, 25, 19, 53, 40, 73, 31, 84, 14, 62, 4, 8, 10, 16, 96, 67, 43, 30, 3, 89, 48, 33, 12, 39, 21, 47, 68, 41, 20, 58, 5, 28, 36, 63, 6, 22, 71, 29, 32, 11, 27, 70, 13, 2, 88, 59, 17, 60, 35, 46, 69, 51, 66, 55, 26, 37, 54, 80, 99, 1, 38, 45, 74, 79, 42, 82, 90, 44, 91, 100, 18, 78, 57, 77, 93, 87, 50, 9, 15, 56, 76, 61, 24, 97, 34, 72, 83, 65, 23, 95, 52, 75, 92, 49, 86, 81, 85, 94, 98, 64]项目工期为：317.0；项目成本为：96398.3
染色体结构为:
[40, 25, 53, 73, 30, 7, 3, 48, 12, 89, 31, 19, 33, 14, 62, 84, 8, 43, 4, 96, 10, 16, 21, 67, 47, 41, 39, 58, 36, 20, 68, 5, 28, 6, 63, 11, 29, 71, 17, 13, 32, 88, 59, 22, 69, 2, 60, 51, 26, 55, 46, 66, 35, 37, 99, 54, 80, 38, 45, 42, 70, 93, 74, 79, 27, 18, 1, 90, 57, 44, 100, 9, 91, 50, 82, 87, 77, 15, 76, 78, 56, 72, 97, 83, 95, 24, 65, 61, 23, 86, 52, 49, 34, 81, 92, 75, 85, 64, 98, 94]项目工期为：539.0；项目成本为：77318.2
染色体结构为:
[73, 31, 39, 47, 12, 62, 17, 32, 13, 100, 11, 93, 16, 21, 44, 27, 51, 46, 82, 2, 53, 38, 42, 96, 10, 48, 8, 70, 4, 25, 99, 89, 30, 29, 5, 41, 58, 84, 22, 28, 1, 68, 36, 35, 87, 67, 55, 61, 18, 7, 33, 59, 71, 37, 14, 60, 26, 69, 6, 56, 3, 9, 65, 80, 72, 63, 74, 19, 88, 83, 79, 78, 91, 95, 57, 40, 43, 20, 66, 24, 34, 90, 50, 92, 54, 77, 45, 15, 97, 76, 23, 49, 85, 52, 75, 86, 81, 64, 98, 94]项目工期为：261.0；项目成本为：111620.90000000002
染色体结构为:
[25, 40, 7, 19, 53, 73, 62, 4, 31, 84, 3, 89, 48, 30, 33, 12, 16, 96, 14, 8, 43, 67, 10, 47, 41, 39, 21, 68, 20, 58, 5, 36, 6, 28, 71, 63, 32, 22, 29, 11, 13, 27, 70, 88, 2, 59, 17, 60, 69, 35, 46, 37, 51, 99, 55, 26, 66, 80, 38, 54, 42, 45, 1, 74, 44, 79, 90, 18, 82, 78, 100, 91, 57, 93, 87, 77, 50, 9, 15, 76, 56, 72, 24, 61, 83, 65, 95, 97, 23, 34, 92, 52, 75, 81, 86, 85, 94, 49, 98, 64]项目工期为：280.0；项目成本为：105576.3
染色体结构为:
[29, 25, 7, 40, 53, 19, 62, 73, 4, 84, 31, 48, 3, 89, 30, 12, 33, 16, 96, 14, 43, 8, 67, 47, 39, 10, 41, 21, 68, 20, 58, 36, 5, 28, 71, 6, 63, 22, 32, 11, 27, 13, 70, 88, 59, 17, 2, 69, 60, 46, 35, 37, 51, 26, 99, 55, 66, 54, 80, 42, 1, 38, 45, 74, 79, 90, 44, 82, 18, 78, 100, 91, 57, 93, 87, 50, 77, 9, 15, 76, 56, 72, 24, 83, 61, 65, 95, 97, 34, 92, 23, 52, 75, 81, 86, 49, 85, 94, 64, 98]项目工期为：287.0；项目成本为：102600.1
染色体结构为:
[3, 48, 30, 89, 7, 33, 53, 12, 73, 19, 31, 25, 84, 40, 8, 14, 62, 4, 96, 16, 10, 43, 47, 67, 21, 39, 41, 68, 36, 58, 5, 20, 28, 6, 63, 71, 17, 29, 13, 32, 88, 11, 46, 2, 59, 51, 69, 60, 22, 55, 35, 26, 37, 66, 38, 80, 54, 45, 99, 70, 42, 93, 27, 74, 18, 79, 1, 90, 44, 100, 91, 57, 50, 82, 87, 9, 77, 15, 78, 97, 56, 76, 72, 24, 95, 83, 61, 65, 23, 52, 86, 49, 34, 81, 75, 92, 64, 94, 85, 98]项目工期为：511.0；项目成本为：79135.80000000002
染色体结构为:
[25, 7, 19, 40, 53, 62, 4, 73, 84, 31, 3, 48, 30, 89, 12, 33, 16, 14, 96, 8, 43, 67, 10, 41, 47, 39, 21, 68, 20, 58, 5, 36, 6, 71, 28, 63, 22, 32, 11, 29, 13, 27, 88, 2, 70, 59, 17, 69, 60, 46, 35, 51, 37, 26, 99, 55, 54, 66, 80, 42, 38, 1, 45, 74, 79, 90, 44, 82, 18, 78, 100, 57, 93, 91, 87, 50, 77, 9, 15, 76, 72, 56, 83, 61, 24, 65, 97, 34, 95, 92, 23, 52, 75, 86, 81, 94, 49, 85, 98, 64]项目工期为：285.0；项目成本为：104207.6
染色体结构为:
[3, 48, 89, 7, 53, 30, 12, 33, 73, 19, 25, 31, 40, 8, 14, 4, 84, 62, 96, 10, 16, 43, 47, 67, 39, 21, 41, 68, 36, 58, 5, 20, 6, 28, 63, 71, 29, 17, 11, 13, 32, 88, 46, 2, 59, 69, 51, 60, 22, 55, 35, 26, 38, 37, 66, 80, 54, 45, 99, 70, 42, 93, 27, 74, 18, 79, 1, 90, 44, 100, 91, 57, 50, 82, 9, 87, 77, 15, 78, 76, 97, 56, 24, 72, 83, 95, 65, 61, 23, 86, 52, 49, 34, 81, 75, 92, 64, 85, 94, 98]项目工期为：487.0；项目成本为：80505.80000000002
染色体结构为:
[7, 40, 19, 25, 53, 73, 31, 84, 14, 4, 8, 62, 10, 16, 67, 43, 48, 96, 30, 89, 3, 12, 33, 39, 47, 41, 21, 58, 68, 20, 36, 5, 28, 6, 63, 22, 29, 71, 11, 32, 70, 27, 2, 13, 59, 88, 17, 60, 46, 35, 51, 69, 66, 55, 26, 37, 99, 54, 80, 1, 42, 38, 74, 45, 79, 90, 100, 44, 82, 91, 18, 78, 57, 93, 77, 87, 50, 9, 15, 76, 56, 61, 97, 24, 72, 34, 83, 65, 23, 52, 95, 86, 75, 92, 49, 81, 85, 94, 64, 98]项目工期为：294.0；项目成本为：99556.00000000003
染色体结构为:
[3, 89, 48, 30, 7, 12, 33, 53, 73, 19, 25, 84, 31, 40, 8, 62, 4, 14, 96, 10, 16, 43, 67, 39, 47, 21, 41, 68, 36, 58, 5, 6, 28, 63, 20, 29, 71, 32, 17, 11, 13, 2, 46, 88, 59, 60, 69, 51, 22, 55, 35, 26, 37, 38, 66, 80, 45, 54, 70, 99, 93, 42, 27, 74, 18, 79, 90, 44, 1, 91, 100, 82, 57, 50, 9, 77, 87, 78, 15, 76, 97, 56, 72, 95, 24, 83, 61, 23, 52, 86, 65, 49, 34, 81, 92, 75, 64, 85, 94, 98]项目工期为：479.0；项目成本为：80719.09999999999
染色体结构为:
[40, 53, 73, 25, 30, 7, 3, 48, 12, 89, 31, 19, 33, 14, 62, 8, 84, 43, 4, 96, 10, 16, 21, 67, 47, 41, 58, 39, 36, 68, 20, 5, 28, 6, 63, 29, 71, 11, 17, 88, 13, 32, 59, 22, 69, 60, 51, 2, 26, 55, 66, 46, 35, 37, 99, 54, 80, 38, 70, 42, 45, 93, 74, 79, 27, 18, 1, 90, 44, 100, 9, 57, 91, 82, 50, 87, 77, 15, 78, 76, 56, 72, 97, 83, 65, 95, 24, 23, 61, 86, 34, 92, 52, 81, 94, 49, 64, 75, 85, 98]项目工期为：599.0；项目成本为：73445.70000000001
染色体结构为:
[89, 30, 3, 48, 12, 7, 33, 53, 73, 19, 84, 25, 31, 40, 8, 62, 4, 14, 96, 10, 16, 43, 67, 47, 39, 21, 68, 41, 36, 58, 6, 5, 29, 20, 28, 63, 17, 71, 11, 13, 32, 2, 88, 59, 60, 46, 69, 51, 55, 35, 22, 37, 26, 38, 66, 80, 45, 54, 99, 70, 27, 42, 93, 74, 79, 18, 44, 90, 1, 91, 100, 82, 57, 9, 77, 50, 87, 78, 15, 76, 97, 56, 24, 83, 65, 34, 61, 95, 72, 23, 92, 81, 49, 86, 52, 75, 85, 98, 64, 94]项目工期为：393.0；项目成本为：88062.79999999999
染色体结构为:
[3, 89, 48, 30, 7, 12, 33, 53, 73, 19, 84, 25, 31, 40, 62, 8, 4, 14, 96, 10, 16, 43, 67, 47, 39, 21, 68, 41, 36, 58, 5, 6, 29, 28, 63, 20, 17, 71, 32, 11, 13, 2, 88, 60, 59, 69, 46, 51, 55, 35, 22, 37, 38, 26, 80, 66, 45, 54, 99, 70, 42, 27, 74, 93, 79, 18, 44, 90, 1, 91, 100, 57, 9, 82, 50, 77, 87, 78, 97, 24, 15, 76, 56, 34, 83, 65, 72, 61, 23, 95, 81, 52, 92, 86, 75, 94, 85, 98, 49, 64]项目工期为：412.0；项目成本为：86854.89999999998
染色体结构为:
[7, 29, 40, 30, 71, 84, 32, 22, 28, 11, 67, 96, 14, 31, 47, 27, 41, 35, 19, 70, 4, 53, 62, 1, 5, 74, 79, 63, 13, 55, 46, 45, 73, 20, 21, 58, 17, 90, 3, 82, 59, 44, 91, 100, 6, 18, 80, 69, 12, 78, 57, 77, 93, 89, 39, 43, 2, 26, 66, 50, 33, 8, 87, 10, 9, 38, 25, 51, 15, 99, 36, 76, 68, 72, 16, 56, 42, 48, 24, 37, 95, 61, 60, 88, 97, 54, 83, 34, 23, 52, 75, 92, 65, 81, 85, 86, 49, 98, 94, 64]项目工期为：278.0；项目成本为：105950.30000000002
染色体结构为:
[3, 89, 30, 48, 7, 12, 53, 33, 73, 19, 84, 31, 40, 25, 8, 62, 4, 14, 96, 10, 16, 43, 67, 47, 39, 21, 68, 41, 36, 58, 6, 5, 28, 63, 29, 71, 20, 17, 11, 32, 13, 2, 88, 60, 59, 69, 51, 46, 55, 35, 22, 37, 26, 38, 80, 66, 45, 54, 70, 99, 42, 74, 27, 79, 93, 18, 44, 1, 91, 90, 100, 82, 57, 77, 9, 87, 50, 78, 15, 97, 76, 24, 56, 95, 72, 65, 23, 83, 52, 61, 92, 34, 94, 81, 86, 75, 49, 64, 85, 98]项目工期为：461.0；项目成本为：82146.00000000003
染色体结构为:
[53, 25, 40, 73, 48, 7, 30, 3, 89, 33, 31, 41, 39, 12, 32, 47, 17, 62, 10, 11, 68, 84, 4, 69, 21, 38, 14, 67, 93, 46, 71, 5, 60, 59, 1, 2, 58, 36, 37, 20, 27, 100, 18, 54, 6, 70, 29, 28, 8, 74, 63, 22, 66, 19, 13, 26, 99, 16, 80, 42, 45, 96, 35, 79, 55, 44, 90, 91, 82, 57, 78, 50, 77, 43, 87, 9, 51, 15, 24, 97, 88, 76, 56, 34, 83, 61, 72, 95, 23, 65, 92, 81, 86, 49, 52, 75, 85, 98, 94, 64]项目工期为：331.0；项目成本为：94518.5
染色体结构为:
[3, 30, 48, 53, 89, 41, 33, 40, 73, 7, 47, 12, 39, 31, 32, 62, 17, 11, 10, 69, 68, 84, 14, 38, 93, 21, 71, 67, 4, 60, 5, 2, 46, 25, 59, 1, 36, 58, 27, 37, 18, 100, 20, 70, 29, 54, 28, 8, 6, 74, 22, 63, 66, 26, 13, 19, 80, 45, 16, 99, 35, 42, 96, 79, 44, 55, 91, 90, 82, 78, 57, 43, 50, 77, 87, 9, 51, 15, 97, 24, 76, 72, 88, 95, 56, 65, 61, 23, 83, 92, 86, 81, 49, 34, 52, 85, 75, 94, 98, 64]项目工期为：376.0；项目成本为：89538.79999999999
染色体结构为:
[89, 3, 48, 7, 30, 12, 73, 53, 33, 25, 19, 31, 40, 84, 62, 8, 4, 14, 96, 10, 16, 47, 43, 67, 39, 21, 41, 68, 36, 5, 58, 6, 63, 28, 20, 29, 71, 11, 17, 13, 32, 2, 88, 59, 60, 46, 69, 51, 22, 55, 26, 35, 66, 38, 37, 54, 80, 70, 45, 42, 93, 99, 27, 74, 18, 79, 90, 44, 91, 1, 100, 57, 82, 77, 9, 87, 50, 15, 76, 78, 97, 72, 56, 95, 83, 24, 65, 23, 52, 86, 61, 34, 49, 92, 81, 75, 64, 94, 85, 98]项目工期为：457.0；项目成本为：82913.99999999997
染色体结构为:
[48, 53, 3, 30, 89, 7, 41, 73, 33, 40, 12, 31, 47, 39, 11, 32, 62, 17, 10, 68, 69, 84, 4, 67, 38, 93, 71, 14, 21, 46, 5, 60, 2, 1, 59, 18, 36, 58, 27, 37, 20, 54, 25, 70, 100, 6, 28, 8, 19, 63, 66, 26, 22, 13, 99, 45, 16, 42, 80, 29, 96, 35, 74, 79, 90, 91, 55, 78, 82, 44, 57, 43, 77, 50, 87, 51, 9, 15, 76, 88, 72, 24, 56, 65, 23, 61, 97, 52, 83, 34, 49, 92, 95, 81, 64, 85, 98, 75, 94, 86]项目工期为：314.0；项目成本为：96686.5
染色体结构为:
[73, 31, 39, 47, 12, 62, 17, 13, 32, 100, 11, 93, 16, 21, 44, 27, 51, 46, 82, 2, 53, 38, 42, 96, 10, 48, 8, 70, 4, 25, 99, 89, 30, 29, 41, 5, 58, 84, 22, 28, 1, 68, 36, 35, 67, 87, 55, 61, 18, 7, 33, 59, 71, 37, 14, 60, 26, 69, 6, 56, 3, 9, 65, 80, 72, 63, 74, 19, 88, 79, 78, 83, 91, 95, 57, 40, 20, 43, 66, 24, 34, 50, 90, 92, 54, 77, 45, 15, 97, 76, 49, 23, 85, 52, 75, 86, 81, 64, 98, 94]项目工期为：260.0；项目成本为：111950.10000000003
染色体结构为:
[48, 3, 30, 89, 7, 33, 53, 12, 73, 19, 31, 25, 84, 40, 8, 14, 62, 96, 4, 16, 10, 47, 67, 43, 21, 39, 41, 68, 36, 58, 5, 20, 6, 28, 63, 71, 17, 29, 13, 88, 32, 11, 46, 2, 51, 59, 69, 60, 22, 55, 35, 26, 37, 66, 38, 80, 54, 45, 99, 70, 42, 93, 27, 18, 74, 79, 1, 90, 44, 100, 91, 57, 50, 82, 87, 9, 15, 78, 77, 97, 56, 76, 72, 24, 95, 83, 61, 65, 23, 52, 86, 49, 34, 81, 75, 92, 64, 85, 94, 98]项目工期为：521.0；项目成本为：78165.29999999999
染色体结构为:
[3, 48, 30, 89, 53, 7, 33, 73, 12, 19, 31, 25, 40, 84, 8, 4, 14, 62, 96, 16, 10, 43, 67, 47, 39, 21, 41, 68, 36, 58, 5, 6, 20, 28, 63, 71, 17, 29, 32, 13, 88, 11, 46, 2, 69, 59, 51, 60, 22, 55, 35, 26, 37, 66, 38, 80, 54, 99, 70, 42, 45, 93, 27, 74, 18, 79, 1, 90, 44, 100, 91, 57, 50, 82, 87, 9, 77, 15, 78, 76, 97, 56, 72, 24, 95, 83, 61, 65, 23, 52, 86, 49, 34, 81, 75, 92, 64, 94, 85, 98]项目工期为：513.0；项目成本为：78829.80000000002
染色体结构为:
[39, 73, 31, 47, 12, 62, 32, 17, 13, 100, 16, 93, 27, 21, 11, 44, 51, 82, 53, 46, 42, 2, 96, 10, 38, 48, 8, 70, 4, 25, 30, 89, 29, 99, 58, 5, 41, 68, 22, 84, 1, 28, 87, 36, 55, 35, 67, 18, 61, 33, 7, 71, 59, 14, 37, 60, 26, 3, 69, 65, 6, 56, 63, 9, 74, 80, 72, 88, 83, 19, 78, 79, 91, 95, 57, 40, 43, 66, 20, 24, 34, 90, 92, 50, 54, 77, 15, 45, 97, 23, 49, 85, 76, 52, 75, 98, 86, 64, 94, 81]项目工期为：256.0；项目成本为：112821.90000000002
染色体结构为:
[25, 7, 19, 40, 53, 4, 62, 73, 84, 31, 3, 48, 30, 89, 33, 12, 16, 14, 96, 8, 43, 67, 10, 47, 41, 39, 21, 68, 20, 58, 5, 6, 36, 71, 28, 63, 22, 32, 11, 29, 13, 27, 88, 2, 70, 17, 59, 69, 60, 46, 35, 51, 37, 26, 99, 55, 54, 66, 80, 42, 38, 1, 74, 45, 79, 90, 44, 82, 18, 78, 100, 93, 57, 91, 87, 50, 77, 9, 15, 76, 72, 83, 61, 56, 24, 97, 65, 34, 92, 95, 23, 52, 75, 86, 81, 49, 94, 85, 98, 64]项目工期为：282.0；项目成本为：104596.90000000001
染色体结构为:
[3, 89, 48, 30, 7, 12, 33, 53, 73, 19, 25, 31, 40, 84, 62, 8, 4, 96, 14, 10, 16, 43, 47, 67, 39, 21, 68, 36, 41, 58, 5, 6, 63, 28, 20, 71, 29, 17, 11, 88, 13, 32, 59, 2, 60, 46, 22, 69, 51, 55, 35, 26, 37, 66, 38, 99, 93, 54, 80, 42, 70, 45, 100, 27, 18, 74, 1, 79, 90, 82, 91, 44, 57, 77, 50, 87, 78, 9, 15, 76, 97, 56, 24, 72, 95, 65, 83, 23, 61, 52, 92, 81, 34, 86, 49, 94, 64, 75, 85, 98]项目工期为：501.0；项目成本为：79329.9
染色体结构为:
[3, 48, 30, 89, 7, 33, 53, 12, 73, 19, 31, 25, 84, 40, 8, 14, 4, 62, 96, 16, 10, 43, 47, 67, 21, 39, 68, 41, 36, 58, 5, 20, 28, 6, 63, 71, 17, 29, 13, 32, 88, 46, 11, 2, 59, 51, 69, 60, 22, 55, 35, 26, 37, 66, 38, 80, 54, 99, 45, 70, 42, 74, 27, 93, 18, 79, 1, 90, 100, 44, 91, 57, 9, 82, 87, 77, 50, 15, 76, 78, 97, 72, 24, 56, 65, 83, 34, 61, 23, 95, 92, 52, 81, 86, 49, 75, 64, 85, 94, 98]项目工期为：514.0；项目成本为：78636.09999999999
染色体结构为:
[48, 89, 3, 53, 30, 7, 31, 33, 12, 25, 40, 73, 41, 4, 19, 84, 62, 8, 16, 14, 67, 96, 10, 43, 39, 47, 68, 21, 20, 58, 36, 5, 6, 28, 71, 63, 22, 29, 32, 11, 27, 13, 2, 88, 59, 17, 70, 69, 46, 35, 51, 60, 26, 37, 99, 66, 55, 54, 80, 38, 1, 45, 42, 74, 79, 82, 90, 44, 18, 91, 100, 57, 78, 93, 50, 77, 87, 97, 9, 15, 24, 56, 72, 76, 95, 61, 65, 83, 92, 81, 23, 86, 52, 49, 75, 34, 85, 64, 98, 94]项目工期为：332.0；项目成本为：94460.79999999999
染色体结构为:
[53, 40, 73, 25, 30, 3, 7, 48, 12, 89, 31, 19, 33, 14, 62, 8, 84, 43, 4, 96, 16, 10, 21, 67, 47, 41, 58, 39, 36, 68, 20, 5, 28, 6, 63, 29, 71, 11, 17, 88, 13, 32, 59, 22, 60, 69, 51, 2, 26, 55, 66, 46, 35, 37, 99, 54, 80, 38, 70, 42, 45, 93, 74, 79, 27, 18, 1, 90, 44, 100, 9, 57, 91, 82, 50, 87, 77, 15, 78, 76, 56, 72, 97, 83, 65, 95, 24, 23, 61, 86, 34, 92, 52, 81, 94, 49, 64, 75, 85, 98]项目工期为：601.0；项目成本为：73086.70000000001
染色体结构为:
[7, 29, 40, 30, 84, 71, 32, 22, 28, 11, 67, 96, 14, 31, 47, 27, 41, 35, 70, 19, 4, 53, 62, 1, 5, 74, 79, 13, 63, 46, 45, 55, 73, 20, 58, 21, 17, 90, 3, 82, 59, 44, 91, 100, 6, 18, 80, 69, 12, 78, 57, 77, 93, 39, 89, 43, 2, 26, 66, 50, 33, 8, 87, 10, 9, 25, 38, 51, 15, 99, 36, 76, 68, 72, 16, 56, 42, 24, 48, 37, 95, 61, 60, 97, 88, 54, 83, 34, 23, 52, 75, 92, 65, 81, 85, 86, 98, 49, 94, 64]项目工期为：279.0；项目成本为：105818.00000000001
染色体结构为:
[40, 25, 53, 30, 73, 3, 7, 12, 48, 89, 31, 33, 19, 14, 62, 8, 84, 96, 43, 4, 10, 67, 16, 21, 47, 39, 41, 58, 36, 68, 5, 20, 28, 6, 63, 71, 29, 11, 88, 17, 13, 32, 59, 22, 69, 2, 60, 51, 46, 26, 66, 55, 35, 37, 99, 54, 80, 38, 45, 70, 42, 74, 27, 93, 79, 18, 1, 90, 44, 100, 57, 91, 9, 82, 87, 50, 77, 15, 76, 78, 72, 56, 97, 83, 95, 65, 24, 61, 23, 86, 34, 52, 92, 49, 81, 94, 64, 75, 85, 98]项目工期为：659.0；项目成本为：72401.8
染色体结构为:
[89, 3, 30, 48, 7, 12, 33, 53, 73, 19, 84, 31, 25, 40, 62, 8, 4, 14, 96, 10, 16, 67, 43, 47, 21, 39, 68, 41, 36, 58, 6, 5, 28, 29, 63, 20, 17, 71, 11, 32, 13, 2, 88, 60, 59, 69, 46, 51, 35, 55, 22, 37, 26, 38, 66, 45, 80, 54, 99, 70, 42, 27, 74, 93, 79, 18, 44, 90, 1, 91, 100, 57, 82, 9, 77, 50, 87, 78, 15, 97, 24, 76, 56, 34, 83, 65, 61, 95, 23, 92, 72, 81, 86, 49, 52, 75, 85, 98, 94, 64]项目工期为：413.0；项目成本为：86327.79999999999
染色体结构为:
[3, 89, 48, 30, 7, 12, 53, 33, 73, 19, 25, 84, 31, 40, 8, 62, 14, 4, 10, 96, 16, 43, 67, 47, 39, 41, 21, 68, 36, 5, 58, 6, 28, 63, 20, 29, 71, 32, 11, 17, 13, 2, 46, 88, 59, 60, 69, 22, 51, 55, 35, 26, 38, 37, 66, 80, 45, 54, 99, 70, 93, 42, 27, 74, 18, 79, 90, 44, 1, 91, 100, 57, 82, 50, 9, 77, 87, 15, 78, 76, 97, 56, 72, 95, 24, 61, 83, 65, 23, 52, 86, 49, 34, 81, 92, 75, 85, 64, 94, 98]项目工期为：470.0；项目成本为：81689.2
染色体结构为:
[48, 3, 53, 30, 89, 41, 7, 33, 73, 40, 31, 12, 39, 62, 47, 11, 32, 17, 69, 68, 10, 84, 38, 4, 67, 93, 71, 14, 21, 46, 5, 2, 60, 59, 1, 58, 18, 36, 27, 37, 25, 20, 54, 70, 100, 6, 28, 8, 19, 63, 26, 66, 22, 13, 45, 99, 16, 42, 80, 29, 96, 35, 74, 79, 90, 55, 91, 78, 44, 82, 43, 57, 77, 50, 87, 9, 15, 51, 76, 88, 72, 24, 56, 65, 61, 23, 97, 83, 52, 34, 49, 95, 92, 81, 85, 64, 94, 98, 75, 86]项目工期为：318.0；项目成本为：96354.2
染色体结构为:
[40, 25, 53, 30, 73, 3, 48, 7, 12, 89, 31, 19, 33, 62, 14, 8, 84, 96, 43, 4, 10, 67, 47, 16, 39, 21, 41, 58, 68, 36, 5, 20, 28, 6, 63, 71, 11, 17, 29, 13, 88, 32, 59, 22, 69, 2, 60, 51, 26, 46, 66, 55, 37, 35, 54, 99, 38, 80, 45, 70, 42, 74, 27, 93, 18, 79, 1, 90, 100, 44, 91, 9, 57, 82, 77, 87, 50, 15, 76, 78, 97, 72, 24, 56, 65, 83, 34, 61, 23, 95, 92, 52, 81, 86, 49, 75, 64, 85, 98, 94]项目工期为：585.0；项目成本为：74069.69999999998
染色体结构为:
[7, 3, 53, 30, 89, 48, 33, 40, 41, 12, 73, 47, 31, 39, 62, 11, 32, 17, 10, 68, 69, 84, 4, 38, 93, 14, 21, 67, 71, 5, 25, 60, 2, 59, 36, 46, 1, 27, 58, 18, 100, 37, 20, 70, 54, 6, 28, 29, 8, 63, 74, 66, 22, 19, 26, 13, 99, 16, 42, 45, 80, 35, 96, 55, 44, 79, 90, 91, 57, 82, 78, 50, 77, 9, 43, 87, 97, 15, 88, 51, 76, 24, 56, 72, 65, 61, 34, 95, 83, 23, 86, 52, 92, 75, 85, 49, 94, 81, 98, 64]项目工期为：353.0；项目成本为：91685.69999999998
染色体结构为:
[3, 7, 30, 41, 48, 89, 53, 33, 40, 12, 73, 25, 32, 31, 17, 62, 39, 68, 47, 11, 10, 4, 84, 21, 14, 69, 93, 38, 67, 71, 46, 5, 60, 59, 2, 1, 27, 36, 58, 37, 20, 100, 18, 6, 54, 28, 70, 29, 8, 63, 74, 22, 66, 19, 13, 16, 26, 99, 42, 80, 45, 96, 79, 44, 35, 55, 82, 90, 91, 57, 77, 50, 78, 9, 87, 43, 15, 88, 51, 24, 97, 76, 34, 61, 56, 83, 72, 65, 95, 23, 92, 81, 49, 86, 52, 75, 94, 85, 64, 98]项目工期为：344.0；项目成本为：92601.4
染色体结构为:
[3, 48, 53, 30, 89, 12, 31, 33, 7, 19, 73, 25, 40, 84, 62, 14, 43, 8, 4, 96, 16, 10, 21, 67, 47, 58, 41, 39, 36, 68, 20, 5, 28, 6, 63, 29, 71, 11, 17, 88, 13, 32, 59, 22, 60, 69, 51, 2, 26, 55, 66, 46, 35, 37, 99, 54, 80, 38, 42, 70, 45, 93, 74, 79, 27, 18, 1, 90, 44, 100, 57, 91, 82, 9, 50, 77, 87, 15, 78, 76, 56, 72, 97, 83, 65, 95, 24, 23, 61, 86, 34, 92, 52, 81, 49, 94, 64, 75, 85, 98]项目工期为：630.0；项目成本为：72978.50000000001
染色体结构为:
[3, 30, 48, 53, 89, 41, 33, 40, 73, 7, 12, 47, 39, 31, 32, 62, 17, 11, 10, 69, 68, 84, 38, 14, 93, 21, 71, 67, 4, 60, 5, 2, 46, 25, 59, 1, 36, 58, 37, 27, 18, 100, 20, 70, 29, 54, 28, 8, 6, 74, 22, 63, 66, 26, 13, 19, 80, 45, 16, 99, 35, 42, 96, 79, 44, 55, 91, 90, 82, 78, 57, 43, 50, 77, 87, 9, 51, 15, 24, 97, 76, 88, 72, 95, 56, 65, 61, 23, 83, 34, 52, 92, 86, 75, 49, 81, 94, 85, 64, 98]项目工期为：349.0；项目成本为：92295.8
染色体结构为:
[7, 25, 40, 19, 53, 31, 73, 84, 62, 14, 8, 4, 16, 43, 10, 67, 96, 89, 30, 48, 12, 3, 47, 33, 39, 21, 68, 41, 58, 36, 20, 28, 6, 22, 5, 63, 71, 11, 70, 27, 32, 29, 59, 2, 13, 17, 88, 60, 46, 69, 35, 55, 51, 26, 66, 99, 37, 54, 80, 1, 42, 38, 45, 74, 79, 90, 100, 44, 91, 57, 18, 82, 78, 93, 77, 50, 87, 9, 15, 56, 76, 61, 97, 72, 24, 83, 34, 65, 23, 52, 92, 75, 95, 86, 81, 49, 85, 64, 98, 94]项目工期为：304.0；项目成本为：98180.8
染色体结构为:
[41, 3, 48, 89, 30, 53, 33, 40, 7, 12, 73, 47, 31, 39, 62, 11, 32, 17, 10, 68, 69, 4, 84, 38, 93, 14, 67, 71, 60, 21, 5, 2, 25, 59, 46, 36, 1, 27, 58, 18, 100, 37, 20, 70, 6, 54, 28, 29, 8, 74, 63, 66, 22, 19, 26, 13, 16, 99, 42, 35, 80, 45, 96, 79, 90, 55, 44, 91, 82, 57, 78, 50, 9, 77, 43, 87, 15, 97, 88, 51, 24, 76, 56, 72, 65, 34, 61, 83, 95, 23, 92, 86, 52, 75, 85, 49, 94, 81, 98, 64]项目工期为：363.0；项目成本为：90912.99999999997
染色体结构为:
[25, 40, 7, 73, 19, 53, 62, 84, 4, 14, 31, 3, 30, 48, 89, 41, 33, 47, 12, 39, 32, 11, 17, 10, 69, 38, 68, 93, 21, 67, 71, 60, 5, 2, 46, 59, 36, 1, 58, 27, 37, 18, 100, 20, 70, 29, 54, 28, 8, 6, 74, 22, 63, 66, 26, 13, 80, 45, 16, 99, 35, 42, 96, 79, 44, 55, 91, 82, 90, 78, 57, 43, 50, 77, 87, 9, 51, 15, 97, 24, 76, 88, 72, 95, 56, 65, 61, 23, 83, 92, 86, 81, 49, 34, 52, 85, 75, 94, 64, 98]项目工期为：384.0；项目成本为：89499.19999999998
染色体结构为:
[48, 3, 30, 7, 89, 33, 53, 12, 73, 31, 25, 19, 84, 40, 8, 14, 62, 96, 4, 16, 10, 47, 43, 67, 21, 39, 41, 68, 36, 58, 5, 20, 6, 28, 63, 71, 29, 17, 13, 88, 32, 11, 46, 2, 51, 59, 69, 60, 22, 55, 26, 35, 37, 66, 38, 80, 54, 45, 99, 70, 93, 42, 27, 18, 74, 79, 1, 90, 44, 100, 91, 57, 50, 82, 87, 9, 15, 78, 77, 97, 56, 76, 72, 24, 95, 61, 83, 65, 23, 52, 86, 49, 34, 75, 81, 92, 64, 85, 94, 98]项目工期为：515.0；项目成本为：78503.7
染色体结构为:
[53, 40, 25, 48, 73, 7, 30, 3, 12, 89, 33, 31, 41, 32, 17, 39, 62, 11, 47, 68, 10, 4, 84, 14, 21, 69, 93, 67, 71, 38, 46, 5, 60, 59, 2, 1, 36, 27, 58, 37, 20, 18, 100, 6, 28, 70, 54, 29, 8, 74, 63, 66, 22, 19, 26, 13, 99, 16, 42, 45, 80, 96, 35, 79, 44, 55, 90, 91, 82, 57, 77, 50, 78, 9, 87, 43, 51, 15, 24, 97, 88, 76, 34, 56, 61, 83, 72, 65, 95, 23, 92, 81, 86, 49, 52, 75, 85, 98, 94, 64]项目工期为：343.0；项目成本为：92774.69999999998
染色体结构为:
[3, 7, 53, 48, 30, 41, 89, 33, 40, 12, 73, 47, 39, 31, 62, 32, 11, 17, 68, 69, 10, 4, 84, 21, 14, 38, 67, 93, 71, 60, 2, 25, 5, 59, 1, 36, 46, 58, 27, 18, 37, 100, 20, 54, 28, 70, 29, 6, 8, 22, 74, 66, 63, 26, 19, 13, 80, 16, 35, 45, 96, 79, 99, 55, 42, 44, 90, 82, 91, 78, 57, 50, 77, 43, 51, 87, 9, 15, 97, 76, 24, 72, 88, 65, 61, 95, 23, 56, 83, 81, 92, 34, 52, 49, 86, 75, 64, 85, 94, 98]项目工期为：358.0；项目成本为：91646.59999999998
染色体结构为:
[25, 53, 40, 30, 3, 73, 48, 12, 7, 31, 89, 33, 19, 62, 14, 84, 8, 43, 96, 67, 4, 10, 47, 16, 21, 39, 41, 58, 68, 5, 36, 20, 28, 6, 63, 11, 71, 17, 13, 32, 29, 88, 59, 69, 22, 60, 2, 26, 51, 46, 66, 55, 37, 35, 54, 38, 99, 80, 70, 45, 42, 74, 27, 93, 79, 18, 1, 100, 90, 44, 91, 57, 9, 82, 87, 50, 77, 15, 76, 78, 97, 72, 56, 65, 24, 83, 23, 61, 95, 52, 34, 92, 81, 75, 86, 49, 64, 94, 85, 98]项目工期为：558.0；项目成本为：75997.40000000001
染色体结构为:
[48, 89, 3, 53, 7, 30, 33, 12, 31, 25, 40, 73, 41, 19, 4, 84, 62, 16, 8, 14, 67, 96, 10, 43, 39, 47, 68, 21, 20, 58, 36, 5, 6, 71, 28, 63, 22, 29, 32, 11, 27, 13, 88, 2, 70, 59, 17, 69, 46, 35, 60, 51, 37, 26, 99, 66, 55, 54, 80, 38, 1, 45, 42, 74, 79, 82, 90, 44, 18, 91, 57, 100, 78, 93, 50, 77, 87, 97, 9, 24, 72, 15, 56, 76, 95, 65, 61, 83, 92, 81, 23, 86, 52, 49, 75, 34, 85, 64, 98, 94]项目工期为：326.0；项目成本为：94828.79999999999
染色体结构为:
[53, 40, 73, 25, 30, 3, 7, 48, 12, 31, 89, 19, 33, 14, 62, 8, 84, 43, 96, 4, 10, 16, 21, 67, 47, 41, 58, 39, 36, 68, 20, 5, 28, 6, 63, 29, 71, 11, 17, 88, 13, 59, 32, 22, 60, 51, 69, 2, 55, 26, 66, 46, 35, 37, 99, 54, 80, 38, 70, 42, 45, 74, 93, 79, 18, 27, 1, 90, 100, 44, 57, 9, 91, 82, 50, 87, 77, 78, 15, 76, 56, 72, 97, 83, 95, 65, 24, 23, 61, 86, 34, 92, 52, 81, 94, 49, 64, 75, 85, 98]项目工期为：574.0；项目成本为：75464.20000000003
染色体结构为:
[3, 89, 30, 48, 12, 7, 53, 33, 73, 19, 84, 31, 25, 40, 8, 4, 14, 62, 96, 10, 16, 43, 67, 47, 39, 21, 68, 41, 36, 58, 6, 5, 63, 28, 29, 71, 20, 17, 32, 11, 13, 2, 88, 60, 69, 59, 51, 46, 55, 35, 22, 37, 26, 38, 80, 66, 45, 54, 70, 99, 42, 74, 27, 79, 93, 18, 44, 1, 91, 90, 100, 82, 57, 77, 9, 87, 78, 50, 15, 97, 76, 56, 24, 95, 72, 65, 23, 83, 61, 92, 52, 34, 94, 81, 86, 75, 49, 64, 85, 98]项目工期为：472.0；项目成本为：81681.60000000002
染色体结构为:
[48, 89, 3, 53, 30, 7, 31, 33, 12, 25, 40, 73, 19, 62, 14, 84, 8, 43, 96, 4, 67, 10, 47, 16, 21, 39, 58, 41, 68, 36, 5, 20, 28, 6, 63, 71, 11, 17, 13, 29, 32, 88, 59, 69, 22, 2, 60, 26, 51, 46, 66, 55, 37, 35, 38, 54, 99, 80, 70, 42, 45, 74, 27, 93, 18, 79, 1, 100, 90, 44, 9, 91, 57, 82, 77, 87, 50, 15, 76, 78, 97, 24, 72, 56, 65, 83, 34, 61, 95, 23, 92, 81, 52, 86, 49, 75, 64, 85, 98, 94]项目工期为：540.0；项目成本为：77094.9
染色体结构为:
[3, 89, 30, 48, 12, 7, 33, 73, 53, 19, 25, 84, 31, 40, 8, 62, 4, 14, 96, 10, 43, 16, 67, 47, 39, 21, 68, 41, 58, 36, 6, 29, 5, 28, 20, 17, 63, 71, 11, 13, 32, 2, 88, 59, 60, 46, 69, 55, 51, 35, 37, 22, 26, 38, 66, 45, 80, 54, 99, 70, 27, 42, 93, 74, 79, 18, 44, 90, 1, 91, 100, 82, 9, 57, 77, 50, 87, 78, 15, 97, 76, 24, 83, 56, 65, 34, 61, 95, 72, 23, 92, 81, 86, 52, 75, 85, 49, 94, 64, 98]项目工期为：389.0；项目成本为：88679.19999999998
染色体结构为:
[30, 7, 48, 89, 73, 3, 33, 40, 53, 31, 25, 12, 19, 8, 62, 84, 14, 96, 43, 4, 16, 67, 10, 47, 41, 21, 36, 39, 58, 20, 68, 5, 6, 28, 63, 71, 29, 11, 17, 88, 13, 32, 59, 22, 60, 51, 69, 2, 55, 26, 66, 46, 37, 35, 99, 54, 38, 80, 70, 45, 42, 93, 74, 79, 27, 18, 90, 44, 1, 100, 91, 57, 82, 50, 9, 87, 77, 78, 15, 76, 56, 72, 83, 97, 65, 24, 95, 23, 61, 34, 92, 86, 52, 49, 64, 81, 75, 94, 85, 98]项目工期为：639.0；项目成本为：72402.00000000003
染色体结构为:
[48, 3, 30, 7, 89, 33, 53, 12, 73, 31, 25, 19, 84, 40, 8, 14, 62, 96, 4, 16, 10, 47, 67, 43, 21, 39, 41, 68, 36, 58, 5, 20, 6, 28, 71, 63, 29, 17, 13, 88, 11, 32, 46, 2, 51, 59, 69, 60, 22, 55, 26, 35, 37, 66, 38, 80, 54, 45, 99, 70, 93, 42, 27, 18, 74, 79, 90, 1, 44, 100, 91, 57, 50, 82, 87, 9, 78, 77, 15, 56, 97, 76, 72, 24, 95, 61, 65, 83, 23, 52, 86, 49, 81, 34, 75, 92, 64, 94, 85, 98]项目工期为：496.0；项目成本为：79848.4
染色体结构为:
[3, 89, 30, 48, 7, 12, 33, 53, 73, 19, 84, 31, 40, 8, 25, 4, 62, 14, 96, 10, 16, 43, 67, 21, 47, 41, 39, 58, 36, 68, 5, 20, 28, 6, 63, 71, 11, 29, 88, 13, 32, 59, 17, 22, 69, 2, 60, 51, 46, 26, 55, 66, 35, 37, 54, 99, 80, 38, 45, 70, 74, 42, 27, 93, 79, 18, 1, 90, 44, 100, 57, 91, 9, 82, 87, 50, 77, 15, 76, 78, 72, 56, 97, 83, 95, 24, 65, 23, 61, 86, 34, 52, 92, 81, 49, 94, 75, 64, 85, 98]项目工期为：551.0；项目成本为：76141.2
染色体结构为:
[7, 3, 30, 53, 89, 48, 33, 40, 41, 12, 47, 73, 31, 39, 62, 11, 32, 17, 71, 29, 22, 84, 67, 28, 27, 14, 35, 96, 19, 4, 70, 74, 79, 5, 1, 46, 63, 20, 55, 13, 45, 21, 58, 82, 90, 59, 44, 6, 91, 100, 69, 18, 80, 78, 57, 77, 93, 2, 43, 26, 50, 8, 66, 87, 9, 10, 25, 15, 99, 38, 36, 51, 68, 76, 72, 16, 56, 37, 24, 42, 61, 95, 60, 88, 54, 34, 65, 81, 83, 97, 49, 64, 92, 23, 85, 98, 52, 94, 75, 86]项目工期为：283.0；项目成本为：104259.80000000003
染色体结构为:
[48, 3, 41, 89, 53, 30, 33, 40, 25, 7, 73, 31, 19, 12, 14, 4, 84, 62, 8, 10, 96, 16, 43, 47, 67, 39, 29, 68, 58, 21, 5, 20, 28, 6, 17, 36, 63, 71, 32, 13, 88, 2, 11, 22, 69, 59, 51, 60, 46, 37, 55, 35, 26, 66, 80, 54, 99, 45, 38, 70, 93, 100, 42, 27, 74, 79, 18, 44, 1, 82, 90, 78, 57, 91, 77, 87, 50, 9, 15, 72, 56, 97, 76, 24, 34, 83, 65, 61, 23, 52, 95, 75, 81, 85, 94, 86, 92, 98, 49, 64]项目工期为：441.0；项目成本为：84040.0
染色体结构为:
[48, 3, 89, 41, 53, 30, 33, 40, 25, 7, 73, 31, 12, 19, 14, 4, 84, 62, 8, 10, 96, 16, 43, 47, 67, 39, 29, 68, 58, 21, 5, 20, 28, 17, 6, 36, 63, 32, 71, 13, 2, 88, 11, 22, 59, 69, 51, 60, 46, 37, 55, 35, 66, 26, 80, 54, 99, 45, 38, 93, 70, 100, 42, 27, 74, 79, 18, 44, 1, 90, 82, 78, 57, 77, 91, 87, 50, 9, 15, 56, 72, 97, 24, 76, 34, 65, 83, 23, 61, 52, 95, 75, 81, 85, 94, 86, 92, 98, 49, 64]项目工期为：454.0；项目成本为：83273.59999999999
染色体结构为:
[3, 48, 89, 7, 30, 53, 12, 33, 73, 19, 84, 25, 31, 40, 8, 62, 4, 14, 96, 10, 16, 43, 67, 47, 39, 21, 68, 41, 36, 58, 6, 5, 29, 20, 28, 63, 17, 71, 11, 13, 32, 2, 88, 60, 59, 46, 51, 69, 55, 22, 37, 35, 26, 38, 66, 80, 45, 54, 70, 99, 27, 42, 93, 74, 79, 44, 18, 90, 1, 91, 100, 82, 57, 9, 77, 87, 50, 78, 15, 97, 76, 56, 24, 83, 65, 34, 61, 95, 72, 23, 81, 92, 49, 86, 52, 75, 85, 98, 64, 94]项目工期为：398.0；项目成本为：87743.29999999999
染色体结构为:
[89, 30, 3, 48, 12, 7, 33, 53, 19, 25, 73, 31, 40, 8, 14, 4, 84, 62, 96, 10, 16, 43, 47, 67, 39, 21, 41, 68, 36, 58, 5, 20, 6, 28, 71, 63, 29, 17, 13, 11, 32, 88, 46, 2, 59, 69, 60, 51, 22, 55, 35, 26, 38, 37, 66, 80, 54, 45, 99, 70, 42, 27, 93, 74, 18, 79, 1, 90, 44, 100, 91, 57, 50, 82, 9, 87, 77, 15, 78, 76, 97, 56, 24, 72, 83, 95, 65, 61, 23, 86, 52, 49, 81, 75, 92, 34, 64, 85, 94, 98]项目工期为：485.0；项目成本为：80637.30000000002
染色体结构为:
[3, 89, 30, 48, 7, 12, 33, 53, 73, 19, 84, 31, 40, 8, 25, 4, 62, 14, 96, 16, 10, 43, 67, 21, 47, 41, 39, 58, 36, 68, 5, 20, 28, 6, 63, 71, 11, 29, 88, 13, 32, 59, 17, 22, 69, 2, 60, 51, 46, 26, 55, 66, 35, 37, 54, 99, 80, 38, 45, 70, 74, 42, 27, 93, 79, 18, 1, 90, 44, 100, 57, 91, 9, 82, 87, 50, 77, 15, 76, 78, 72, 56, 83, 97, 95, 24, 23, 65, 86, 61, 34, 92, 52, 81, 49, 75, 94, 64, 85, 98]项目工期为：579.0；项目成本为：75135.1
染色体结构为:
[40, 25, 7, 53, 73, 19, 62, 4, 84, 31, 3, 48, 89, 30, 12, 16, 33, 14, 96, 8, 43, 67, 10, 47, 39, 41, 21, 20, 68, 5, 58, 28, 36, 6, 63, 71, 32, 11, 22, 13, 29, 88, 27, 70, 2, 59, 60, 69, 46, 35, 17, 51, 37, 99, 26, 66, 55, 54, 42, 1, 38, 80, 74, 45, 79, 90, 44, 82, 18, 100, 78, 57, 91, 93, 87, 50, 77, 9, 15, 76, 72, 56, 61, 65, 83, 24, 95, 34, 97, 92, 23, 52, 75, 86, 81, 94, 49, 64, 85, 98]项目工期为：276.0；项目成本为：106156.80000000002
染色体结构为:
[3, 89, 48, 30, 7, 12, 53, 33, 25, 73, 19, 31, 40, 84, 62, 8, 14, 4, 96, 10, 43, 16, 67, 39, 47, 41, 21, 68, 36, 5, 58, 6, 28, 20, 63, 29, 71, 17, 11, 13, 32, 2, 88, 59, 46, 60, 69, 51, 55, 22, 35, 26, 38, 66, 37, 80, 54, 45, 70, 99, 42, 93, 27, 74, 79, 18, 90, 44, 1, 91, 100, 82, 57, 50, 77, 9, 87, 78, 15, 76, 97, 95, 56, 72, 83, 24, 61, 65, 23, 52, 86, 49, 92, 34, 64, 75, 81, 85, 94, 98]项目工期为：435.0；项目成本为：84451.49999999999
染色体结构为:
[25, 7, 19, 40, 53, 62, 4, 73, 84, 31, 48, 3, 30, 89, 33, 12, 16, 14, 96, 8, 43, 67, 10, 41, 47, 39, 21, 68, 20, 58, 5, 36, 6, 71, 28, 63, 22, 11, 32, 29, 13, 27, 88, 2, 70, 59, 17, 69, 60, 46, 35, 51, 37, 26, 99, 55, 54, 66, 80, 42, 38, 1, 45, 74, 79, 90, 44, 82, 18, 78, 100, 91, 57, 93, 50, 87, 9, 77, 15, 76, 56, 72, 24, 61, 65, 83, 95, 34, 92, 97, 23, 52, 75, 49, 81, 86, 85, 94, 64, 98]项目工期为：281.0；项目成本为：104725.20000000001
染色体结构为:
[48, 3, 89, 30, 7, 53, 33, 73, 12, 19, 25, 31, 84, 62, 8, 40, 14, 96, 4, 16, 10, 43, 67, 39, 47, 21, 41, 68, 36, 58, 20, 5, 6, 29, 28, 63, 32, 17, 71, 88, 11, 46, 13, 2, 59, 22, 69, 60, 51, 55, 35, 26, 66, 37, 38, 54, 80, 45, 99, 70, 42, 93, 27, 74, 100, 1, 79, 18, 90, 82, 44, 91, 57, 77, 78, 50, 87, 9, 15, 97, 24, 76, 56, 34, 83, 61, 72, 65, 95, 23, 92, 81, 49, 52, 86, 75, 94, 85, 98, 64]项目工期为：388.0；项目成本为：88934.29999999999
染色体结构为:
[3, 89, 30, 48, 12, 7, 33, 53, 73, 19, 84, 31, 40, 8, 25, 4, 62, 14, 10, 96, 43, 16, 67, 21, 47, 41, 58, 36, 39, 68, 5, 20, 28, 6, 63, 71, 11, 29, 13, 88, 32, 17, 59, 22, 69, 2, 60, 51, 26, 46, 66, 55, 35, 37, 54, 99, 80, 45, 38, 70, 74, 42, 93, 27, 79, 18, 1, 90, 44, 100, 57, 91, 82, 9, 50, 87, 15, 77, 76, 72, 78, 56, 97, 83, 24, 95, 23, 61, 65, 86, 34, 52, 81, 92, 49, 94, 75, 85, 64, 98]项目工期为：559.0；项目成本为：75699.50000000001
染色体结构为:
[48, 3, 53, 30, 89, 41, 7, 33, 73, 40, 31, 12, 39, 47, 62, 32, 11, 17, 69, 10, 84, 68, 4, 38, 67, 93, 71, 21, 14, 5, 46, 2, 60, 59, 1, 36, 58, 18, 27, 37, 20, 54, 25, 70, 100, 6, 8, 19, 63, 26, 28, 22, 66, 13, 99, 45, 16, 42, 80, 29, 96, 74, 35, 79, 90, 55, 91, 78, 44, 82, 43, 57, 77, 50, 87, 9, 51, 15, 76, 88, 72, 24, 56, 65, 61, 23, 97, 83, 52, 34, 92, 95, 49, 81, 64, 85, 98, 86, 94, 75]项目工期为：300.0；项目成本为：98200.80000000002
染色体结构为:
[3, 48, 30, 89, 7, 33, 53, 12, 73, 19, 31, 25, 84, 40, 14, 8, 62, 4, 96, 16, 10, 43, 47, 67, 21, 39, 41, 36, 68, 58, 5, 20, 28, 6, 63, 71, 17, 29, 13, 32, 88, 11, 46, 2, 59, 51, 69, 60, 22, 55, 35, 26, 37, 66, 38, 80, 45, 99, 54, 70, 42, 27, 74, 93, 18, 79, 1, 44, 90, 91, 100, 82, 9, 57, 77, 50, 87, 78, 15, 76, 72, 56, 97, 95, 24, 83, 65, 23, 61, 52, 86, 34, 81, 49, 92, 64, 85, 75, 98, 94]项目工期为：440.0；项目成本为：84240.09999999999
染色体结构为:
[89, 3, 48, 30, 12, 7, 33, 53, 19, 25, 73, 40, 31, 8, 14, 4, 84, 62, 96, 10, 16, 43, 47, 67, 21, 39, 41, 68, 36, 58, 5, 20, 6, 28, 71, 63, 29, 17, 13, 11, 32, 88, 59, 22, 60, 51, 69, 2, 55, 26, 66, 35, 46, 37, 99, 54, 80, 38, 70, 42, 45, 74, 93, 79, 18, 27, 1, 90, 44, 100, 57, 91, 9, 82, 50, 87, 77, 78, 15, 76, 72, 56, 97, 83, 95, 65, 24, 23, 61, 34, 92, 86, 52, 94, 81, 49, 64, 75, 85, 98]项目工期为：561.0；项目成本为：75595.8
染色体结构为:
[30, 29, 71, 22, 32, 84, 28, 7, 67, 40, 31, 11, 47, 27, 14, 35, 19, 96, 41, 53, 4, 70, 74, 79, 5, 1, 62, 46, 63, 20, 55, 13, 21, 73, 45, 3, 17, 58, 90, 82, 59, 6, 44, 91, 100, 69, 18, 80, 78, 57, 89, 12, 39, 77, 93, 2, 26, 43, 50, 33, 66, 8, 87, 10, 9, 25, 99, 15, 38, 36, 51, 68, 72, 76, 56, 16, 37, 42, 24, 61, 60, 48, 95, 88, 54, 34, 65, 83, 81, 97, 49, 64, 92, 23, 85, 98, 52, 94, 75, 86]项目工期为：274.0；项目成本为：106654.40000000002
染色体结构为:
[25, 40, 53, 7, 73, 19, 62, 84, 8, 4, 31, 14, 16, 96, 43, 10, 48, 89, 3, 30, 41, 33, 67, 12, 68, 39, 17, 32, 47, 38, 11, 69, 13, 2, 88, 93, 21, 46, 71, 5, 59, 60, 36, 58, 1, 27, 37, 20, 54, 18, 6, 100, 29, 70, 74, 28, 66, 22, 63, 26, 99, 42, 45, 80, 79, 35, 55, 82, 44, 91, 90, 51, 78, 57, 77, 87, 50, 9, 15, 97, 72, 56, 76, 24, 83, 65, 61, 95, 81, 23, 34, 52, 75, 94, 86, 92, 49, 85, 98, 64]项目工期为：408.0；项目成本为：87160.99999999999
染色体结构为:
[3, 89, 48, 30, 7, 12, 53, 33, 73, 25, 19, 31, 40, 84, 62, 8, 4, 14, 96, 43, 10, 16, 67, 39, 47, 41, 21, 36, 68, 5, 58, 6, 28, 20, 63, 29, 71, 17, 11, 13, 32, 2, 88, 46, 59, 60, 51, 55, 69, 22, 26, 38, 35, 66, 37, 80, 54, 70, 99, 45, 42, 93, 27, 74, 18, 79, 90, 44, 1, 91, 100, 82, 57, 50, 77, 9, 87, 15, 78, 76, 97, 95, 56, 83, 72, 24, 61, 65, 23, 52, 86, 49, 92, 64, 34, 75, 81, 85, 94, 98]项目工期为：426.0；项目成本为：85680.19999999998
染色体结构为:
[48, 3, 89, 30, 7, 33, 53, 73, 12, 19, 25, 31, 84, 62, 40, 8, 14, 96, 4, 16, 10, 67, 43, 39, 47, 21, 41, 68, 36, 58, 20, 5, 6, 28, 29, 63, 32, 71, 17, 88, 11, 13, 46, 2, 59, 22, 60, 69, 51, 35, 55, 26, 38, 66, 37, 54, 80, 45, 99, 70, 42, 27, 93, 74, 100, 1, 79, 18, 90, 82, 44, 91, 57, 77, 78, 50, 87, 9, 15, 97, 24, 76, 56, 34, 61, 83, 72, 65, 95, 23, 92, 81, 49, 52, 86, 75, 94, 85, 98, 64]项目工期为：415.0；项目成本为：86310.19999999998
染色体结构为:
[3, 89, 30, 48, 7, 12, 33, 53, 73, 19, 84, 31, 40, 8, 25, 4, 62, 96, 14, 16, 10, 43, 67, 21, 47, 41, 39, 58, 36, 68, 5, 20, 28, 6, 63, 71, 11, 29, 88, 32, 13, 59, 17, 22, 69, 2, 60, 51, 46, 26, 66, 55, 35, 37, 54, 99, 80, 38, 45, 70, 74, 27, 42, 93, 18, 79, 1, 90, 44, 100, 57, 91, 82, 9, 87, 77, 50, 15, 76, 78, 97, 72, 24, 56, 65, 83, 34, 61, 23, 95, 52, 92, 81, 49, 86, 64, 85, 75, 94, 98]项目工期为：542.0；项目成本为：76572.9
染色体结构为:
[53, 40, 25, 73, 48, 7, 30, 3, 41, 89, 33, 12, 47, 31, 39, 62, 11, 32, 17, 68, 10, 69, 84, 4, 38, 93, 14, 67, 71, 60, 21, 5, 2, 59, 46, 36, 1, 27, 58, 18, 100, 37, 20, 70, 6, 54, 28, 29, 8, 63, 74, 66, 22, 19, 13, 16, 26, 99, 42, 35, 80, 45, 96, 79, 90, 55, 44, 91, 82, 57, 78, 50, 9, 77, 43, 87, 15, 97, 88, 51, 24, 76, 72, 56, 65, 34, 61, 83, 95, 23, 92, 86, 52, 75, 85, 49, 94, 81, 98, 64]项目工期为：340.0；项目成本为：93201.5
染色体结构为:
[53, 40, 25, 73, 48, 30, 7, 3, 41, 89, 33, 12, 47, 39, 31, 62, 11, 32, 68, 17, 10, 69, 84, 4, 38, 93, 14, 67, 71, 60, 21, 2, 5, 59, 46, 36, 1, 27, 58, 18, 100, 37, 20, 70, 6, 54, 28, 29, 8, 63, 74, 66, 22, 19, 13, 16, 99, 26, 42, 35, 80, 45, 96, 79, 90, 55, 44, 91, 82, 57, 78, 50, 9, 77, 43, 87, 15, 97, 88, 51, 24, 76, 72, 56, 65, 34, 61, 83, 23, 95, 92, 52, 86, 75, 85, 49, 94, 81, 64, 98]项目工期为：336.0；项目成本为：93635.99999999999
染色体结构为:
[48, 3, 53, 30, 41, 89, 7, 33, 73, 40, 31, 12, 39, 47, 62, 32, 11, 17, 69, 84, 10, 68, 4, 38, 67, 93, 71, 21, 14, 5, 46, 2, 60, 59, 1, 36, 58, 18, 27, 37, 20, 54, 25, 70, 100, 6, 8, 19, 26, 63, 22, 66, 28, 13, 99, 45, 16, 42, 29, 96, 80, 74, 35, 79, 90, 55, 91, 78, 82, 44, 43, 57, 77, 50, 87, 9, 51, 15, 76, 88, 72, 24, 56, 65, 61, 23, 97, 83, 52, 34, 92, 95, 49, 64, 81, 85, 86, 98, 94, 75]项目工期为：291.0；项目成本为：100193.00000000001
染色体结构为:
[3, 89, 30, 48, 7, 12, 33, 53, 73, 19, 25, 31, 40, 84, 62, 8, 96, 4, 14, 10, 16, 43, 47, 39, 67, 21, 68, 36, 41, 58, 5, 6, 63, 28, 20, 71, 29, 17, 88, 11, 13, 32, 59, 2, 46, 60, 22, 69, 51, 55, 35, 26, 37, 66, 38, 99, 54, 93, 80, 42, 70, 45, 27, 100, 74, 18, 79, 1, 90, 82, 91, 44, 57, 77, 50, 87, 78, 9, 15, 76, 97, 56, 24, 72, 95, 65, 83, 23, 61, 52, 92, 81, 34, 86, 49, 94, 64, 85, 75, 98]项目工期为：483.0；项目成本为：80700.19999999998
染色体结构为:
[3, 30, 89, 48, 7, 12, 33, 53, 73, 19, 84, 31, 40, 8, 25, 4, 62, 96, 14, 16, 10, 43, 67, 47, 21, 39, 41, 58, 36, 5, 68, 20, 28, 6, 71, 63, 11, 29, 32, 88, 13, 59, 17, 22, 69, 2, 60, 46, 51, 26, 66, 55, 35, 37, 54, 99, 80, 38, 45, 74, 70, 27, 42, 93, 18, 79, 1, 90, 44, 100, 57, 91, 82, 9, 87, 77, 50, 15, 76, 78, 97, 72, 24, 56, 83, 65, 34, 61, 23, 95, 52, 92, 81, 49, 86, 64, 85, 75, 98, 94]项目工期为：529.0；项目成本为：77501.4
染色体结构为:
[53, 40, 73, 25, 30, 7, 3, 48, 12, 89, 19, 31, 33, 14, 62, 8, 84, 43, 4, 96, 16, 21, 67, 10, 47, 41, 58, 39, 36, 68, 20, 5, 28, 6, 63, 29, 71, 11, 17, 88, 13, 32, 22, 59, 60, 69, 51, 2, 26, 66, 46, 55, 35, 37, 99, 54, 80, 38, 70, 42, 45, 93, 74, 79, 27, 18, 90, 1, 44, 100, 57, 9, 91, 82, 50, 87, 77, 15, 76, 78, 56, 72, 97, 83, 65, 95, 24, 23, 61, 86, 92, 34, 52, 81, 94, 49, 64, 75, 85, 98]项目工期为：581.0；项目成本为：74256.30000000002
染色体结构为:
[40, 25, 53, 30, 73, 3, 7, 12, 48, 89, 31, 33, 19, 14, 62, 8, 84, 96, 43, 4, 10, 67, 16, 47, 39, 21, 41, 58, 36, 68, 5, 20, 28, 6, 63, 71, 29, 11, 17, 88, 13, 32, 59, 22, 69, 2, 60, 46, 51, 26, 66, 55, 35, 37, 99, 80, 38, 54, 45, 70, 42, 74, 27, 93, 79, 18, 1, 90, 44, 100, 91, 57, 9, 82, 87, 50, 77, 15, 76, 78, 72, 56, 97, 95, 83, 65, 24, 61, 23, 34, 86, 52, 92, 49, 94, 81, 64, 75, 85, 98]项目工期为：685.0；项目成本为：72171.2
染色体结构为:
[30, 7, 48, 89, 73, 3, 33, 40, 53, 31, 25, 12, 19, 8, 62, 84, 14, 96, 4, 43, 16, 67, 10, 47, 41, 21, 36, 39, 58, 20, 68, 5, 6, 28, 63, 71, 29, 11, 17, 88, 13, 32, 59, 22, 60, 51, 69, 2, 55, 26, 66, 46, 37, 35, 99, 54, 38, 80, 70, 45, 42, 93, 74, 79, 27, 18, 90, 44, 1, 100, 91, 82, 57, 50, 9, 87, 77, 78, 15, 76, 56, 72, 83, 97, 65, 24, 95, 23, 34, 61, 92, 86, 52, 49, 64, 81, 75, 94, 85, 98]项目工期为：593.0；项目成本为：73999.70000000001
染色体结构为:
[48, 3, 53, 41, 89, 30, 33, 40, 25, 7, 73, 31, 19, 12, 14, 4, 84, 62, 8, 96, 10, 16, 43, 47, 39, 67, 29, 58, 21, 5, 68, 20, 28, 36, 17, 63, 6, 32, 71, 13, 88, 2, 11, 22, 69, 59, 51, 60, 37, 46, 55, 35, 26, 66, 80, 99, 54, 45, 38, 70, 93, 42, 100, 74, 27, 79, 44, 18, 1, 82, 90, 78, 57, 91, 77, 50, 87, 9, 15, 72, 97, 56, 76, 24, 83, 34, 65, 61, 23, 52, 75, 95, 81, 94, 85, 86, 92, 98, 49, 64]项目工期为：430.0；项目成本为：85359.0
染色体结构为:
[48, 3, 89, 53, 7, 30, 31, 33, 12, 25, 40, 73, 41, 4, 84, 19, 62, 8, 16, 14, 96, 10, 43, 47, 67, 39, 21, 36, 68, 58, 6, 5, 29, 20, 28, 63, 17, 71, 13, 11, 32, 2, 88, 59, 60, 46, 69, 51, 55, 22, 35, 37, 26, 38, 66, 80, 45, 54, 99, 70, 42, 27, 93, 74, 79, 18, 44, 90, 1, 91, 100, 82, 57, 77, 9, 50, 87, 78, 15, 76, 97, 56, 24, 65, 83, 34, 61, 95, 72, 23, 92, 81, 49, 86, 52, 75, 85, 98, 64, 94]项目工期为：372.0；项目成本为：89974.9
MID=0.6384686505763886
DM=42082.417421531296
SNS=0.33508513621050634
SM=0.6968081220175145
1.5171862494993424E-5
127
共计用时：7秒
