染色体结构为:
[71, 40, 83, 32, 47, 10, 42, 27, 25, 55, 28, 3, 8, 21, 45, 26, 92, 63, 2, 30, 17, 37, 15, 11, 24, 16, 18, 35, 9, 14, 29, 49, 50, 58, 44, 6, 41, 75, 82, 54, 13, 52, 22, 100, 48, 1, 89, 68, 4, 20, 73, 61, 99, 62, 5, 7, 59, 66, 56, 74, 51, 72, 53, 33, 90, 43, 34, 84, 12, 69, 19, 76, 31, 65, 36, 93, 23, 70, 57, 60, 95, 81, 67, 79, 64, 39, 91, 86, 85, 96, 94, 38, 77, 97, 78, 87, 88, 46, 98, 80]项目工期为：253.0；项目成本为：69325.10000000002
染色体结构为:
[71, 83, 40, 10, 47, 32, 42, 27, 25, 55, 28, 8, 3, 21, 26, 45, 63, 92, 30, 2, 17, 15, 37, 24, 11, 35, 16, 18, 9, 14, 29, 50, 6, 89, 1, 49, 44, 58, 41, 75, 54, 13, 100, 48, 82, 22, 4, 68, 52, 62, 20, 61, 5, 73, 66, 99, 56, 59, 7, 33, 51, 53, 74, 72, 84, 43, 90, 34, 69, 57, 65, 95, 23, 12, 19, 60, 31, 36, 79, 67, 64, 39, 76, 81, 70, 93, 85, 91, 86, 96, 77, 94, 38, 46, 88, 97, 78, 98, 87, 80]项目工期为：301.0；项目成本为：63837.899999999994
染色体结构为:
[71, 83, 10, 40, 32, 47, 27, 42, 55, 28, 25, 3, 45, 8, 21, 92, 26, 2, 63, 37, 30, 35, 15, 17, 24, 11, 18, 16, 14, 9, 50, 29, 6, 89, 1, 44, 49, 41, 75, 58, 13, 54, 82, 100, 22, 48, 68, 4, 62, 52, 20, 61, 5, 73, 66, 99, 56, 59, 33, 7, 51, 53, 74, 72, 84, 90, 43, 69, 34, 57, 65, 95, 23, 12, 19, 60, 31, 36, 79, 67, 64, 39, 76, 81, 70, 93, 85, 91, 86, 96, 77, 94, 38, 46, 88, 97, 78, 98, 87, 80]项目工期为：273.0；项目成本为：65776.49999999999
染色体结构为:
[71, 83, 10, 40, 32, 47, 27, 42, 25, 28, 55, 8, 3, 45, 21, 26, 92, 63, 2, 17, 30, 37, 15, 35, 24, 11, 18, 16, 14, 9, 29, 50, 49, 58, 44, 41, 6, 75, 82, 13, 100, 22, 54, 52, 1, 48, 4, 20, 89, 68, 61, 5, 99, 73, 62, 7, 56, 66, 74, 59, 51, 72, 53, 33, 43, 84, 34, 90, 69, 12, 19, 65, 76, 31, 93, 70, 36, 23, 57, 60, 96, 79, 95, 67, 39, 81, 64, 86, 91, 85, 38, 94, 77, 97, 78, 88, 46, 87, 80, 98]项目工期为：235.0；项目成本为：71955.30000000002
染色体结构为:
[71, 83, 10, 40, 32, 47, 27, 42, 55, 28, 25, 3, 45, 8, 21, 26, 92, 63, 2, 37, 30, 35, 15, 17, 24, 11, 18, 16, 14, 9, 50, 29, 6, 89, 44, 1, 49, 41, 75, 58, 13, 54, 82, 100, 22, 48, 68, 4, 52, 62, 20, 61, 73, 5, 66, 99, 56, 59, 33, 7, 51, 74, 72, 84, 90, 53, 43, 69, 34, 57, 65, 95, 23, 12, 60, 19, 31, 79, 36, 64, 67, 39, 76, 81, 70, 93, 86, 91, 85, 94, 96, 38, 77, 46, 97, 88, 87, 78, 80, 98]项目工期为：260.0；项目成本为：68179.7
染色体结构为:
[83, 71, 10, 40, 47, 32, 42, 27, 25, 28, 55, 8, 3, 21, 26, 63, 45, 92, 30, 2, 17, 15, 37, 24, 11, 35, 16, 18, 9, 14, 29, 50, 6, 89, 1, 44, 49, 58, 41, 75, 54, 13, 100, 48, 82, 4, 22, 68, 52, 62, 20, 61, 5, 73, 66, 99, 56, 59, 7, 33, 51, 53, 74, 72, 84, 43, 90, 34, 69, 57, 65, 23, 95, 12, 19, 60, 31, 36, 79, 67, 76, 64, 39, 81, 70, 93, 85, 86, 91, 96, 77, 38, 94, 46, 97, 88, 78, 80, 98, 87]项目工期为：291.0；项目成本为：64563.79999999999
染色体结构为:
[71, 10, 83, 40, 32, 47, 27, 42, 55, 28, 3, 25, 45, 8, 21, 2, 26, 92, 63, 30, 37, 35, 15, 17, 24, 11, 18, 14, 16, 50, 9, 29, 89, 6, 44, 49, 1, 41, 75, 58, 54, 13, 82, 100, 22, 48, 68, 62, 4, 20, 73, 52, 61, 5, 66, 99, 56, 59, 33, 51, 7, 53, 74, 72, 90, 43, 84, 69, 34, 57, 65, 95, 12, 19, 23, 60, 36, 31, 79, 67, 64, 76, 81, 70, 39, 93, 91, 85, 86, 96, 94, 38, 77, 88, 46, 97, 87, 78, 98, 80]项目工期为：275.0；项目成本为：65505.3
染色体结构为:
[71, 83, 10, 32, 40, 47, 27, 42, 55, 25, 28, 3, 45, 21, 8, 26, 92, 63, 2, 37, 30, 35, 15, 17, 24, 11, 18, 16, 9, 14, 50, 29, 6, 89, 44, 1, 49, 41, 75, 58, 13, 54, 82, 100, 22, 48, 68, 4, 52, 62, 20, 61, 73, 5, 66, 99, 56, 59, 33, 7, 51, 74, 72, 84, 90, 53, 43, 34, 69, 65, 95, 57, 12, 23, 19, 60, 31, 36, 79, 64, 67, 39, 76, 81, 70, 93, 86, 91, 85, 94, 96, 38, 77, 46, 97, 88, 87, 78, 80, 98]项目工期为：258.0；项目成本为：68409.8
染色体结构为:
[83, 71, 10, 40, 32, 47, 42, 27, 25, 28, 55, 8, 3, 21, 45, 26, 92, 2, 63, 30, 17, 37, 15, 35, 24, 11, 18, 16, 14, 9, 29, 50, 49, 58, 44, 41, 75, 6, 82, 100, 13, 22, 54, 1, 52, 48, 20, 4, 89, 68, 61, 5, 99, 73, 7, 62, 56, 66, 74, 51, 59, 72, 53, 43, 33, 84, 34, 90, 69, 12, 19, 65, 76, 31, 93, 70, 36, 23, 57, 60, 96, 79, 95, 67, 39, 81, 64, 86, 91, 85, 38, 94, 77, 97, 78, 88, 46, 87, 98, 80]项目工期为：221.0；项目成本为：74092.80000000002
染色体结构为:
[71, 10, 83, 40, 47, 32, 27, 42, 55, 28, 3, 25, 8, 45, 21, 26, 2, 92, 63, 30, 37, 35, 15, 24, 17, 11, 18, 16, 14, 9, 50, 29, 89, 6, 1, 44, 49, 41, 58, 54, 75, 82, 13, 22, 100, 48, 68, 62, 4, 20, 52, 73, 61, 5, 66, 99, 56, 59, 33, 51, 7, 53, 74, 72, 90, 43, 84, 69, 34, 57, 65, 95, 12, 19, 23, 60, 31, 79, 36, 67, 64, 76, 70, 81, 39, 93, 91, 85, 86, 96, 77, 94, 38, 46, 88, 97, 98, 78, 87, 80]项目工期为：286.0；项目成本为：65418.4
染色体结构为:
[71, 83, 10, 32, 40, 27, 47, 42, 25, 28, 55, 8, 3, 45, 21, 26, 92, 63, 2, 17, 30, 37, 15, 24, 35, 11, 18, 16, 9, 14, 29, 50, 49, 58, 44, 41, 6, 75, 82, 13, 100, 22, 54, 52, 1, 4, 48, 20, 89, 68, 61, 5, 73, 99, 62, 7, 56, 66, 74, 59, 51, 72, 53, 43, 33, 84, 34, 90, 12, 69, 19, 65, 76, 31, 93, 70, 36, 23, 57, 60, 96, 79, 95, 67, 81, 39, 86, 64, 91, 85, 38, 94, 77, 97, 78, 88, 46, 80, 87, 98]项目工期为：229.0；项目成本为：72767.10000000002
染色体结构为:
[71, 40, 83, 32, 47, 10, 27, 42, 25, 55, 28, 3, 8, 21, 45, 26, 92, 63, 2, 30, 17, 37, 15, 11, 16, 24, 18, 35, 9, 14, 29, 49, 50, 44, 6, 58, 41, 75, 82, 54, 13, 52, 22, 100, 48, 1, 89, 68, 4, 20, 73, 61, 62, 99, 5, 7, 59, 66, 56, 74, 51, 72, 53, 33, 90, 43, 34, 84, 69, 12, 19, 76, 31, 65, 36, 93, 23, 70, 57, 95, 60, 81, 79, 67, 64, 91, 39, 86, 85, 96, 38, 94, 77, 97, 78, 87, 88, 46, 98, 80]项目工期为：253.0；项目成本为：69325.10000000002
染色体结构为:
[71, 83, 40, 10, 47, 32, 27, 42, 25, 8, 28, 55, 3, 45, 21, 26, 92, 63, 17, 2, 37, 30, 15, 24, 35, 11, 18, 16, 14, 9, 29, 50, 49, 58, 44, 41, 6, 75, 82, 13, 100, 22, 54, 52, 1, 48, 4, 20, 89, 68, 61, 5, 99, 73, 62, 7, 66, 56, 74, 59, 72, 51, 53, 33, 43, 84, 34, 90, 12, 69, 19, 65, 76, 31, 70, 93, 36, 57, 23, 60, 96, 79, 95, 67, 39, 81, 86, 64, 91, 85, 38, 94, 77, 78, 97, 88, 87, 46, 80, 98]项目工期为：220.0；项目成本为：75102.00000000003
染色体结构为:
[83, 71, 40, 10, 32, 47, 27, 42, 55, 28, 3, 25, 45, 8, 26, 21, 92, 63, 2, 30, 17, 15, 37, 11, 16, 35, 24, 18, 14, 6, 89, 1, 29, 9, 44, 49, 58, 75, 41, 50, 13, 82, 54, 100, 22, 48, 52, 68, 20, 73, 4, 5, 61, 99, 62, 7, 59, 56, 66, 74, 72, 90, 53, 33, 51, 84, 69, 43, 65, 34, 57, 95, 19, 23, 12, 60, 31, 67, 36, 79, 81, 93, 64, 39, 76, 91, 86, 70, 77, 96, 38, 85, 94, 88, 46, 98, 97, 87, 78, 80]项目工期为：250.0；项目成本为：70090.00000000001
染色体结构为:
[71, 83, 10, 40, 32, 42, 47, 25, 27, 55, 28, 3, 45, 8, 26, 21, 92, 63, 2, 30, 17, 37, 15, 35, 24, 11, 18, 14, 9, 16, 29, 50, 49, 44, 58, 41, 6, 75, 54, 22, 82, 100, 13, 52, 48, 1, 89, 68, 4, 61, 20, 99, 73, 5, 7, 62, 56, 59, 66, 51, 72, 74, 90, 53, 84, 33, 69, 43, 34, 65, 57, 95, 12, 19, 60, 23, 31, 79, 67, 36, 81, 39, 64, 93, 76, 91, 86, 70, 96, 85, 77, 94, 38, 88, 46, 98, 97, 78, 87, 80]项目工期为：209.0；项目成本为：77019.3
染色体结构为:
[83, 71, 40, 10, 47, 32, 27, 42, 55, 28, 25, 3, 8, 45, 21, 92, 26, 2, 63, 37, 35, 30, 15, 17, 11, 24, 18, 16, 9, 50, 29, 14, 6, 89, 1, 44, 49, 41, 75, 58, 54, 13, 82, 100, 22, 48, 68, 4, 62, 52, 61, 20, 5, 73, 66, 99, 56, 33, 59, 7, 51, 53, 74, 72, 84, 90, 43, 69, 34, 57, 65, 95, 23, 12, 19, 60, 31, 36, 67, 64, 79, 39, 76, 81, 70, 93, 85, 91, 86, 96, 77, 94, 38, 46, 88, 78, 97, 98, 80, 87]项目工期为：262.0；项目成本为：66380.59999999999
染色体结构为:
[71, 83, 40, 10, 32, 47, 27, 42, 55, 28, 3, 25, 8, 45, 26, 21, 92, 63, 2, 17, 30, 37, 15, 11, 35, 24, 16, 18, 6, 14, 89, 1, 29, 9, 49, 44, 58, 75, 41, 50, 82, 13, 100, 22, 54, 48, 52, 68, 20, 73, 4, 5, 61, 99, 7, 62, 59, 56, 66, 74, 72, 33, 51, 53, 84, 90, 69, 43, 57, 65, 34, 12, 95, 19, 23, 60, 31, 67, 36, 79, 64, 76, 81, 39, 70, 93, 85, 91, 96, 86, 77, 94, 38, 46, 88, 97, 78, 98, 87, 80]项目工期为：254.0；项目成本为：69306.99999999999
染色体结构为:
[83, 71, 10, 40, 32, 47, 42, 27, 55, 25, 28, 45, 8, 21, 26, 3, 92, 63, 2, 37, 35, 30, 15, 17, 24, 11, 18, 14, 9, 16, 29, 50, 6, 44, 89, 1, 49, 41, 75, 54, 13, 58, 82, 22, 100, 68, 20, 4, 48, 62, 52, 5, 61, 73, 66, 99, 56, 59, 33, 7, 51, 72, 84, 74, 43, 90, 53, 69, 57, 34, 65, 95, 23, 60, 12, 31, 19, 36, 79, 64, 67, 39, 76, 81, 93, 91, 70, 96, 85, 77, 94, 38, 86, 46, 88, 97, 78, 80, 87, 98]项目工期为：251.0；项目成本为：69730.0
染色体结构为:
[32, 71, 10, 83, 47, 27, 40, 42, 55, 25, 28, 3, 45, 8, 21, 26, 92, 63, 30, 2, 17, 35, 15, 37, 11, 14, 18, 24, 9, 29, 16, 44, 50, 58, 49, 75, 41, 6, 82, 54, 13, 52, 100, 22, 4, 48, 1, 68, 73, 20, 89, 99, 61, 5, 62, 66, 59, 7, 56, 74, 51, 33, 72, 53, 84, 69, 90, 34, 43, 65, 57, 19, 95, 93, 12, 31, 36, 76, 70, 23, 60, 67, 79, 64, 81, 91, 96, 39, 77, 86, 85, 38, 94, 88, 97, 87, 98, 46, 78, 80]项目工期为：215.0；项目成本为：76632.60000000002
染色体结构为:
[71, 83, 10, 40, 47, 27, 32, 28, 42, 55, 25, 45, 3, 8, 92, 21, 63, 30, 26, 37, 2, 35, 15, 17, 24, 11, 14, 18, 16, 50, 9, 29, 6, 89, 1, 44, 49, 41, 75, 58, 13, 100, 54, 82, 22, 48, 68, 52, 20, 4, 62, 5, 61, 73, 66, 99, 56, 59, 33, 53, 7, 72, 51, 74, 84, 90, 69, 43, 34, 65, 57, 95, 23, 12, 19, 31, 60, 36, 79, 64, 67, 76, 39, 81, 70, 93, 85, 86, 96, 91, 77, 38, 94, 46, 88, 78, 97, 80, 98, 87]项目工期为：256.0；项目成本为：69157.8
染色体结构为:
[40, 71, 10, 83, 47, 32, 25, 42, 27, 55, 8, 28, 21, 3, 63, 26, 30, 45, 92, 2, 15, 17, 37, 24, 35, 11, 16, 18, 9, 29, 14, 6, 50, 1, 89, 49, 44, 75, 58, 41, 13, 100, 54, 48, 4, 22, 68, 82, 52, 62, 20, 5, 73, 99, 61, 59, 66, 56, 7, 51, 72, 33, 74, 53, 84, 90, 43, 34, 69, 57, 65, 95, 12, 23, 60, 19, 31, 67, 36, 79, 64, 81, 76, 39, 70, 93, 91, 77, 86, 85, 96, 94, 38, 46, 97, 98, 78, 88, 80, 87]项目工期为：356.0；项目成本为：62644.100000000006
染色体结构为:
[71, 10, 40, 83, 32, 42, 47, 27, 55, 25, 3, 28, 45, 21, 8, 26, 92, 2, 63, 30, 17, 37, 35, 15, 24, 11, 18, 16, 14, 9, 29, 50, 49, 58, 44, 6, 75, 41, 82, 13, 100, 54, 22, 48, 52, 1, 4, 61, 20, 89, 68, 99, 5, 73, 62, 7, 59, 56, 66, 72, 51, 74, 53, 33, 43, 90, 34, 84, 12, 69, 19, 65, 76, 31, 93, 36, 70, 60, 23, 57, 96, 79, 95, 67, 64, 39, 91, 81, 38, 86, 85, 94, 77, 97, 88, 78, 46, 80, 98, 87]项目工期为：236.0；项目成本为：71919.30000000003
染色体结构为:
[83, 71, 10, 40, 32, 47, 27, 42, 28, 25, 8, 55, 3, 21, 45, 26, 63, 92, 17, 2, 30, 37, 35, 15, 24, 11, 18, 14, 16, 29, 9, 50, 49, 58, 41, 44, 75, 6, 82, 13, 100, 22, 54, 52, 1, 48, 4, 20, 68, 89, 61, 5, 73, 62, 99, 56, 7, 59, 66, 74, 51, 72, 53, 33, 90, 43, 34, 84, 12, 69, 19, 76, 65, 31, 93, 36, 70, 23, 60, 57, 96, 79, 95, 67, 81, 39, 64, 91, 86, 85, 38, 94, 77, 97, 88, 78, 46, 87, 80, 98]项目工期为：247.0；项目成本为：70493.30000000002
染色体结构为:
[71, 83, 10, 47, 40, 32, 42, 27, 25, 55, 28, 8, 3, 21, 45, 26, 63, 92, 2, 30, 17, 15, 37, 24, 11, 35, 16, 18, 9, 14, 29, 50, 6, 1, 89, 49, 44, 58, 41, 75, 54, 13, 100, 48, 82, 22, 4, 52, 68, 20, 62, 61, 5, 73, 66, 99, 56, 59, 7, 33, 51, 53, 72, 74, 84, 43, 90, 34, 69, 57, 65, 95, 23, 19, 60, 31, 12, 36, 79, 67, 64, 39, 76, 81, 70, 93, 85, 91, 86, 96, 77, 94, 38, 46, 97, 88, 78, 98, 87, 80]项目工期为：293.0；项目成本为：64188.7
染色体结构为:
[71, 40, 10, 32, 83, 47, 27, 42, 55, 28, 3, 25, 8, 45, 26, 21, 92, 63, 2, 17, 30, 37, 15, 11, 35, 24, 16, 18, 14, 6, 89, 29, 1, 9, 49, 44, 58, 75, 41, 50, 82, 13, 100, 22, 54, 48, 52, 68, 73, 20, 4, 5, 61, 99, 7, 62, 59, 56, 66, 74, 72, 33, 51, 84, 53, 90, 69, 43, 65, 34, 57, 12, 95, 19, 23, 31, 60, 67, 36, 79, 64, 81, 76, 39, 70, 93, 85, 91, 86, 96, 77, 94, 38, 46, 88, 78, 98, 97, 87, 80]项目工期为：254.0；项目成本为：69306.99999999999
染色体结构为:
[71, 83, 40, 10, 32, 47, 27, 42, 55, 28, 25, 3, 45, 8, 21, 26, 92, 63, 37, 2, 30, 35, 15, 24, 17, 18, 11, 14, 16, 9, 50, 29, 6, 89, 1, 44, 41, 49, 58, 75, 13, 54, 82, 22, 100, 48, 68, 4, 62, 20, 52, 61, 5, 73, 66, 99, 56, 59, 33, 7, 51, 53, 74, 72, 84, 43, 90, 34, 69, 57, 65, 95, 23, 19, 12, 60, 36, 31, 79, 67, 64, 39, 76, 81, 70, 93, 85, 91, 86, 96, 77, 94, 38, 46, 88, 97, 78, 98, 80, 87]项目工期为：261.0；项目成本为：67756.2
染色体结构为:
[71, 10, 83, 40, 32, 42, 47, 27, 25, 55, 3, 28, 45, 8, 21, 26, 92, 63, 2, 30, 17, 35, 37, 15, 24, 11, 18, 16, 14, 9, 29, 49, 58, 50, 44, 6, 41, 75, 82, 13, 100, 22, 54, 48, 52, 1, 4, 20, 89, 61, 68, 99, 5, 73, 62, 7, 56, 66, 59, 51, 74, 72, 33, 53, 90, 43, 34, 84, 12, 19, 69, 65, 76, 93, 31, 70, 36, 23, 60, 57, 79, 96, 67, 95, 39, 64, 81, 91, 86, 38, 85, 77, 94, 88, 97, 78, 46, 80, 98, 87]项目工期为：240.0；项目成本为：70647.90000000002
染色体结构为:
[71, 83, 10, 32, 47, 40, 42, 25, 27, 55, 28, 3, 8, 45, 26, 92, 21, 63, 2, 30, 37, 17, 35, 15, 24, 11, 14, 18, 16, 29, 9, 49, 50, 44, 41, 58, 6, 54, 75, 22, 100, 82, 13, 52, 1, 48, 89, 68, 20, 4, 99, 61, 5, 73, 62, 7, 59, 56, 66, 51, 72, 74, 90, 53, 84, 33, 69, 43, 65, 34, 95, 57, 12, 60, 19, 31, 23, 67, 36, 79, 81, 64, 39, 93, 76, 91, 86, 70, 96, 85, 77, 38, 94, 88, 46, 98, 97, 87, 78, 80]项目工期为：217.0；项目成本为：75456.50000000001
染色体结构为:
[71, 83, 32, 10, 40, 42, 47, 25, 27, 55, 28, 3, 45, 8, 26, 21, 63, 92, 2, 30, 17, 15, 35, 24, 37, 11, 18, 14, 16, 29, 49, 9, 50, 44, 41, 58, 6, 54, 75, 22, 100, 82, 13, 52, 1, 48, 89, 68, 4, 61, 20, 5, 62, 99, 7, 73, 66, 59, 56, 72, 51, 74, 53, 90, 33, 84, 43, 34, 69, 65, 95, 19, 12, 57, 23, 60, 67, 31, 79, 81, 64, 39, 36, 76, 93, 70, 91, 96, 86, 38, 77, 85, 94, 87, 88, 46, 78, 97, 98, 80]项目工期为：222.0；项目成本为：73325.20000000001
染色体结构为:
[71, 40, 10, 83, 32, 47, 42, 25, 27, 55, 28, 8, 21, 63, 3, 26, 92, 45, 30, 15, 17, 2, 37, 24, 11, 35, 16, 18, 9, 14, 29, 50, 6, 1, 89, 44, 49, 75, 58, 41, 13, 48, 100, 54, 4, 22, 68, 82, 52, 62, 20, 5, 73, 99, 61, 59, 66, 56, 7, 51, 33, 72, 53, 74, 34, 90, 84, 43, 69, 57, 65, 95, 23, 19, 60, 12, 31, 36, 79, 39, 64, 67, 81, 93, 85, 76, 70, 96, 91, 86, 94, 77, 38, 78, 46, 88, 80, 97, 98, 87]项目工期为：315.0；项目成本为：63114.9
染色体结构为:
[71, 83, 10, 32, 40, 47, 42, 27, 25, 28, 3, 55, 45, 8, 26, 21, 92, 63, 2, 30, 17, 35, 37, 15, 18, 11, 14, 24, 29, 49, 16, 50, 9, 58, 44, 6, 41, 54, 75, 22, 82, 100, 13, 1, 52, 48, 89, 68, 4, 20, 99, 61, 73, 5, 62, 7, 59, 56, 66, 51, 74, 53, 72, 33, 43, 84, 34, 90, 69, 19, 12, 65, 76, 31, 93, 70, 36, 23, 57, 60, 79, 96, 67, 95, 39, 64, 81, 86, 91, 85, 38, 94, 77, 78, 97, 88, 46, 87, 80, 98]项目工期为：216.0；项目成本为：75612.20000000001
染色体结构为:
[71, 40, 10, 83, 47, 32, 42, 25, 27, 55, 8, 28, 3, 21, 26, 63, 45, 92, 30, 2, 17, 15, 11, 37, 24, 35, 18, 16, 9, 29, 14, 50, 89, 6, 1, 49, 44, 75, 58, 41, 13, 54, 100, 22, 48, 82, 4, 68, 20, 62, 61, 52, 5, 73, 66, 59, 99, 56, 7, 51, 33, 53, 74, 72, 84, 43, 90, 34, 65, 69, 57, 95, 23, 19, 12, 60, 36, 31, 79, 67, 64, 39, 81, 76, 70, 85, 93, 86, 91, 96, 77, 94, 38, 46, 97, 88, 78, 98, 87, 80]项目工期为：453.0；项目成本为：62187.49999999999
染色体结构为:
[71, 40, 83, 47, 10, 32, 42, 27, 25, 55, 28, 8, 3, 21, 26, 45, 63, 92, 30, 2, 17, 15, 37, 24, 11, 35, 16, 18, 9, 14, 50, 29, 6, 1, 89, 49, 44, 58, 41, 75, 54, 13, 100, 48, 82, 22, 4, 68, 62, 52, 20, 61, 5, 73, 66, 99, 56, 59, 7, 51, 33, 53, 74, 72, 84, 43, 90, 34, 69, 57, 65, 95, 23, 12, 19, 60, 36, 31, 79, 67, 64, 76, 39, 81, 70, 93, 85, 91, 86, 77, 96, 94, 38, 46, 88, 97, 98, 78, 87, 80]项目工期为：309.0；项目成本为：63798.3
染色体结构为:
[71, 10, 40, 83, 47, 32, 25, 42, 55, 27, 3, 28, 45, 21, 92, 8, 30, 26, 63, 2, 17, 35, 15, 37, 18, 14, 24, 11, 29, 9, 16, 49, 50, 58, 44, 6, 41, 75, 54, 82, 13, 22, 1, 100, 52, 89, 4, 68, 48, 20, 99, 61, 73, 5, 7, 62, 59, 56, 51, 66, 72, 74, 90, 53, 33, 84, 69, 43, 34, 65, 95, 57, 19, 12, 23, 31, 60, 67, 36, 79, 81, 93, 39, 64, 76, 91, 86, 70, 77, 96, 85, 38, 46, 88, 94, 97, 98, 87, 78, 80]项目工期为：205.0；项目成本为：78147.7
染色体结构为:
[71, 83, 32, 10, 47, 40, 27, 42, 55, 92, 6, 16, 14, 30, 63, 89, 25, 28, 3, 21, 8, 26, 45, 2, 17, 37, 15, 11, 24, 35, 18, 9, 29, 50, 1, 49, 58, 44, 41, 75, 54, 13, 82, 100, 48, 52, 4, 22, 68, 62, 20, 56, 73, 61, 5, 66, 99, 7, 59, 33, 74, 51, 72, 53, 84, 90, 43, 69, 57, 65, 34, 12, 23, 95, 19, 31, 67, 60, 36, 64, 79, 76, 39, 81, 70, 93, 85, 91, 86, 77, 96, 94, 38, 46, 88, 97, 98, 78, 80, 87]项目工期为：232.0；项目成本为：72346.80000000002
MID=2.322396024287137
DM=15962.126676605474
SNS=0.30046930742996303
SM=0.6079262984942805
1.454941482008725E-4
35
共计用时：7秒
