染色体结构为:
[75, 61, 4, 74, 70, 78, 71, 64, 40, 43, 1, 5, 38, 2, 8, 68, 33, 26, 9, 77, 7, 11, 73, 25, 16, 37, 65, 76, 36, 47, 29, 67, 62, 45, 14, 63, 15, 79, 80, 20, 12, 35, 50, 81, 49, 21, 41, 44, 10, 66, 17, 39, 69, 28, 46, 6, 19, 48, 3, 42, 27, 18, 34, 13, 32, 22, 30, 31, 51, 23, 24, 55, 56, 53, 57, 54, 52, 59, 60, 58, 72]项目工期为：225.0；项目成本为：43233.89999999999
染色体结构为:
[75, 61, 4, 74, 70, 71, 78, 64, 40, 1, 43, 5, 38, 8, 2, 68, 26, 33, 9, 7, 77, 25, 11, 16, 73, 76, 37, 65, 36, 47, 29, 67, 62, 45, 14, 63, 15, 79, 80, 20, 12, 50, 35, 81, 49, 41, 21, 44, 10, 66, 17, 39, 69, 46, 28, 6, 48, 19, 42, 3, 18, 27, 34, 32, 13, 22, 30, 31, 51, 23, 24, 53, 56, 55, 57, 52, 54, 59, 60, 58, 72]项目工期为：228.0；项目成本为：43214.59999999999
染色体结构为:
[4, 74, 25, 27, 41, 2, 3, 70, 26, 63, 64, 75, 1, 65, 71, 34, 48, 35, 49, 47, 68, 43, 76, 50, 29, 78, 37, 62, 33, 45, 38, 32, 6, 67, 69, 9, 66, 79, 73, 44, 8, 11, 7, 61, 77, 28, 51, 12, 5, 46, 39, 40, 52, 80, 81, 55, 36, 10, 53, 42, 54, 14, 20, 15, 56, 57, 60, 22, 23, 24, 19, 16, 21, 17, 58, 18, 30, 31, 59, 13, 72]项目工期为：274.0；项目成本为：38812.49999999999
染色体结构为:
[27, 68, 40, 8, 71, 3, 36, 70, 50, 1, 38, 28, 64, 34, 79, 48, 32, 49, 81, 47, 75, 37, 43, 39, 2, 65, 74, 26, 67, 44, 29, 35, 78, 76, 41, 80, 63, 9, 73, 62, 4, 69, 77, 33, 45, 61, 46, 5, 6, 7, 66, 51, 53, 54, 25, 42, 52, 10, 56, 55, 11, 16, 14, 57, 19, 58, 12, 22, 20, 15, 21, 23, 13, 60, 59, 17, 18, 72, 24, 30, 31]项目工期为：246.0；项目成本为：41357.49999999999
染色体结构为:
[77, 8, 34, 40, 4, 27, 37, 68, 74, 25, 43, 32, 48, 2, 78, 69, 3, 70, 41, 26, 63, 64, 50, 65, 47, 29, 62, 33, 38, 75, 45, 1, 67, 28, 71, 49, 46, 79, 35, 66, 9, 73, 80, 61, 39, 10, 51, 53, 36, 52, 54, 76, 81, 6, 56, 44, 5, 55, 7, 42, 11, 21, 57, 60, 14, 59, 58, 20, 12, 19, 16, 22, 72, 15, 23, 17, 18, 13, 24, 30, 31]项目工期为：362.0；项目成本为：34001.9
染色体结构为:
[77, 8, 34, 40, 4, 37, 27, 68, 25, 74, 43, 32, 48, 2, 78, 69, 70, 3, 41, 63, 26, 50, 64, 65, 47, 29, 33, 62, 38, 45, 75, 67, 1, 71, 28, 46, 49, 9, 79, 35, 66, 73, 80, 10, 61, 36, 39, 51, 53, 52, 54, 76, 6, 56, 81, 44, 5, 55, 7, 11, 42, 21, 57, 14, 58, 12, 59, 60, 20, 16, 19, 22, 23, 72, 15, 13, 17, 18, 30, 31, 24]项目工期为：379.0；项目成本为：33319.8
染色体结构为:
[40, 68, 27, 4, 37, 43, 8, 32, 48, 50, 34, 26, 36, 67, 61, 33, 62, 79, 49, 38, 80, 6, 63, 29, 41, 47, 7, 3, 78, 45, 77, 2, 70, 75, 65, 74, 1, 25, 71, 28, 46, 69, 9, 35, 64, 73, 39, 51, 10, 66, 53, 52, 54, 76, 56, 81, 44, 5, 55, 42, 11, 21, 57, 58, 59, 14, 60, 19, 20, 12, 16, 15, 22, 23, 72, 17, 13, 24, 18, 30, 31]项目工期为：335.0；项目成本为：35256.0
染色体结构为:
[25, 4, 74, 2, 3, 27, 64, 41, 26, 70, 63, 65, 1, 75, 71, 35, 34, 48, 49, 47, 76, 43, 68, 50, 78, 32, 8, 67, 29, 40, 36, 37, 33, 61, 79, 38, 62, 80, 6, 44, 7, 45, 77, 69, 28, 46, 9, 66, 51, 73, 39, 52, 10, 54, 53, 56, 5, 81, 11, 42, 21, 55, 57, 59, 60, 58, 14, 20, 12, 22, 19, 16, 15, 17, 23, 72, 13, 18, 30, 24, 31]项目工期为：327.0；项目成本为：35614.0
染色体结构为:
[8, 74, 4, 2, 77, 25, 27, 34, 40, 48, 37, 68, 32, 43, 78, 69, 50, 47, 33, 26, 3, 62, 29, 45, 70, 38, 67, 63, 65, 75, 71, 1, 79, 49, 28, 9, 46, 73, 61, 35, 64, 66, 80, 39, 41, 51, 10, 52, 54, 36, 53, 56, 76, 81, 6, 42, 5, 55, 44, 7, 11, 57, 21, 58, 60, 59, 12, 14, 20, 16, 19, 15, 17, 22, 72, 23, 18, 13, 30, 31, 24]项目工期为：376.0；项目成本为：33498.399999999994
染色体结构为:
[8, 77, 27, 40, 4, 34, 43, 68, 37, 48, 32, 78, 74, 2, 3, 25, 41, 26, 70, 69, 63, 65, 64, 50, 29, 47, 33, 45, 62, 38, 1, 67, 75, 71, 49, 46, 28, 79, 9, 73, 35, 80, 66, 61, 39, 10, 51, 53, 52, 36, 54, 76, 44, 6, 56, 81, 42, 5, 55, 7, 57, 11, 21, 14, 59, 60, 58, 20, 12, 16, 22, 15, 19, 23, 17, 13, 72, 18, 30, 31, 24]项目工期为：469.0；项目成本为：30465.9
染色体结构为:
[25, 4, 8, 34, 32, 27, 48, 68, 43, 40, 78, 50, 37, 3, 47, 26, 29, 33, 45, 62, 70, 38, 67, 2, 65, 63, 1, 71, 75, 77, 49, 74, 28, 79, 9, 35, 69, 46, 61, 73, 64, 66, 80, 39, 51, 41, 52, 10, 54, 36, 56, 76, 53, 81, 6, 44, 5, 42, 55, 7, 11, 21, 57, 59, 60, 58, 14, 20, 12, 19, 22, 23, 16, 15, 17, 72, 13, 18, 24, 30, 31]项目工期为：299.0；项目成本为：37271.9
染色体结构为:
[77, 34, 40, 8, 4, 37, 27, 68, 25, 74, 43, 32, 48, 2, 78, 70, 69, 3, 41, 63, 26, 50, 64, 65, 47, 62, 33, 29, 38, 45, 75, 1, 67, 71, 46, 49, 28, 79, 9, 66, 73, 35, 80, 10, 61, 36, 39, 51, 53, 52, 54, 76, 6, 56, 44, 81, 5, 55, 11, 7, 42, 21, 57, 14, 58, 12, 59, 60, 20, 16, 19, 22, 72, 23, 15, 13, 17, 18, 30, 31, 24]项目工期为：366.0；项目成本为：33803.1
染色体结构为:
[25, 74, 4, 3, 2, 27, 64, 26, 41, 70, 63, 65, 71, 1, 34, 35, 75, 48, 49, 76, 47, 68, 43, 8, 50, 78, 32, 67, 29, 40, 33, 37, 36, 61, 38, 79, 80, 62, 6, 45, 7, 77, 44, 28, 9, 69, 46, 73, 66, 51, 10, 39, 54, 56, 52, 53, 42, 81, 5, 11, 21, 57, 55, 59, 60, 58, 14, 20, 19, 12, 22, 16, 17, 15, 23, 72, 18, 13, 30, 24, 31]项目工期为：303.0；项目成本为：36933.5
染色体结构为:
[8, 77, 34, 27, 40, 4, 43, 68, 37, 48, 32, 78, 74, 2, 25, 3, 41, 26, 70, 69, 63, 65, 64, 50, 29, 47, 33, 45, 62, 38, 1, 67, 75, 71, 49, 46, 28, 79, 9, 73, 35, 80, 66, 61, 39, 10, 51, 52, 53, 36, 54, 76, 44, 6, 56, 42, 81, 5, 55, 7, 57, 11, 21, 14, 59, 60, 58, 20, 12, 16, 22, 15, 23, 19, 17, 13, 72, 18, 30, 24, 31]项目工期为：466.0；项目成本为：30613.7
染色体结构为:
[4, 74, 25, 27, 41, 77, 8, 40, 34, 37, 68, 43, 48, 32, 2, 78, 69, 70, 3, 63, 26, 50, 64, 47, 65, 29, 62, 38, 33, 1, 45, 75, 67, 28, 71, 46, 49, 35, 79, 9, 66, 73, 39, 80, 61, 10, 51, 36, 53, 52, 54, 56, 6, 76, 81, 44, 5, 55, 7, 11, 42, 21, 57, 58, 14, 59, 60, 20, 19, 12, 16, 22, 23, 15, 72, 17, 13, 18, 30, 31, 24]项目工期为：409.0；项目成本为：32292.799999999996
染色体结构为:
[40, 68, 27, 4, 37, 43, 8, 32, 50, 48, 34, 26, 36, 67, 33, 61, 79, 62, 49, 38, 80, 6, 29, 63, 41, 47, 7, 3, 78, 45, 77, 2, 70, 75, 65, 74, 1, 25, 71, 28, 46, 69, 9, 35, 64, 73, 39, 51, 66, 10, 53, 52, 54, 56, 81, 76, 44, 5, 11, 55, 42, 21, 57, 58, 14, 59, 60, 19, 12, 20, 16, 22, 15, 23, 72, 17, 13, 24, 18, 30, 31]项目工期为：337.0；项目成本为：35172.399999999994
染色体结构为:
[8, 34, 27, 4, 40, 77, 74, 37, 2, 25, 68, 48, 32, 78, 43, 69, 47, 3, 50, 26, 33, 29, 62, 70, 38, 45, 67, 63, 65, 75, 71, 1, 79, 49, 28, 9, 73, 35, 46, 61, 64, 39, 66, 80, 41, 10, 51, 36, 52, 54, 53, 76, 56, 81, 6, 42, 5, 44, 55, 7, 11, 21, 57, 60, 58, 12, 59, 14, 19, 20, 22, 16, 15, 17, 72, 18, 23, 13, 30, 31, 24]项目工期为：389.0；项目成本为：32959.6
染色体结构为:
[77, 34, 8, 40, 4, 37, 27, 25, 68, 74, 43, 32, 48, 2, 78, 70, 69, 3, 63, 26, 50, 41, 64, 47, 65, 62, 33, 38, 29, 75, 45, 1, 67, 71, 46, 49, 28, 79, 9, 73, 66, 35, 80, 10, 61, 39, 36, 51, 52, 53, 54, 76, 6, 56, 44, 81, 55, 11, 7, 5, 42, 21, 57, 14, 58, 12, 59, 60, 20, 16, 22, 72, 19, 23, 15, 17, 18, 13, 30, 31, 24]项目工期为：356.0；项目成本为：34110.29999999999
染色体结构为:
[27, 40, 68, 4, 43, 78, 37, 50, 3, 26, 48, 47, 33, 62, 29, 45, 38, 70, 67, 63, 2, 65, 1, 75, 34, 71, 49, 77, 74, 25, 28, 69, 79, 32, 46, 9, 61, 35, 73, 64, 8, 66, 80, 39, 41, 10, 51, 52, 54, 53, 36, 56, 76, 81, 6, 42, 5, 44, 7, 55, 11, 21, 57, 59, 60, 12, 58, 14, 19, 20, 15, 16, 22, 72, 17, 23, 13, 18, 30, 31, 24]项目工期为：317.0；项目成本为：36171.7
染色体结构为:
[75, 61, 4, 74, 70, 71, 78, 64, 1, 40, 43, 5, 38, 8, 2, 68, 26, 33, 9, 7, 77, 25, 11, 16, 73, 76, 37, 65, 36, 47, 67, 29, 62, 14, 63, 45, 15, 79, 80, 12, 20, 50, 35, 81, 49, 41, 44, 10, 21, 66, 17, 39, 69, 28, 46, 6, 48, 19, 42, 3, 18, 27, 34, 32, 13, 22, 30, 31, 51, 23, 24, 56, 53, 55, 57, 52, 59, 54, 60, 58, 72]项目工期为：228.0；项目成本为：43214.59999999999
染色体结构为:
[25, 4, 74, 2, 3, 27, 64, 41, 26, 70, 63, 65, 1, 75, 71, 35, 34, 48, 49, 76, 47, 43, 68, 50, 78, 32, 8, 67, 29, 40, 36, 37, 33, 61, 79, 38, 62, 80, 6, 44, 7, 45, 77, 69, 28, 46, 9, 66, 73, 51, 39, 52, 10, 54, 53, 56, 5, 81, 11, 21, 55, 57, 42, 59, 60, 58, 14, 12, 20, 22, 16, 19, 15, 17, 23, 13, 72, 18, 30, 24, 31]项目工期为：327.0；项目成本为：35614.0
染色体结构为:
[8, 4, 74, 2, 77, 25, 27, 34, 40, 48, 37, 68, 32, 43, 78, 69, 50, 47, 33, 26, 3, 62, 29, 45, 70, 67, 38, 63, 65, 75, 71, 1, 49, 79, 28, 9, 46, 73, 35, 61, 64, 66, 80, 39, 41, 51, 10, 52, 54, 36, 56, 53, 76, 81, 6, 42, 5, 55, 44, 11, 7, 57, 21, 58, 60, 59, 12, 14, 20, 16, 15, 19, 17, 22, 72, 23, 18, 13, 30, 31, 24]项目工期为：378.0；项目成本为：33428.1
染色体结构为:
[25, 4, 74, 27, 2, 64, 41, 26, 3, 63, 70, 1, 65, 75, 71, 35, 34, 48, 49, 47, 76, 43, 68, 78, 8, 50, 32, 29, 37, 67, 40, 36, 33, 61, 38, 79, 62, 80, 6, 7, 45, 44, 69, 77, 28, 9, 46, 66, 73, 39, 51, 10, 52, 56, 54, 53, 5, 81, 11, 42, 21, 55, 57, 59, 60, 58, 14, 20, 16, 12, 19, 22, 15, 17, 72, 23, 13, 18, 30, 24, 31]项目工期为：323.0；项目成本为：35737.6
染色体结构为:
[75, 61, 4, 74, 70, 71, 78, 40, 1, 64, 5, 43, 38, 8, 2, 68, 26, 33, 7, 9, 77, 25, 11, 16, 73, 37, 65, 76, 36, 47, 29, 67, 62, 45, 14, 63, 15, 79, 80, 20, 12, 50, 35, 81, 49, 41, 21, 44, 10, 66, 17, 39, 69, 46, 6, 28, 48, 19, 42, 3, 27, 18, 34, 32, 13, 22, 30, 51, 31, 23, 53, 24, 55, 56, 57, 54, 52, 59, 60, 58, 72]项目工期为：220.0；项目成本为：43666.39999999999
染色体结构为:
[8, 4, 74, 2, 25, 77, 27, 40, 37, 48, 34, 68, 32, 78, 43, 50, 69, 47, 33, 26, 3, 62, 29, 45, 70, 63, 38, 65, 67, 1, 75, 71, 79, 9, 49, 28, 46, 73, 61, 35, 64, 39, 66, 80, 41, 51, 52, 10, 36, 53, 54, 56, 81, 76, 6, 42, 55, 7, 5, 44, 57, 11, 21, 58, 60, 12, 14, 59, 19, 16, 15, 20, 17, 72, 22, 23, 18, 13, 30, 31, 24]项目工期为：329.0；项目成本为：35427.299999999996
染色体结构为:
[25, 74, 27, 4, 41, 2, 3, 70, 26, 65, 63, 64, 75, 71, 1, 48, 34, 35, 49, 47, 68, 43, 76, 50, 78, 29, 62, 33, 37, 32, 45, 6, 38, 69, 67, 9, 73, 66, 79, 44, 8, 11, 7, 77, 28, 61, 51, 5, 12, 46, 39, 40, 52, 80, 55, 81, 10, 53, 36, 54, 42, 14, 20, 15, 56, 57, 60, 22, 23, 24, 19, 16, 21, 17, 18, 58, 30, 31, 13, 59, 72]项目工期为：279.0；项目成本为：38537.2
染色体结构为:
[4, 25, 74, 27, 41, 77, 8, 40, 34, 37, 68, 43, 48, 32, 2, 78, 69, 70, 3, 63, 26, 64, 50, 47, 65, 29, 38, 62, 33, 1, 75, 45, 67, 28, 71, 49, 46, 35, 79, 9, 66, 73, 39, 80, 61, 10, 51, 36, 53, 52, 54, 56, 6, 76, 81, 5, 44, 55, 11, 42, 7, 21, 57, 58, 14, 59, 60, 19, 20, 12, 16, 22, 23, 15, 72, 17, 13, 18, 24, 30, 31]项目工期为：374.0；项目成本为：33513.799999999996
染色体结构为:
[25, 74, 4, 2, 27, 3, 64, 41, 70, 26, 63, 65, 1, 75, 34, 71, 35, 48, 49, 47, 76, 68, 43, 78, 50, 8, 32, 29, 67, 40, 37, 36, 33, 61, 79, 62, 38, 80, 6, 7, 44, 45, 77, 69, 28, 9, 46, 73, 66, 51, 39, 10, 52, 56, 54, 53, 81, 5, 42, 11, 21, 57, 55, 59, 60, 58, 14, 20, 12, 19, 22, 16, 15, 17, 23, 72, 13, 18, 30, 24, 31]项目工期为：326.0；项目成本为：35643.3
染色体结构为:
[77, 8, 34, 40, 4, 37, 27, 68, 25, 74, 43, 48, 32, 2, 78, 69, 70, 3, 41, 63, 26, 64, 50, 65, 47, 29, 33, 62, 45, 38, 1, 75, 49, 67, 71, 28, 79, 46, 35, 9, 73, 80, 39, 66, 51, 61, 10, 53, 36, 52, 76, 54, 6, 56, 81, 44, 5, 55, 42, 7, 57, 11, 21, 14, 58, 59, 12, 60, 20, 16, 22, 19, 15, 72, 17, 23, 13, 18, 30, 24, 31]项目工期为：430.0；项目成本为：31819.999999999996
染色体结构为:
[8, 34, 27, 4, 40, 77, 74, 37, 25, 2, 68, 48, 78, 32, 69, 43, 47, 3, 50, 26, 33, 29, 62, 38, 70, 45, 67, 63, 65, 75, 71, 1, 79, 49, 28, 73, 9, 35, 61, 46, 64, 39, 66, 80, 41, 10, 51, 36, 52, 54, 76, 53, 56, 81, 6, 42, 5, 55, 44, 7, 11, 21, 57, 60, 58, 59, 14, 20, 19, 12, 22, 15, 16, 17, 23, 72, 13, 18, 24, 30, 31]项目工期为：351.0；项目成本为：34526.6
染色体结构为:
[8, 2, 74, 77, 4, 25, 40, 27, 34, 48, 37, 68, 32, 78, 43, 69, 26, 50, 47, 3, 33, 29, 45, 62, 70, 38, 63, 67, 65, 75, 71, 1, 49, 79, 9, 46, 28, 61, 73, 35, 64, 39, 41, 80, 66, 51, 10, 52, 54, 36, 53, 56, 76, 81, 6, 5, 42, 55, 44, 11, 7, 21, 57, 60, 58, 12, 19, 14, 59, 20, 22, 16, 72, 15, 17, 13, 23, 18, 24, 30, 31]项目工期为：391.0；项目成本为：32886.3
染色体结构为:
[68, 27, 40, 8, 71, 36, 3, 70, 28, 1, 50, 38, 64, 34, 79, 48, 32, 49, 37, 81, 47, 75, 43, 39, 2, 65, 26, 67, 74, 29, 44, 35, 78, 41, 76, 80, 63, 62, 73, 9, 77, 4, 69, 33, 45, 61, 46, 5, 66, 7, 6, 51, 54, 53, 25, 52, 42, 10, 55, 56, 11, 14, 16, 57, 58, 12, 20, 19, 15, 22, 23, 21, 13, 60, 59, 17, 18, 72, 24, 30, 31]项目工期为：252.0；项目成本为：40768.6
染色体结构为:
[35, 8, 70, 10, 34, 75, 74, 71, 61, 4, 64, 40, 1, 78, 25, 27, 41, 3, 2, 26, 63, 65, 49, 47, 48, 68, 43, 50, 76, 29, 62, 37, 32, 33, 45, 6, 38, 67, 69, 9, 66, 73, 44, 79, 7, 77, 11, 51, 28, 5, 12, 46, 39, 52, 80, 81, 36, 55, 53, 54, 42, 20, 56, 14, 15, 57, 60, 22, 23, 24, 19, 16, 21, 17, 18, 30, 13, 58, 59, 72, 31]项目工期为：262.0；项目成本为：39551.600000000006
染色体结构为:
[8, 34, 77, 27, 4, 40, 43, 37, 48, 68, 32, 78, 2, 3, 74, 25, 41, 69, 70, 26, 63, 64, 50, 47, 65, 62, 29, 33, 38, 45, 1, 75, 67, 71, 28, 49, 46, 79, 35, 9, 73, 66, 80, 39, 61, 10, 51, 36, 53, 52, 54, 56, 76, 6, 81, 44, 5, 55, 7, 11, 42, 21, 57, 14, 58, 59, 20, 60, 12, 19, 16, 22, 23, 72, 17, 15, 18, 13, 30, 24, 31]项目工期为：414.0；项目成本为：32115.799999999992
染色体结构为:
[74, 25, 4, 27, 41, 2, 70, 3, 26, 63, 65, 64, 75, 1, 71, 34, 49, 48, 47, 35, 68, 43, 76, 62, 78, 50, 29, 37, 33, 45, 32, 6, 38, 67, 69, 9, 66, 73, 79, 8, 44, 11, 7, 77, 61, 28, 51, 5, 46, 12, 40, 52, 39, 81, 80, 55, 36, 54, 53, 10, 42, 14, 15, 20, 56, 57, 60, 22, 23, 24, 19, 21, 16, 17, 18, 58, 30, 31, 59, 13, 72]项目工期为：276.0；项目成本为：38764.799999999996
染色体结构为:
[8, 34, 77, 27, 40, 4, 43, 68, 37, 48, 32, 78, 74, 2, 25, 3, 41, 26, 70, 69, 63, 65, 50, 64, 29, 47, 33, 62, 45, 38, 67, 1, 71, 75, 49, 46, 28, 79, 73, 9, 35, 80, 66, 61, 39, 10, 51, 52, 53, 36, 54, 76, 6, 44, 56, 42, 5, 81, 55, 7, 57, 11, 21, 14, 59, 58, 20, 12, 16, 60, 22, 15, 23, 19, 17, 13, 72, 18, 30, 24, 31]项目工期为：466.0；项目成本为：30613.7
染色体结构为:
[25, 74, 4, 3, 2, 64, 27, 41, 26, 70, 63, 65, 1, 71, 75, 34, 35, 48, 49, 76, 68, 47, 43, 78, 8, 50, 67, 32, 40, 29, 33, 37, 36, 79, 61, 38, 62, 80, 6, 7, 77, 45, 44, 28, 9, 69, 46, 66, 73, 51, 39, 10, 52, 54, 56, 53, 81, 42, 5, 11, 57, 21, 55, 59, 60, 14, 58, 19, 20, 12, 22, 16, 17, 15, 23, 72, 18, 13, 30, 24, 31]项目工期为：308.0；项目成本为：36833.4
染色体结构为:
[8, 77, 40, 34, 27, 4, 68, 43, 37, 32, 48, 78, 74, 2, 3, 26, 25, 41, 69, 70, 65, 64, 63, 29, 50, 47, 33, 45, 62, 38, 1, 67, 75, 49, 46, 79, 71, 28, 9, 73, 35, 80, 66, 61, 39, 10, 51, 53, 36, 52, 54, 76, 44, 56, 5, 6, 55, 81, 42, 7, 57, 11, 21, 14, 60, 58, 59, 12, 20, 16, 19, 22, 15, 72, 23, 17, 18, 13, 30, 24, 31]项目工期为：448.0；项目成本为：31237.499999999996
染色体结构为:
[8, 77, 27, 40, 4, 34, 43, 37, 68, 48, 32, 74, 2, 78, 3, 25, 41, 26, 70, 69, 63, 65, 64, 50, 29, 47, 33, 45, 62, 38, 1, 67, 75, 71, 49, 46, 28, 79, 9, 73, 35, 80, 66, 61, 10, 39, 51, 53, 52, 36, 54, 76, 44, 6, 56, 81, 42, 5, 55, 7, 57, 11, 14, 59, 21, 60, 58, 20, 12, 16, 22, 15, 19, 23, 17, 13, 72, 18, 30, 24, 31]项目工期为：469.0；项目成本为：30465.9
染色体结构为:
[8, 35, 70, 10, 34, 75, 74, 71, 4, 61, 40, 64, 1, 78, 25, 27, 3, 41, 26, 2, 63, 65, 49, 47, 48, 68, 43, 76, 50, 29, 62, 37, 32, 33, 45, 6, 38, 67, 69, 9, 66, 73, 44, 79, 7, 77, 11, 51, 5, 28, 12, 46, 39, 52, 81, 80, 36, 55, 53, 54, 42, 20, 56, 14, 15, 57, 60, 22, 23, 19, 24, 16, 21, 17, 18, 30, 58, 13, 59, 72, 31]项目工期为：257.0；项目成本为：39724.30000000001
染色体结构为:
[75, 4, 61, 74, 70, 71, 78, 64, 40, 43, 1, 5, 38, 2, 8, 68, 33, 26, 9, 77, 7, 11, 73, 25, 16, 37, 65, 76, 36, 47, 29, 67, 62, 45, 14, 63, 15, 79, 80, 20, 12, 35, 50, 81, 49, 21, 41, 44, 10, 66, 17, 39, 69, 28, 46, 6, 48, 19, 42, 3, 27, 18, 34, 13, 32, 22, 30, 31, 51, 23, 24, 55, 56, 53, 57, 54, 52, 59, 60, 58, 72]项目工期为：229.0；项目成本为：42902.09999999999
染色体结构为:
[8, 74, 4, 2, 77, 25, 27, 34, 40, 48, 68, 37, 32, 43, 78, 50, 69, 47, 33, 26, 3, 62, 29, 45, 70, 38, 67, 63, 41, 65, 64, 1, 75, 49, 71, 46, 79, 9, 28, 35, 73, 66, 61, 80, 39, 10, 51, 52, 36, 53, 6, 54, 76, 56, 44, 81, 5, 55, 42, 7, 11, 21, 57, 14, 59, 20, 60, 58, 16, 12, 22, 19, 15, 72, 23, 17, 13, 18, 24, 30, 31]项目工期为：452.0；项目成本为：31021.399999999998
染色体结构为:
[27, 40, 68, 4, 43, 78, 37, 50, 3, 26, 48, 47, 33, 62, 29, 45, 38, 70, 67, 63, 2, 65, 1, 75, 34, 71, 49, 77, 74, 25, 28, 69, 79, 32, 46, 9, 61, 35, 73, 64, 8, 66, 80, 39, 41, 10, 51, 52, 54, 53, 36, 56, 76, 81, 6, 42, 5, 44, 55, 11, 7, 57, 21, 59, 60, 12, 58, 14, 19, 20, 15, 16, 22, 72, 17, 13, 23, 18, 30, 31, 24]项目工期为：317.0；项目成本为：36171.7
染色体结构为:
[68, 27, 4, 40, 37, 78, 43, 47, 50, 3, 26, 48, 33, 62, 45, 29, 38, 70, 67, 63, 2, 65, 34, 75, 1, 77, 71, 49, 74, 28, 25, 79, 69, 32, 46, 61, 9, 35, 64, 73, 8, 66, 80, 41, 39, 51, 52, 53, 54, 10, 76, 56, 81, 36, 42, 6, 5, 44, 7, 11, 55, 21, 57, 59, 60, 12, 58, 14, 19, 20, 16, 15, 72, 17, 22, 13, 23, 18, 24, 30, 31]项目工期为：286.0；项目成本为：38125.29999999999
染色体结构为:
[4, 64, 61, 78, 25, 7, 43, 68, 6, 79, 70, 33, 27, 1, 45, 65, 67, 8, 36, 81, 66, 2, 5, 10, 80, 37, 49, 34, 77, 40, 50, 11, 12, 75, 26, 63, 32, 29, 51, 73, 41, 22, 62, 3, 56, 69, 76, 53, 23, 71, 14, 52, 57, 59, 13, 38, 20, 74, 48, 54, 47, 28, 35, 16, 9, 46, 39, 44, 42, 55, 21, 60, 58, 15, 19, 17, 72, 18, 24, 30, 31]项目工期为：255.0；项目成本为：40559.200000000004
染色体结构为:
[68, 27, 4, 37, 40, 78, 47, 43, 50, 3, 26, 48, 33, 62, 45, 29, 38, 70, 67, 63, 2, 65, 34, 1, 75, 77, 71, 49, 74, 28, 25, 79, 69, 32, 46, 61, 9, 35, 64, 8, 66, 73, 80, 41, 39, 51, 52, 53, 54, 76, 10, 56, 81, 36, 42, 6, 5, 7, 44, 11, 55, 21, 57, 59, 60, 12, 58, 14, 19, 16, 15, 20, 72, 17, 22, 13, 23, 18, 30, 24, 31]项目工期为：286.0；项目成本为：38125.29999999999
染色体结构为:
[77, 34, 8, 4, 40, 37, 27, 25, 68, 74, 43, 32, 48, 2, 78, 70, 69, 3, 63, 26, 50, 41, 64, 47, 65, 62, 33, 38, 29, 45, 75, 1, 67, 71, 49, 28, 46, 9, 79, 66, 73, 35, 10, 80, 61, 39, 36, 51, 52, 53, 54, 76, 56, 6, 44, 81, 55, 11, 7, 5, 42, 21, 57, 14, 58, 12, 59, 60, 20, 16, 72, 22, 19, 23, 15, 17, 18, 30, 13, 31, 24]项目工期为：354.0；项目成本为：34185.399999999994
染色体结构为:
[8, 77, 34, 4, 40, 27, 43, 37, 48, 78, 32, 2, 68, 69, 74, 41, 25, 26, 3, 63, 70, 50, 65, 29, 47, 64, 38, 33, 62, 45, 1, 75, 71, 67, 28, 46, 49, 9, 79, 35, 73, 66, 80, 51, 61, 39, 53, 36, 52, 54, 10, 76, 6, 56, 5, 81, 44, 7, 55, 11, 21, 57, 42, 58, 12, 14, 20, 59, 16, 19, 60, 22, 23, 72, 15, 17, 18, 30, 13, 24, 31]项目工期为：508.0；项目成本为：29299.8
染色体结构为:
[27, 68, 40, 8, 71, 36, 3, 70, 50, 1, 38, 28, 64, 34, 79, 48, 32, 49, 47, 81, 75, 37, 43, 39, 2, 65, 74, 26, 67, 44, 29, 78, 35, 41, 76, 80, 63, 9, 73, 62, 69, 4, 33, 77, 61, 45, 46, 6, 7, 5, 66, 51, 54, 53, 25, 42, 52, 10, 56, 55, 11, 16, 57, 14, 19, 58, 12, 22, 20, 15, 21, 23, 60, 13, 59, 17, 18, 72, 30, 24, 31]项目工期为：246.0；项目成本为：41357.49999999999
染色体结构为:
[8, 4, 2, 74, 25, 77, 27, 40, 37, 48, 34, 68, 32, 78, 43, 69, 50, 47, 33, 26, 3, 62, 29, 45, 70, 63, 38, 65, 67, 1, 75, 71, 79, 9, 49, 28, 46, 73, 35, 61, 64, 39, 66, 80, 41, 51, 52, 10, 36, 53, 54, 56, 81, 76, 6, 42, 55, 7, 5, 44, 57, 11, 21, 58, 60, 12, 14, 59, 19, 16, 15, 20, 17, 72, 22, 23, 13, 18, 30, 31, 24]项目工期为：329.0；项目成本为：35427.299999999996
染色体结构为:
[35, 8, 70, 10, 34, 75, 74, 71, 61, 4, 64, 40, 1, 78, 25, 27, 41, 3, 2, 26, 63, 65, 49, 47, 48, 68, 43, 50, 76, 29, 62, 37, 32, 33, 45, 6, 38, 67, 69, 9, 66, 73, 79, 44, 7, 77, 11, 51, 28, 12, 5, 46, 39, 52, 80, 81, 36, 55, 53, 54, 42, 20, 56, 14, 15, 57, 60, 22, 23, 24, 19, 16, 21, 17, 18, 30, 13, 58, 59, 31, 72]项目工期为：265.0；项目成本为：39535.4
染色体结构为:
[8, 27, 34, 40, 4, 77, 74, 37, 2, 25, 68, 48, 32, 78, 43, 69, 47, 3, 50, 26, 33, 29, 62, 70, 38, 67, 45, 63, 65, 71, 75, 1, 79, 49, 28, 9, 73, 46, 35, 61, 64, 39, 66, 80, 41, 10, 36, 51, 52, 54, 53, 56, 76, 6, 81, 42, 5, 44, 55, 7, 11, 21, 57, 60, 58, 12, 59, 14, 20, 19, 16, 22, 15, 17, 72, 18, 23, 13, 30, 31, 24]项目工期为：389.0；项目成本为：32959.6
染色体结构为:
[8, 77, 27, 40, 34, 4, 43, 68, 48, 37, 32, 78, 74, 2, 3, 25, 41, 26, 69, 70, 63, 65, 64, 50, 29, 47, 33, 45, 38, 62, 1, 67, 75, 49, 46, 71, 28, 79, 9, 35, 73, 66, 80, 39, 61, 10, 51, 53, 36, 52, 54, 6, 76, 44, 56, 81, 5, 42, 55, 7, 57, 11, 21, 14, 59, 60, 58, 20, 12, 16, 19, 22, 15, 23, 17, 72, 13, 18, 30, 31, 24]项目工期为：478.0；项目成本为：30218.2
染色体结构为:
[8, 77, 27, 40, 34, 4, 43, 48, 68, 37, 32, 78, 74, 2, 3, 25, 41, 26, 69, 70, 63, 65, 64, 29, 50, 47, 33, 45, 38, 62, 1, 67, 75, 49, 46, 71, 28, 79, 9, 73, 35, 66, 80, 61, 10, 39, 51, 53, 36, 54, 52, 6, 76, 44, 56, 81, 5, 42, 55, 7, 57, 11, 21, 14, 59, 58, 60, 20, 12, 16, 19, 22, 15, 23, 17, 72, 13, 18, 30, 31, 24]项目工期为：478.0；项目成本为：30218.2
染色体结构为:
[77, 8, 34, 40, 4, 27, 37, 68, 74, 25, 43, 32, 2, 48, 69, 78, 70, 3, 63, 41, 26, 50, 64, 65, 47, 29, 62, 38, 33, 45, 75, 67, 71, 1, 28, 46, 49, 79, 9, 35, 66, 73, 80, 10, 61, 36, 39, 51, 52, 53, 54, 76, 6, 56, 44, 81, 5, 55, 7, 11, 42, 21, 14, 57, 12, 58, 59, 60, 19, 20, 16, 72, 22, 23, 15, 17, 13, 18, 30, 31, 24]项目工期为：345.0；项目成本为：34691.59999999999
染色体结构为:
[8, 77, 34, 27, 4, 40, 74, 37, 2, 25, 68, 48, 32, 78, 43, 69, 47, 50, 3, 26, 33, 62, 29, 70, 38, 45, 67, 63, 65, 75, 71, 79, 1, 49, 28, 9, 73, 46, 35, 61, 64, 39, 66, 80, 10, 41, 51, 52, 36, 54, 53, 76, 56, 81, 6, 42, 5, 55, 44, 11, 7, 21, 57, 60, 58, 12, 59, 14, 19, 20, 22, 16, 17, 15, 72, 18, 23, 13, 30, 31, 24]项目工期为：392.0；项目成本为：32869.8
染色体结构为:
[77, 34, 8, 27, 40, 4, 43, 68, 48, 37, 32, 74, 78, 2, 3, 25, 41, 26, 70, 69, 65, 64, 50, 63, 29, 47, 33, 45, 1, 62, 38, 67, 75, 49, 71, 46, 28, 79, 9, 35, 73, 80, 61, 66, 10, 39, 51, 53, 36, 52, 54, 76, 6, 44, 81, 56, 5, 42, 55, 11, 57, 7, 21, 14, 59, 60, 58, 20, 16, 12, 22, 19, 17, 15, 13, 72, 23, 18, 30, 24, 31]项目工期为：439.0；项目成本为：31261.19999999999
染色体结构为:
[77, 8, 34, 4, 40, 68, 27, 37, 25, 74, 43, 32, 48, 2, 78, 69, 70, 3, 26, 41, 63, 64, 65, 50, 47, 62, 29, 38, 33, 45, 67, 1, 75, 28, 71, 49, 46, 79, 9, 35, 73, 80, 66, 61, 39, 10, 51, 36, 53, 52, 54, 76, 81, 6, 56, 44, 5, 55, 7, 42, 57, 11, 21, 59, 60, 14, 58, 12, 19, 16, 15, 20, 17, 72, 22, 23, 13, 18, 30, 31, 24]项目工期为：384.0；项目成本为：33238.5
染色体结构为:
[74, 4, 25, 2, 27, 70, 41, 3, 63, 26, 64, 75, 65, 1, 71, 34, 48, 49, 47, 35, 68, 43, 78, 76, 62, 29, 50, 33, 37, 45, 32, 6, 38, 69, 67, 9, 66, 73, 79, 8, 11, 7, 77, 44, 61, 28, 5, 51, 12, 40, 46, 39, 52, 81, 80, 55, 36, 10, 54, 42, 53, 14, 15, 20, 56, 57, 60, 22, 23, 24, 21, 19, 16, 17, 18, 30, 58, 59, 13, 72, 31]项目工期为：291.0；项目成本为：37870.9
染色体结构为:
[25, 4, 8, 34, 32, 27, 48, 68, 43, 40, 78, 50, 37, 3, 47, 29, 33, 26, 45, 62, 70, 38, 67, 2, 65, 1, 63, 71, 75, 77, 49, 74, 28, 79, 9, 69, 35, 46, 61, 73, 64, 66, 80, 39, 51, 41, 52, 10, 54, 36, 76, 56, 53, 81, 6, 5, 42, 44, 55, 7, 11, 21, 57, 59, 60, 58, 20, 14, 12, 19, 22, 23, 16, 17, 15, 72, 13, 18, 24, 30, 31]项目工期为：300.0；项目成本为：37133.299999999996
染色体结构为:
[8, 77, 34, 40, 4, 27, 32, 43, 78, 48, 68, 2, 37, 69, 41, 3, 26, 25, 74, 70, 65, 63, 50, 62, 29, 64, 33, 47, 38, 1, 45, 75, 71, 67, 46, 9, 49, 28, 79, 35, 73, 61, 66, 80, 39, 51, 53, 36, 10, 56, 52, 54, 76, 6, 81, 44, 5, 7, 55, 42, 11, 57, 21, 12, 58, 14, 20, 59, 16, 19, 60, 22, 72, 15, 17, 23, 13, 24, 18, 30, 31]项目工期为：540.0；项目成本为：28901.999999999996
染色体结构为:
[74, 27, 68, 4, 40, 8, 71, 70, 50, 3, 28, 38, 36, 64, 1, 34, 79, 48, 32, 49, 81, 47, 37, 2, 75, 39, 65, 43, 67, 26, 35, 44, 29, 41, 80, 78, 76, 73, 63, 9, 62, 69, 77, 33, 61, 45, 5, 46, 7, 66, 6, 51, 54, 53, 25, 52, 42, 56, 10, 55, 11, 14, 12, 16, 57, 58, 20, 22, 19, 15, 23, 13, 21, 59, 60, 17, 24, 18, 30, 72, 31]项目工期为：251.0；项目成本为：40940.79999999999
染色体结构为:
[8, 74, 4, 2, 77, 27, 25, 34, 40, 48, 37, 68, 32, 43, 78, 69, 50, 47, 26, 33, 3, 62, 29, 45, 70, 38, 63, 65, 67, 75, 71, 1, 79, 49, 28, 9, 46, 61, 35, 73, 64, 66, 39, 80, 41, 51, 10, 52, 36, 54, 53, 56, 76, 81, 6, 42, 55, 5, 7, 44, 57, 11, 60, 21, 58, 12, 14, 59, 19, 16, 15, 20, 17, 22, 23, 72, 18, 13, 30, 31, 24]项目工期为：339.0；项目成本为：34928.19999999999
染色体结构为:
[25, 4, 74, 2, 27, 41, 70, 26, 3, 64, 75, 63, 65, 1, 34, 71, 48, 49, 35, 47, 68, 43, 76, 78, 62, 29, 50, 33, 37, 45, 32, 6, 67, 38, 69, 9, 73, 66, 79, 8, 11, 44, 77, 7, 61, 28, 5, 51, 12, 40, 46, 39, 52, 81, 55, 80, 54, 36, 10, 53, 14, 42, 15, 20, 56, 57, 60, 22, 23, 21, 24, 19, 16, 17, 18, 30, 58, 59, 13, 31, 72]项目工期为：297.0；项目成本为：37388.299999999996
染色体结构为:
[8, 74, 4, 2, 77, 27, 25, 34, 40, 48, 37, 68, 32, 43, 78, 69, 50, 47, 26, 33, 3, 62, 29, 45, 70, 38, 63, 65, 67, 75, 71, 1, 79, 49, 28, 46, 9, 61, 35, 73, 64, 39, 80, 66, 41, 51, 10, 52, 54, 36, 53, 56, 81, 76, 6, 42, 55, 5, 7, 44, 57, 11, 60, 21, 12, 58, 14, 59, 19, 16, 15, 20, 17, 22, 23, 72, 18, 13, 30, 31, 24]项目工期为：339.0；项目成本为：34928.19999999999
染色体结构为:
[8, 68, 40, 27, 74, 4, 25, 41, 3, 2, 26, 70, 65, 64, 75, 63, 1, 34, 48, 71, 35, 49, 47, 43, 76, 50, 78, 29, 37, 62, 32, 33, 38, 6, 67, 9, 45, 69, 66, 79, 73, 44, 77, 7, 11, 61, 28, 51, 5, 12, 46, 39, 80, 52, 10, 81, 55, 36, 54, 53, 42, 20, 14, 15, 56, 22, 57, 60, 23, 24, 19, 21, 16, 17, 18, 30, 58, 13, 31, 59, 72]项目工期为：277.0；项目成本为：38589.899999999994
染色体结构为:
[25, 4, 74, 2, 27, 3, 64, 41, 70, 26, 65, 63, 1, 75, 71, 34, 35, 48, 49, 76, 47, 43, 78, 68, 32, 50, 8, 67, 29, 40, 36, 37, 61, 33, 38, 79, 6, 80, 62, 7, 44, 45, 69, 77, 28, 9, 46, 66, 51, 73, 52, 39, 10, 56, 54, 53, 5, 81, 42, 11, 21, 55, 57, 59, 58, 60, 14, 20, 12, 19, 22, 16, 15, 17, 23, 72, 13, 18, 30, 31, 24]项目工期为：333.0；项目成本为：35267.99999999999
染色体结构为:
[8, 34, 27, 4, 77, 40, 74, 37, 2, 25, 68, 48, 32, 78, 43, 69, 3, 47, 50, 33, 26, 29, 62, 70, 38, 45, 67, 63, 75, 71, 65, 1, 79, 49, 28, 9, 35, 73, 46, 61, 64, 39, 66, 80, 41, 10, 51, 36, 52, 54, 76, 53, 56, 81, 6, 42, 5, 44, 55, 7, 11, 21, 57, 60, 58, 12, 59, 14, 19, 20, 22, 16, 15, 72, 17, 18, 23, 13, 30, 31, 24]项目工期为：389.0；项目成本为：32959.6
染色体结构为:
[75, 61, 4, 74, 71, 78, 70, 64, 40, 1, 5, 38, 43, 8, 2, 68, 26, 33, 9, 77, 7, 25, 11, 73, 76, 16, 37, 65, 36, 47, 29, 67, 62, 45, 14, 63, 15, 79, 80, 12, 20, 50, 35, 49, 81, 41, 21, 44, 10, 66, 17, 39, 69, 46, 28, 6, 48, 19, 42, 3, 18, 27, 34, 13, 30, 32, 22, 31, 51, 23, 24, 53, 56, 55, 57, 52, 54, 59, 60, 58, 72]项目工期为：224.0；项目成本为：43288.7
染色体结构为:
[25, 74, 4, 3, 2, 27, 64, 41, 26, 70, 63, 65, 1, 71, 34, 75, 35, 49, 48, 76, 68, 47, 43, 78, 8, 50, 67, 32, 40, 29, 33, 37, 36, 79, 61, 38, 62, 80, 6, 7, 77, 45, 44, 28, 9, 69, 46, 73, 66, 51, 39, 10, 52, 54, 56, 53, 81, 42, 5, 11, 57, 21, 55, 59, 60, 14, 58, 19, 20, 12, 22, 16, 17, 15, 72, 23, 18, 30, 13, 24, 31]项目工期为：308.0；项目成本为：36833.4
染色体结构为:
[77, 34, 8, 40, 4, 27, 37, 25, 68, 74, 43, 32, 48, 2, 70, 78, 3, 69, 63, 26, 50, 64, 47, 41, 65, 62, 38, 29, 33, 75, 45, 1, 67, 71, 46, 49, 28, 79, 9, 66, 35, 80, 73, 10, 39, 61, 51, 36, 52, 53, 54, 76, 6, 56, 44, 55, 81, 11, 7, 5, 42, 21, 57, 14, 58, 12, 59, 60, 20, 16, 22, 19, 72, 23, 15, 17, 18, 13, 30, 31, 24]项目工期为：353.0；项目成本为：34274.49999999999
染色体结构为:
[75, 61, 74, 4, 70, 71, 64, 78, 40, 1, 43, 38, 5, 8, 68, 2, 33, 26, 9, 7, 77, 25, 11, 16, 73, 76, 37, 65, 36, 47, 67, 29, 62, 14, 45, 15, 63, 79, 20, 12, 80, 50, 35, 49, 81, 41, 44, 21, 66, 10, 17, 39, 28, 69, 46, 19, 6, 48, 3, 42, 27, 18, 34, 32, 30, 13, 22, 31, 23, 51, 24, 56, 53, 55, 52, 57, 59, 54, 58, 60, 72]项目工期为：223.0；项目成本为：43386.599999999984
染色体结构为:
[77, 34, 8, 40, 4, 27, 37, 25, 68, 74, 43, 32, 48, 70, 2, 78, 3, 63, 69, 26, 50, 64, 47, 41, 65, 62, 38, 33, 29, 75, 45, 1, 67, 71, 49, 46, 79, 28, 9, 66, 35, 80, 73, 39, 10, 61, 51, 36, 53, 54, 76, 6, 52, 56, 44, 55, 81, 11, 7, 5, 42, 21, 57, 14, 58, 59, 12, 60, 20, 16, 22, 19, 72, 23, 15, 17, 18, 13, 30, 31, 24]项目工期为：353.0；项目成本为：34274.49999999999
染色体结构为:
[8, 74, 4, 2, 77, 25, 27, 40, 48, 34, 68, 37, 32, 43, 78, 69, 47, 50, 33, 26, 3, 62, 29, 45, 70, 38, 67, 41, 63, 65, 64, 1, 75, 49, 71, 46, 79, 9, 35, 28, 73, 66, 61, 80, 39, 10, 51, 52, 36, 6, 53, 54, 76, 56, 44, 81, 5, 55, 42, 7, 11, 21, 57, 14, 59, 20, 60, 58, 16, 12, 22, 19, 15, 72, 17, 23, 13, 18, 24, 30, 31]项目工期为：455.0；项目成本为：31006.3
染色体结构为:
[68, 27, 40, 25, 74, 4, 2, 3, 41, 64, 26, 70, 63, 65, 1, 75, 71, 35, 34, 48, 49, 47, 76, 43, 78, 8, 50, 32, 29, 67, 37, 36, 33, 61, 38, 79, 62, 80, 6, 45, 7, 44, 77, 69, 28, 9, 46, 66, 73, 51, 39, 54, 10, 56, 53, 52, 81, 5, 42, 11, 21, 57, 59, 55, 60, 58, 14, 12, 20, 19, 16, 17, 22, 15, 72, 23, 18, 30, 13, 24, 31]项目工期为：318.0；项目成本为：36066.5
染色体结构为:
[74, 25, 4, 41, 27, 2, 3, 70, 26, 64, 63, 65, 75, 1, 71, 48, 34, 49, 35, 47, 43, 68, 76, 78, 29, 62, 37, 50, 33, 45, 6, 32, 69, 9, 38, 67, 66, 73, 8, 79, 44, 7, 11, 28, 61, 77, 5, 51, 12, 46, 39, 40, 52, 80, 55, 81, 10, 36, 53, 54, 42, 14, 15, 56, 57, 20, 60, 22, 23, 19, 24, 21, 16, 17, 18, 30, 58, 31, 13, 59, 72]项目工期为：293.0；项目成本为：37788.299999999996
染色体结构为:
[77, 8, 34, 40, 4, 27, 68, 37, 74, 25, 43, 32, 48, 2, 78, 69, 3, 70, 41, 26, 63, 64, 50, 65, 47, 29, 62, 33, 38, 75, 45, 1, 28, 71, 67, 49, 46, 79, 35, 66, 9, 73, 80, 61, 39, 10, 51, 36, 53, 52, 54, 76, 81, 6, 56, 44, 5, 55, 7, 42, 11, 21, 57, 12, 58, 14, 59, 20, 19, 16, 22, 60, 23, 72, 15, 17, 13, 18, 30, 24, 31]项目工期为：420.0；项目成本为：31850.5
染色体结构为:
[8, 77, 34, 40, 27, 4, 68, 43, 37, 32, 48, 78, 2, 74, 3, 25, 26, 41, 69, 70, 65, 64, 63, 50, 29, 33, 47, 45, 62, 38, 1, 67, 75, 49, 46, 79, 71, 28, 9, 73, 35, 80, 66, 61, 10, 39, 51, 53, 36, 52, 54, 76, 44, 56, 6, 5, 55, 81, 7, 42, 57, 11, 21, 14, 58, 60, 59, 12, 20, 16, 19, 22, 15, 72, 23, 17, 13, 18, 30, 31, 24]项目工期为：451.0；项目成本为：31026.899999999998
染色体结构为:
[8, 77, 34, 4, 40, 27, 37, 43, 48, 78, 32, 2, 69, 68, 74, 41, 25, 26, 3, 63, 70, 50, 29, 65, 47, 64, 38, 33, 62, 45, 1, 75, 67, 71, 28, 46, 49, 9, 35, 79, 73, 66, 80, 51, 61, 39, 53, 36, 52, 10, 54, 76, 6, 56, 5, 44, 81, 7, 55, 11, 21, 57, 42, 58, 12, 14, 20, 59, 16, 19, 60, 22, 23, 15, 72, 17, 18, 30, 13, 24, 31]项目工期为：508.0；项目成本为：29299.8
染色体结构为:
[25, 74, 4, 3, 27, 2, 64, 41, 26, 70, 63, 65, 1, 71, 34, 75, 35, 49, 76, 48, 68, 47, 43, 78, 8, 50, 32, 67, 40, 29, 37, 33, 36, 79, 61, 38, 62, 80, 6, 7, 77, 45, 44, 28, 9, 69, 46, 73, 66, 51, 39, 52, 10, 54, 56, 53, 81, 42, 5, 11, 57, 21, 55, 59, 60, 58, 12, 14, 19, 16, 20, 15, 17, 72, 22, 23, 13, 18, 30, 24, 31]项目工期为：313.0；项目成本为：36498.4
染色体结构为:
[25, 74, 4, 3, 2, 64, 27, 41, 70, 26, 63, 1, 65, 71, 75, 34, 48, 35, 49, 76, 47, 68, 43, 78, 8, 50, 67, 32, 40, 29, 33, 37, 36, 79, 38, 61, 62, 80, 6, 7, 77, 45, 44, 28, 9, 69, 46, 66, 73, 51, 39, 10, 52, 54, 56, 53, 81, 42, 5, 11, 57, 21, 55, 60, 59, 14, 58, 19, 20, 12, 22, 16, 17, 15, 23, 72, 18, 13, 30, 24, 31]项目工期为：308.0；项目成本为：36833.4
染色体结构为:
[8, 27, 40, 77, 34, 4, 43, 68, 37, 48, 32, 78, 74, 2, 3, 25, 41, 26, 69, 70, 63, 65, 64, 50, 29, 47, 33, 45, 38, 1, 62, 67, 75, 49, 46, 71, 28, 9, 79, 35, 73, 66, 80, 39, 61, 51, 10, 36, 53, 54, 52, 6, 76, 44, 56, 81, 42, 5, 55, 57, 7, 11, 21, 59, 14, 60, 58, 20, 12, 16, 19, 22, 23, 15, 17, 72, 13, 18, 30, 31, 24]项目工期为：478.0；项目成本为：30218.2
染色体结构为:
[74, 4, 27, 68, 40, 71, 8, 70, 50, 3, 28, 38, 36, 64, 1, 34, 79, 48, 49, 32, 81, 47, 37, 75, 65, 39, 2, 43, 67, 26, 35, 44, 29, 41, 78, 73, 80, 76, 63, 62, 9, 77, 69, 33, 45, 61, 5, 46, 7, 66, 6, 51, 53, 54, 25, 52, 56, 42, 10, 55, 11, 14, 16, 57, 12, 58, 20, 22, 19, 13, 23, 21, 15, 59, 17, 24, 60, 18, 72, 30, 31]项目工期为：253.0；项目成本为：40741.299999999996
染色体结构为:
[8, 35, 77, 40, 34, 27, 68, 4, 43, 37, 48, 78, 32, 74, 2, 3, 26, 25, 41, 70, 69, 65, 64, 29, 63, 50, 47, 33, 45, 62, 38, 1, 67, 75, 49, 46, 79, 71, 28, 9, 73, 80, 66, 61, 39, 10, 51, 53, 36, 52, 54, 76, 56, 44, 5, 6, 55, 81, 7, 42, 57, 11, 21, 14, 60, 58, 59, 12, 20, 16, 19, 22, 72, 15, 23, 17, 18, 13, 30, 24, 31]项目工期为：448.0；项目成本为：31237.499999999996
染色体结构为:
[25, 74, 27, 4, 41, 2, 3, 70, 26, 65, 63, 64, 75, 71, 1, 48, 34, 35, 49, 68, 47, 43, 76, 78, 50, 29, 62, 33, 37, 32, 45, 6, 38, 69, 67, 9, 73, 66, 79, 44, 8, 11, 7, 77, 28, 51, 61, 5, 12, 46, 39, 40, 52, 80, 81, 55, 10, 53, 36, 54, 42, 14, 20, 15, 56, 57, 60, 22, 23, 24, 19, 16, 21, 17, 18, 58, 30, 31, 13, 59, 72]项目工期为：279.0；项目成本为：38537.2
染色体结构为:
[77, 34, 8, 27, 40, 4, 43, 68, 48, 37, 32, 74, 78, 2, 3, 25, 41, 26, 70, 69, 65, 64, 50, 63, 29, 47, 33, 1, 45, 62, 38, 67, 75, 71, 49, 46, 28, 79, 9, 35, 73, 80, 61, 66, 10, 39, 51, 53, 36, 52, 54, 76, 6, 44, 81, 56, 5, 42, 55, 11, 57, 7, 21, 14, 59, 58, 60, 20, 16, 12, 22, 19, 17, 15, 13, 72, 23, 18, 30, 24, 31]项目工期为：438.0；项目成本为：31515.299999999992
染色体结构为:
[74, 25, 4, 2, 27, 70, 41, 3, 63, 26, 64, 75, 65, 1, 71, 34, 48, 49, 47, 35, 68, 78, 43, 76, 62, 29, 50, 33, 37, 45, 32, 6, 38, 67, 69, 9, 66, 73, 79, 8, 11, 7, 44, 77, 61, 28, 5, 51, 12, 46, 40, 39, 52, 81, 80, 36, 10, 55, 54, 53, 42, 14, 15, 56, 20, 57, 60, 22, 23, 24, 21, 19, 16, 17, 18, 30, 58, 31, 59, 13, 72]项目工期为：290.0；项目成本为：37903.399999999994
染色体结构为:
[77, 34, 4, 8, 40, 37, 27, 25, 68, 43, 74, 32, 48, 2, 78, 69, 70, 3, 63, 50, 26, 41, 64, 47, 65, 62, 33, 38, 29, 45, 75, 1, 67, 71, 49, 28, 46, 9, 79, 73, 66, 35, 10, 80, 61, 36, 39, 51, 52, 53, 54, 56, 76, 44, 81, 6, 55, 11, 7, 5, 42, 21, 57, 14, 58, 12, 59, 60, 20, 16, 22, 72, 19, 23, 15, 17, 18, 30, 13, 31, 24]项目工期为：354.0；项目成本为：34185.399999999994
染色体结构为:
[4, 68, 27, 40, 37, 78, 43, 47, 50, 3, 26, 48, 33, 62, 45, 29, 38, 70, 67, 2, 63, 65, 34, 75, 1, 71, 77, 49, 74, 28, 25, 79, 69, 32, 61, 46, 9, 35, 64, 73, 8, 66, 80, 41, 51, 39, 53, 52, 54, 10, 76, 56, 81, 36, 42, 6, 5, 44, 7, 11, 55, 57, 21, 59, 60, 58, 12, 14, 19, 20, 16, 15, 72, 17, 22, 13, 23, 18, 24, 30, 31]项目工期为：286.0；项目成本为：38125.29999999999
染色体结构为:
[8, 77, 27, 40, 4, 34, 37, 43, 32, 48, 68, 78, 74, 2, 41, 69, 3, 25, 26, 63, 50, 64, 65, 70, 29, 47, 33, 62, 38, 1, 75, 45, 71, 28, 67, 46, 35, 9, 49, 79, 73, 66, 39, 80, 61, 51, 53, 10, 36, 76, 52, 6, 54, 56, 81, 44, 5, 55, 7, 11, 42, 21, 57, 12, 58, 14, 59, 20, 16, 19, 60, 22, 72, 23, 15, 17, 13, 18, 30, 24, 31]项目工期为：494.0；项目成本为：29760.9
染色体结构为:
[77, 34, 40, 8, 4, 37, 27, 68, 25, 74, 43, 32, 48, 2, 70, 78, 69, 3, 41, 63, 50, 26, 64, 65, 47, 62, 33, 29, 38, 45, 75, 1, 67, 71, 46, 49, 28, 79, 9, 66, 73, 35, 80, 10, 61, 36, 39, 51, 53, 52, 54, 76, 6, 56, 44, 81, 5, 55, 11, 7, 42, 21, 57, 14, 12, 58, 59, 20, 60, 16, 19, 22, 72, 15, 23, 13, 17, 18, 30, 31, 24]项目工期为：366.0；项目成本为：33803.1
染色体结构为:
[25, 74, 4, 3, 2, 64, 27, 41, 26, 70, 63, 65, 1, 71, 75, 34, 35, 48, 49, 76, 68, 47, 78, 43, 50, 8, 32, 67, 40, 29, 33, 37, 36, 79, 61, 62, 38, 80, 6, 7, 77, 45, 44, 28, 9, 69, 46, 66, 73, 51, 39, 10, 54, 52, 56, 53, 81, 42, 11, 5, 57, 21, 55, 59, 60, 14, 58, 20, 19, 12, 22, 16, 17, 15, 23, 72, 18, 13, 30, 31, 24]项目工期为：308.0；项目成本为：36833.4
染色体结构为:
[25, 4, 74, 2, 3, 27, 41, 77, 8, 40, 34, 37, 68, 43, 48, 32, 78, 69, 70, 63, 26, 50, 64, 47, 65, 29, 62, 38, 33, 1, 45, 75, 67, 28, 71, 46, 35, 49, 79, 9, 66, 73, 39, 80, 61, 10, 51, 36, 53, 52, 54, 56, 6, 76, 44, 81, 5, 55, 7, 11, 42, 21, 57, 14, 58, 59, 60, 20, 19, 12, 16, 22, 23, 15, 72, 17, 13, 18, 30, 31, 24]项目工期为：385.0；项目成本为：33068.9
染色体结构为:
[8, 74, 4, 2, 77, 27, 25, 34, 48, 40, 37, 32, 68, 78, 43, 69, 50, 47, 26, 33, 62, 3, 29, 45, 38, 70, 63, 65, 67, 75, 71, 79, 1, 49, 28, 9, 46, 61, 35, 73, 64, 66, 39, 80, 41, 51, 10, 52, 54, 36, 53, 56, 76, 6, 81, 42, 5, 55, 7, 44, 57, 11, 60, 21, 58, 12, 14, 59, 19, 16, 15, 20, 17, 22, 23, 72, 13, 18, 30, 24, 31]项目工期为：339.0；项目成本为：34928.19999999999
染色体结构为:
[25, 74, 2, 4, 27, 3, 64, 41, 70, 26, 63, 65, 1, 75, 71, 34, 35, 49, 48, 47, 76, 68, 78, 50, 43, 8, 32, 29, 67, 40, 37, 36, 33, 61, 79, 62, 38, 80, 6, 7, 44, 45, 77, 69, 28, 9, 46, 73, 66, 51, 39, 10, 52, 56, 53, 54, 5, 81, 42, 11, 21, 57, 55, 59, 58, 60, 14, 12, 20, 19, 22, 15, 16, 17, 23, 72, 13, 18, 30, 31, 24]项目工期为：326.0；项目成本为：35643.3
染色体结构为:
[4, 25, 74, 2, 3, 27, 64, 41, 26, 70, 63, 1, 65, 75, 71, 34, 48, 35, 49, 47, 76, 43, 68, 50, 78, 32, 8, 67, 29, 40, 36, 37, 33, 61, 79, 38, 62, 80, 6, 44, 7, 45, 77, 69, 28, 46, 9, 66, 51, 73, 39, 52, 10, 54, 53, 56, 5, 81, 11, 42, 21, 57, 55, 59, 58, 60, 14, 20, 12, 22, 19, 16, 15, 17, 23, 72, 13, 18, 30, 24, 31]项目工期为：327.0；项目成本为：35614.0
染色体结构为:
[8, 77, 34, 27, 4, 40, 43, 68, 37, 48, 32, 78, 74, 2, 25, 3, 41, 26, 70, 69, 63, 65, 64, 50, 29, 47, 33, 45, 62, 1, 38, 67, 71, 75, 46, 49, 28, 79, 9, 35, 80, 73, 66, 61, 39, 10, 51, 53, 52, 36, 54, 76, 44, 6, 56, 42, 5, 81, 55, 7, 57, 11, 21, 14, 59, 60, 58, 19, 12, 16, 20, 15, 17, 72, 22, 23, 13, 18, 30, 24, 31]项目工期为：404.0；项目成本为：32528.999999999996
染色体结构为:
[4, 61, 64, 78, 7, 25, 43, 68, 6, 79, 27, 1, 33, 70, 45, 65, 8, 67, 36, 2, 81, 66, 5, 37, 10, 80, 34, 49, 77, 40, 50, 11, 75, 12, 63, 26, 32, 73, 51, 29, 41, 22, 3, 62, 69, 56, 76, 53, 23, 71, 57, 14, 59, 52, 38, 13, 20, 48, 74, 54, 28, 47, 35, 16, 9, 39, 46, 44, 55, 42, 58, 15, 21, 19, 17, 24, 72, 18, 60, 30, 31]项目工期为：240.0；项目成本为：41759.6
染色体结构为:
[25, 4, 77, 8, 34, 43, 40, 27, 37, 32, 68, 48, 78, 74, 2, 3, 41, 26, 69, 70, 63, 65, 50, 29, 64, 47, 33, 45, 38, 62, 1, 67, 75, 49, 46, 71, 79, 9, 28, 35, 73, 80, 66, 61, 39, 10, 51, 53, 52, 54, 36, 6, 76, 44, 56, 81, 5, 55, 7, 42, 11, 21, 57, 59, 14, 60, 20, 58, 16, 12, 22, 19, 23, 17, 15, 72, 13, 18, 24, 30, 31]项目工期为：491.0；项目成本为：30040.4
染色体结构为:
[8, 77, 34, 27, 40, 4, 43, 68, 37, 48, 32, 78, 74, 25, 2, 41, 3, 26, 70, 69, 65, 63, 50, 64, 29, 47, 33, 45, 62, 38, 1, 67, 75, 71, 49, 28, 46, 9, 79, 73, 80, 35, 66, 61, 39, 10, 51, 52, 53, 36, 54, 76, 44, 6, 56, 42, 81, 5, 55, 7, 57, 11, 21, 14, 59, 60, 58, 12, 20, 16, 22, 15, 23, 19, 17, 13, 72, 18, 30, 24, 31]项目工期为：466.0；项目成本为：30613.7
染色体结构为:
[77, 8, 34, 40, 4, 27, 68, 37, 74, 25, 43, 32, 48, 2, 78, 69, 3, 70, 41, 26, 63, 64, 50, 65, 47, 29, 62, 33, 38, 75, 1, 45, 28, 71, 49, 67, 46, 35, 79, 66, 9, 80, 73, 61, 39, 10, 51, 36, 53, 52, 54, 76, 81, 56, 6, 44, 5, 55, 7, 42, 11, 57, 21, 12, 58, 14, 59, 20, 19, 22, 16, 60, 23, 72, 17, 15, 13, 18, 30, 24, 31]项目工期为：420.0；项目成本为：31850.5
染色体结构为:
[35, 8, 70, 10, 75, 34, 74, 71, 61, 4, 64, 1, 40, 78, 27, 25, 3, 41, 2, 26, 63, 65, 49, 47, 48, 68, 43, 50, 29, 76, 62, 37, 32, 33, 45, 6, 67, 38, 69, 9, 66, 79, 73, 44, 7, 11, 77, 51, 28, 5, 12, 46, 39, 52, 80, 81, 55, 36, 53, 54, 42, 56, 20, 14, 15, 57, 60, 22, 23, 24, 19, 16, 21, 17, 18, 30, 58, 59, 13, 31, 72]项目工期为：266.0；项目成本为：39515.90000000001
染色体结构为:
[74, 25, 4, 2, 27, 70, 3, 41, 63, 26, 64, 75, 65, 1, 71, 34, 48, 49, 47, 68, 35, 78, 76, 43, 62, 29, 50, 37, 33, 45, 6, 32, 38, 67, 69, 9, 66, 79, 73, 8, 11, 7, 44, 77, 28, 61, 5, 51, 12, 46, 40, 52, 39, 81, 36, 80, 10, 55, 54, 53, 42, 14, 15, 56, 20, 57, 60, 22, 23, 24, 21, 19, 16, 17, 18, 30, 58, 31, 59, 13, 72]项目工期为：290.0；项目成本为：37903.399999999994
染色体结构为:
[8, 34, 77, 4, 40, 68, 37, 27, 25, 74, 43, 32, 48, 2, 78, 69, 70, 26, 3, 41, 64, 63, 50, 47, 65, 62, 38, 29, 33, 45, 1, 67, 75, 71, 28, 49, 46, 79, 35, 9, 73, 80, 66, 61, 39, 10, 51, 53, 36, 54, 52, 6, 76, 44, 81, 56, 5, 55, 7, 57, 42, 11, 21, 59, 60, 20, 14, 12, 58, 19, 22, 16, 15, 23, 72, 17, 13, 24, 18, 30, 31]项目工期为：406.0；项目成本为：32426.099999999995
染色体结构为:
[4, 25, 74, 2, 3, 27, 64, 41, 26, 70, 63, 1, 65, 75, 34, 71, 48, 35, 49, 47, 76, 43, 68, 78, 32, 50, 8, 67, 29, 40, 36, 37, 33, 61, 79, 62, 38, 80, 6, 7, 44, 45, 69, 77, 28, 46, 9, 66, 51, 73, 39, 52, 10, 54, 53, 56, 5, 81, 11, 42, 21, 57, 55, 59, 58, 60, 14, 20, 12, 22, 19, 16, 15, 17, 23, 72, 13, 18, 30, 24, 31]项目工期为：327.0；项目成本为：35614.0
染色体结构为:
[8, 77, 27, 40, 34, 4, 43, 48, 68, 37, 32, 78, 74, 2, 3, 41, 25, 26, 69, 70, 63, 65, 64, 29, 50, 47, 33, 38, 62, 1, 45, 67, 75, 49, 46, 71, 28, 79, 9, 73, 35, 66, 80, 10, 61, 39, 51, 53, 36, 54, 52, 6, 76, 44, 56, 81, 5, 42, 55, 7, 57, 11, 21, 14, 59, 58, 60, 20, 12, 16, 19, 22, 15, 23, 17, 72, 13, 18, 30, 31, 24]项目工期为：480.0；项目成本为：30103.899999999998
染色体结构为:
[35, 8, 70, 10, 34, 75, 74, 71, 61, 4, 64, 40, 1, 78, 25, 27, 41, 3, 2, 26, 63, 65, 49, 47, 48, 68, 43, 50, 76, 62, 29, 37, 32, 33, 6, 38, 45, 69, 67, 9, 66, 73, 44, 79, 7, 77, 51, 28, 11, 5, 12, 46, 39, 52, 80, 81, 36, 55, 53, 54, 42, 20, 56, 14, 15, 57, 60, 22, 23, 24, 19, 16, 17, 21, 18, 30, 13, 58, 59, 72, 31]项目工期为：262.0；项目成本为：39551.600000000006
染色体结构为:
[8, 77, 27, 40, 4, 34, 43, 37, 68, 48, 32, 74, 2, 78, 3, 25, 41, 26, 70, 69, 65, 63, 64, 50, 29, 33, 47, 45, 62, 38, 1, 67, 75, 71, 49, 46, 28, 79, 9, 73, 35, 80, 66, 61, 10, 39, 51, 53, 52, 36, 54, 76, 44, 56, 81, 42, 6, 5, 55, 7, 57, 11, 14, 59, 21, 60, 58, 20, 12, 16, 22, 15, 19, 23, 17, 13, 72, 18, 24, 30, 31]项目工期为：473.0；项目成本为：30412.1
染色体结构为:
[8, 34, 4, 77, 40, 68, 37, 25, 27, 74, 43, 32, 48, 2, 69, 78, 70, 26, 41, 3, 64, 63, 50, 47, 65, 62, 38, 29, 33, 1, 45, 75, 67, 71, 28, 49, 46, 79, 35, 9, 80, 73, 66, 61, 39, 10, 51, 53, 36, 54, 52, 6, 76, 44, 81, 5, 56, 55, 7, 57, 42, 11, 59, 21, 20, 60, 14, 12, 58, 19, 22, 16, 15, 23, 72, 17, 13, 24, 18, 30, 31]项目工期为：388.0；项目成本为：32988.0
染色体结构为:
[8, 77, 27, 40, 43, 34, 4, 68, 48, 37, 32, 78, 2, 74, 3, 25, 26, 70, 41, 69, 64, 63, 29, 65, 50, 47, 33, 38, 45, 62, 67, 1, 49, 71, 75, 28, 79, 46, 35, 9, 66, 73, 80, 39, 10, 61, 51, 36, 52, 53, 54, 6, 76, 44, 56, 81, 5, 55, 42, 7, 57, 11, 21, 59, 14, 60, 20, 12, 58, 22, 16, 19, 23, 15, 17, 13, 72, 18, 30, 31, 24]项目工期为：462.0；项目成本为：30757.1
染色体结构为:
[77, 34, 8, 40, 4, 43, 27, 32, 78, 48, 68, 37, 69, 2, 3, 41, 26, 25, 74, 63, 70, 65, 50, 29, 62, 64, 33, 1, 38, 47, 75, 71, 45, 67, 46, 9, 28, 49, 35, 79, 73, 61, 80, 66, 51, 39, 53, 52, 10, 36, 56, 76, 54, 81, 6, 44, 5, 7, 55, 11, 57, 21, 42, 12, 58, 14, 59, 20, 16, 19, 22, 60, 23, 72, 17, 15, 13, 18, 30, 24, 31]项目工期为：543.0；项目成本为：28751.8
染色体结构为:
[40, 27, 68, 4, 64, 61, 7, 78, 25, 79, 43, 33, 6, 70, 45, 1, 8, 65, 36, 67, 81, 66, 5, 2, 10, 37, 80, 34, 49, 77, 50, 11, 75, 12, 63, 26, 32, 29, 73, 51, 41, 22, 62, 3, 56, 69, 76, 53, 23, 71, 57, 14, 52, 59, 13, 38, 20, 74, 48, 54, 47, 28, 35, 16, 9, 39, 46, 44, 42, 55, 58, 19, 15, 21, 24, 17, 72, 18, 60, 30, 31]项目工期为：248.0；项目成本为：41292.600000000006
染色体结构为:
[8, 34, 27, 4, 40, 77, 74, 37, 2, 25, 68, 48, 32, 78, 43, 47, 69, 3, 50, 26, 33, 29, 62, 70, 38, 45, 67, 63, 65, 75, 71, 1, 79, 28, 49, 9, 73, 35, 61, 46, 64, 39, 66, 80, 41, 10, 51, 36, 52, 54, 53, 76, 56, 81, 6, 42, 5, 44, 55, 11, 7, 21, 57, 60, 58, 12, 59, 14, 19, 20, 22, 16, 15, 17, 72, 18, 23, 13, 30, 31, 24]项目工期为：389.0；项目成本为：32959.6
染色体结构为:
[8, 74, 4, 2, 77, 25, 27, 34, 40, 37, 48, 32, 43, 68, 78, 69, 50, 47, 26, 33, 3, 62, 29, 45, 70, 38, 67, 63, 65, 75, 71, 79, 1, 49, 9, 28, 46, 61, 35, 73, 64, 66, 39, 80, 51, 41, 10, 52, 36, 53, 54, 56, 76, 81, 42, 55, 6, 7, 5, 44, 57, 11, 21, 60, 12, 14, 58, 59, 19, 15, 16, 20, 17, 72, 22, 23, 18, 13, 30, 31, 24]项目工期为：332.0；项目成本为：35278.8
染色体结构为:
[8, 74, 2, 4, 77, 25, 27, 34, 40, 48, 37, 68, 32, 43, 69, 78, 50, 47, 33, 26, 3, 62, 29, 45, 70, 38, 67, 63, 65, 75, 71, 1, 79, 49, 28, 9, 46, 73, 61, 35, 64, 80, 66, 39, 41, 51, 52, 54, 10, 53, 36, 56, 76, 81, 6, 42, 55, 5, 44, 7, 57, 11, 21, 58, 60, 59, 12, 14, 20, 16, 15, 19, 17, 22, 72, 18, 23, 13, 30, 24, 31]项目工期为：376.0；项目成本为：33498.399999999994
染色体结构为:
[40, 27, 4, 68, 64, 7, 61, 78, 25, 79, 43, 6, 33, 70, 45, 1, 8, 65, 36, 81, 67, 66, 5, 2, 10, 37, 80, 34, 49, 77, 50, 11, 75, 12, 63, 26, 32, 29, 51, 73, 41, 22, 62, 3, 56, 69, 53, 76, 23, 71, 57, 14, 52, 59, 38, 13, 20, 74, 54, 48, 47, 28, 16, 35, 39, 9, 46, 44, 42, 55, 58, 19, 21, 15, 24, 17, 72, 18, 60, 30, 31]项目工期为：233.0；项目成本为：42000.90000000001
染色体结构为:
[74, 4, 27, 68, 40, 71, 70, 8, 50, 3, 28, 38, 36, 64, 1, 34, 79, 48, 49, 32, 81, 47, 37, 75, 65, 39, 2, 43, 67, 26, 35, 44, 29, 41, 78, 73, 80, 76, 63, 62, 77, 9, 69, 33, 45, 61, 5, 46, 7, 66, 6, 51, 53, 25, 54, 52, 56, 42, 10, 55, 11, 14, 16, 57, 12, 58, 20, 22, 19, 13, 23, 21, 15, 59, 17, 24, 60, 72, 18, 30, 31]项目工期为：254.0；项目成本为：40732.399999999994
染色体结构为:
[75, 74, 61, 4, 70, 71, 64, 78, 40, 1, 43, 38, 5, 8, 68, 2, 33, 26, 9, 77, 25, 7, 11, 16, 73, 76, 37, 65, 36, 47, 67, 62, 29, 14, 45, 15, 63, 79, 20, 12, 80, 50, 35, 49, 81, 41, 44, 21, 66, 10, 17, 39, 69, 28, 46, 6, 19, 48, 3, 42, 27, 18, 34, 32, 30, 13, 22, 31, 23, 51, 24, 56, 55, 53, 52, 57, 59, 54, 58, 60, 72]项目工期为：223.0；项目成本为：43386.599999999984
染色体结构为:
[8, 77, 34, 4, 40, 27, 37, 43, 48, 78, 32, 2, 69, 68, 74, 41, 25, 26, 3, 63, 70, 50, 29, 65, 64, 47, 33, 38, 45, 62, 1, 75, 71, 67, 28, 46, 49, 9, 79, 35, 73, 66, 80, 51, 61, 39, 53, 36, 52, 10, 54, 76, 6, 56, 44, 81, 5, 42, 55, 7, 57, 11, 14, 21, 59, 58, 60, 20, 16, 19, 12, 22, 15, 17, 23, 72, 13, 18, 30, 31, 24]项目工期为：523.0；项目成本为：29023.6
染色体结构为:
[75, 74, 61, 4, 70, 71, 64, 78, 40, 1, 5, 43, 38, 8, 2, 68, 26, 33, 9, 77, 7, 11, 25, 16, 73, 37, 76, 36, 47, 65, 67, 29, 45, 62, 14, 63, 79, 15, 12, 20, 35, 50, 80, 81, 49, 41, 21, 44, 10, 17, 66, 39, 69, 46, 28, 6, 19, 3, 42, 48, 18, 34, 27, 32, 13, 22, 30, 51, 31, 23, 24, 56, 55, 53, 52, 57, 59, 54, 60, 58, 72]项目工期为：219.0；项目成本为：43928.099999999984
染色体结构为:
[61, 75, 4, 74, 70, 71, 78, 64, 1, 40, 43, 5, 38, 8, 68, 2, 26, 33, 7, 9, 77, 25, 11, 16, 73, 76, 37, 65, 36, 47, 67, 29, 62, 14, 63, 45, 15, 79, 80, 12, 50, 20, 81, 35, 49, 41, 44, 21, 66, 17, 10, 39, 69, 28, 46, 6, 48, 19, 42, 3, 18, 34, 27, 32, 22, 13, 30, 31, 51, 23, 24, 56, 53, 55, 57, 59, 52, 54, 60, 58, 72]项目工期为：230.0；项目成本为：42841.79999999999
染色体结构为:
[8, 74, 4, 2, 77, 25, 27, 34, 40, 37, 48, 32, 43, 68, 78, 69, 50, 47, 26, 33, 3, 62, 29, 45, 70, 67, 38, 63, 65, 71, 75, 79, 1, 49, 9, 28, 46, 61, 35, 64, 73, 66, 39, 80, 51, 10, 41, 52, 36, 53, 54, 56, 81, 76, 42, 55, 6, 7, 5, 44, 57, 11, 21, 60, 12, 14, 58, 19, 59, 16, 15, 17, 72, 20, 22, 23, 18, 13, 30, 31, 24]项目工期为：332.0；项目成本为：35278.8
染色体结构为:
[4, 64, 78, 61, 7, 25, 43, 6, 79, 68, 27, 70, 33, 1, 45, 65, 8, 67, 36, 81, 66, 2, 5, 37, 10, 80, 49, 34, 77, 40, 50, 11, 75, 12, 63, 26, 32, 73, 29, 51, 41, 22, 3, 62, 56, 69, 76, 53, 23, 71, 14, 57, 52, 59, 38, 13, 20, 48, 74, 54, 28, 47, 35, 16, 9, 46, 39, 44, 42, 55, 58, 15, 19, 21, 24, 17, 72, 18, 60, 30, 31]项目工期为：235.0；项目成本为：41779.3
染色体结构为:
[8, 4, 74, 2, 77, 27, 25, 34, 40, 48, 37, 68, 32, 43, 78, 50, 69, 47, 26, 33, 3, 62, 29, 45, 70, 38, 63, 65, 67, 75, 71, 1, 79, 49, 28, 9, 46, 61, 35, 73, 64, 66, 39, 80, 41, 51, 10, 52, 36, 54, 53, 56, 76, 81, 6, 42, 55, 5, 7, 44, 57, 11, 60, 21, 58, 12, 14, 59, 19, 16, 15, 20, 17, 22, 23, 72, 18, 30, 13, 31, 24]项目工期为：339.0；项目成本为：34928.19999999999
染色体结构为:
[77, 34, 40, 8, 4, 37, 27, 68, 25, 74, 43, 32, 2, 48, 69, 78, 70, 63, 3, 41, 50, 26, 64, 65, 47, 29, 62, 38, 33, 45, 75, 67, 71, 1, 46, 28, 49, 79, 9, 35, 66, 73, 80, 10, 61, 36, 39, 51, 53, 52, 54, 76, 6, 56, 81, 44, 5, 55, 7, 11, 42, 21, 57, 14, 12, 58, 60, 59, 20, 19, 16, 72, 22, 23, 15, 17, 13, 18, 30, 31, 24]项目工期为：352.0；项目成本为：34489.59999999999
染色体结构为:
[75, 74, 61, 4, 70, 71, 64, 78, 40, 1, 5, 38, 43, 8, 2, 68, 26, 33, 9, 77, 7, 11, 25, 16, 73, 37, 76, 36, 47, 67, 65, 29, 45, 62, 14, 63, 79, 15, 12, 35, 20, 50, 80, 81, 49, 41, 21, 10, 44, 17, 66, 39, 69, 46, 28, 6, 19, 3, 48, 42, 18, 34, 27, 32, 13, 30, 22, 51, 31, 23, 24, 56, 53, 55, 52, 57, 59, 54, 60, 58, 72]项目工期为：219.0；项目成本为：43928.099999999984
染色体结构为:
[77, 8, 40, 34, 4, 27, 37, 43, 32, 48, 78, 68, 74, 41, 69, 2, 3, 25, 26, 63, 65, 50, 64, 70, 47, 29, 62, 33, 38, 1, 75, 45, 71, 28, 67, 46, 35, 9, 49, 79, 73, 66, 39, 80, 51, 53, 61, 10, 36, 76, 52, 6, 54, 56, 81, 44, 5, 55, 7, 11, 21, 42, 12, 57, 58, 14, 59, 20, 16, 19, 22, 60, 23, 72, 15, 17, 13, 18, 30, 24, 31]项目工期为：492.0；项目成本为：29933.4
染色体结构为:
[8, 27, 40, 34, 4, 77, 74, 37, 2, 25, 68, 32, 48, 78, 43, 69, 47, 3, 50, 26, 33, 29, 62, 70, 67, 38, 45, 63, 65, 71, 75, 1, 79, 49, 28, 9, 73, 46, 35, 61, 39, 64, 66, 80, 41, 10, 36, 51, 52, 54, 53, 56, 76, 6, 81, 5, 42, 44, 55, 7, 11, 57, 60, 21, 58, 12, 59, 14, 20, 19, 16, 22, 15, 72, 17, 18, 23, 30, 13, 31, 24]项目工期为：389.0；项目成本为：32959.6
染色体结构为:
[34, 77, 8, 27, 4, 40, 43, 37, 48, 68, 32, 78, 2, 3, 74, 25, 41, 69, 70, 26, 63, 64, 50, 65, 47, 29, 62, 38, 33, 45, 1, 75, 67, 71, 28, 49, 46, 79, 35, 73, 9, 66, 80, 61, 39, 10, 51, 36, 53, 52, 54, 56, 76, 6, 81, 44, 5, 55, 7, 11, 42, 21, 57, 14, 58, 59, 20, 60, 12, 19, 16, 22, 23, 72, 17, 15, 13, 18, 30, 24, 31]项目工期为：397.0；项目成本为：32613.399999999994
染色体结构为:
[8, 77, 27, 40, 43, 34, 4, 68, 48, 37, 78, 32, 74, 2, 3, 26, 70, 25, 41, 63, 69, 29, 64, 65, 50, 47, 33, 38, 45, 62, 1, 67, 49, 71, 75, 28, 46, 79, 35, 9, 66, 73, 80, 39, 10, 61, 51, 36, 53, 52, 54, 6, 76, 44, 81, 56, 5, 55, 42, 7, 57, 11, 21, 59, 14, 60, 20, 58, 12, 22, 16, 19, 23, 15, 17, 13, 72, 18, 30, 24, 31]项目工期为：461.0；项目成本为：30816.5
染色体结构为:
[25, 74, 4, 2, 3, 27, 64, 26, 70, 41, 63, 65, 1, 71, 34, 35, 75, 48, 76, 49, 47, 68, 43, 8, 50, 78, 32, 29, 67, 40, 33, 37, 61, 36, 38, 79, 62, 45, 77, 28, 9, 69, 46, 66, 73, 80, 39, 10, 51, 52, 56, 81, 54, 53, 44, 6, 55, 5, 7, 42, 11, 21, 57, 59, 60, 58, 14, 20, 19, 12, 16, 15, 22, 17, 13, 72, 18, 23, 24, 30, 31]项目工期为：312.0；项目成本为：36651.09999999999
染色体结构为:
[25, 74, 4, 2, 3, 27, 64, 26, 70, 41, 63, 65, 1, 71, 34, 35, 75, 76, 48, 49, 47, 68, 43, 8, 78, 32, 50, 29, 67, 40, 33, 37, 36, 61, 38, 79, 62, 45, 77, 9, 28, 69, 46, 66, 73, 80, 10, 51, 39, 52, 56, 81, 54, 53, 44, 6, 55, 5, 7, 42, 11, 21, 57, 59, 60, 58, 14, 19, 20, 12, 16, 15, 22, 17, 13, 72, 18, 23, 24, 30, 31]项目工期为：312.0；项目成本为：36651.09999999999
染色体结构为:
[25, 74, 4, 2, 3, 27, 64, 26, 70, 41, 63, 65, 1, 71, 34, 35, 75, 48, 49, 76, 47, 68, 43, 50, 8, 78, 29, 32, 67, 40, 33, 37, 61, 36, 38, 79, 62, 45, 77, 28, 9, 69, 66, 46, 73, 80, 39, 10, 51, 52, 56, 81, 54, 44, 53, 6, 55, 5, 7, 42, 11, 21, 57, 59, 60, 58, 14, 20, 19, 12, 16, 22, 15, 17, 13, 72, 18, 23, 24, 30, 31]项目工期为：311.0；项目成本为：36804.2
染色体结构为:
[77, 8, 34, 40, 4, 27, 68, 43, 37, 32, 48, 78, 2, 74, 3, 25, 41, 26, 69, 70, 65, 64, 63, 50, 29, 33, 47, 45, 62, 38, 1, 75, 67, 49, 46, 71, 79, 28, 9, 73, 80, 35, 66, 61, 10, 51, 39, 53, 36, 52, 76, 44, 54, 56, 6, 5, 55, 81, 7, 42, 11, 57, 21, 14, 58, 59, 60, 12, 20, 16, 19, 22, 15, 72, 23, 17, 13, 18, 30, 31, 24]项目工期为：451.0；项目成本为：31026.899999999998
染色体结构为:
[8, 27, 40, 34, 4, 77, 74, 37, 25, 2, 32, 68, 48, 78, 43, 69, 47, 3, 50, 26, 33, 29, 62, 70, 67, 38, 45, 63, 65, 71, 1, 75, 79, 49, 28, 9, 73, 46, 35, 61, 39, 64, 66, 80, 41, 10, 36, 51, 52, 54, 56, 53, 76, 6, 81, 5, 42, 44, 55, 7, 11, 57, 60, 21, 58, 12, 59, 14, 20, 19, 16, 22, 15, 72, 17, 18, 23, 13, 30, 31, 24]项目工期为：389.0；项目成本为：32959.6
染色体结构为:
[8, 77, 34, 4, 40, 27, 37, 68, 74, 43, 25, 32, 48, 2, 69, 78, 70, 3, 63, 41, 26, 64, 50, 65, 29, 47, 38, 33, 62, 45, 1, 75, 28, 67, 71, 46, 49, 9, 73, 79, 80, 35, 66, 61, 39, 10, 51, 52, 36, 53, 76, 44, 54, 6, 56, 42, 81, 5, 55, 57, 11, 14, 7, 21, 59, 20, 60, 58, 12, 22, 16, 23, 15, 19, 13, 17, 18, 72, 30, 24, 31]项目工期为：416.0；项目成本为：32093.2
染色体结构为:
[77, 8, 40, 34, 4, 27, 68, 37, 74, 25, 43, 32, 48, 2, 78, 69, 3, 41, 70, 26, 63, 64, 50, 65, 47, 29, 62, 33, 45, 38, 75, 1, 71, 67, 28, 49, 46, 79, 35, 9, 66, 73, 80, 61, 39, 10, 36, 51, 53, 54, 52, 76, 81, 6, 44, 56, 5, 55, 7, 11, 42, 21, 57, 12, 58, 14, 20, 59, 16, 19, 22, 60, 23, 72, 15, 17, 18, 13, 30, 31, 24]项目工期为：420.0；项目成本为：31850.5
染色体结构为:
[77, 8, 34, 40, 37, 4, 27, 68, 25, 74, 43, 48, 32, 2, 78, 69, 70, 3, 41, 63, 26, 64, 50, 65, 47, 29, 33, 62, 45, 38, 1, 75, 49, 67, 28, 71, 79, 46, 35, 9, 73, 39, 80, 66, 51, 61, 10, 53, 36, 52, 76, 54, 6, 56, 81, 44, 5, 55, 42, 7, 57, 11, 21, 14, 58, 59, 12, 60, 16, 20, 19, 22, 15, 72, 17, 23, 13, 18, 30, 24, 31]项目工期为：430.0；项目成本为：31819.999999999996
染色体结构为:
[35, 34, 70, 8, 75, 10, 61, 74, 4, 64, 71, 40, 78, 1, 43, 5, 38, 2, 26, 77, 33, 68, 9, 7, 25, 11, 16, 73, 37, 76, 65, 36, 29, 67, 47, 62, 45, 14, 79, 63, 15, 12, 80, 50, 20, 41, 81, 44, 49, 21, 17, 66, 39, 69, 6, 28, 42, 46, 19, 3, 18, 27, 48, 13, 32, 22, 30, 31, 23, 24, 51, 53, 56, 55, 52, 57, 58, 59, 54, 72, 60]项目工期为：231.0；项目成本为：42566.700000000004
染色体结构为:
[8, 77, 27, 43, 40, 34, 4, 68, 48, 37, 78, 74, 32, 2, 3, 26, 70, 25, 63, 41, 69, 29, 64, 65, 50, 47, 33, 38, 45, 1, 62, 67, 49, 71, 75, 28, 46, 79, 35, 9, 66, 73, 80, 39, 10, 61, 51, 36, 52, 53, 6, 54, 76, 44, 81, 56, 5, 55, 42, 7, 57, 11, 59, 21, 14, 60, 20, 58, 12, 16, 22, 19, 23, 17, 15, 13, 72, 18, 30, 24, 31]项目工期为：461.0；项目成本为：30816.5
染色体结构为:
[8, 77, 34, 4, 40, 68, 25, 27, 37, 74, 43, 48, 32, 2, 69, 78, 70, 3, 26, 41, 64, 63, 50, 65, 47, 29, 62, 38, 33, 45, 67, 75, 1, 71, 28, 49, 46, 9, 79, 35, 73, 80, 66, 61, 39, 51, 10, 36, 53, 76, 52, 54, 6, 81, 56, 44, 5, 55, 42, 7, 11, 57, 21, 59, 60, 14, 58, 20, 12, 22, 19, 16, 23, 17, 15, 13, 72, 24, 18, 30, 31]项目工期为：361.0；项目成本为：34047.09999999999
染色体结构为:
[4, 25, 27, 41, 74, 77, 40, 8, 34, 37, 68, 48, 43, 32, 2, 78, 69, 70, 3, 63, 26, 64, 50, 47, 65, 29, 38, 33, 62, 1, 45, 75, 67, 28, 49, 71, 46, 35, 79, 9, 66, 73, 39, 80, 61, 10, 51, 36, 53, 52, 56, 6, 54, 76, 81, 5, 44, 55, 11, 42, 7, 21, 57, 14, 58, 59, 60, 20, 19, 12, 16, 22, 23, 15, 72, 17, 13, 18, 24, 30, 31]项目工期为：369.0；项目成本为：33634.99999999999
染色体结构为:
[8, 77, 40, 34, 27, 4, 68, 43, 37, 32, 48, 78, 74, 3, 2, 26, 41, 25, 69, 70, 64, 63, 65, 50, 29, 47, 33, 45, 62, 1, 38, 67, 75, 49, 46, 79, 71, 28, 9, 73, 35, 66, 80, 61, 39, 10, 51, 53, 36, 52, 54, 76, 44, 56, 6, 5, 55, 81, 42, 7, 57, 11, 21, 14, 60, 58, 59, 20, 12, 16, 19, 22, 15, 72, 23, 17, 18, 30, 24, 13, 31]项目工期为：433.0；项目成本为：31567.400000000005
染色体结构为:
[40, 68, 27, 4, 43, 48, 8, 32, 50, 34, 37, 67, 36, 26, 33, 61, 2, 74, 77, 25, 69, 78, 3, 47, 62, 29, 38, 70, 45, 75, 63, 65, 71, 79, 1, 49, 28, 73, 9, 46, 35, 64, 39, 10, 66, 80, 41, 51, 52, 53, 76, 56, 54, 81, 6, 42, 5, 44, 55, 7, 11, 57, 60, 21, 12, 58, 19, 59, 20, 22, 14, 16, 17, 15, 72, 18, 23, 13, 30, 24, 31]项目工期为：395.0；项目成本为：32809.59999999999
染色体结构为:
[25, 74, 4, 41, 27, 3, 2, 70, 26, 64, 63, 65, 75, 1, 71, 48, 49, 34, 47, 35, 68, 43, 76, 78, 29, 62, 37, 50, 33, 45, 6, 9, 32, 67, 69, 38, 73, 66, 8, 79, 7, 11, 77, 44, 5, 28, 61, 12, 51, 46, 40, 39, 52, 55, 80, 81, 10, 36, 53, 54, 42, 14, 15, 56, 20, 57, 22, 60, 23, 19, 24, 21, 16, 17, 18, 30, 58, 31, 13, 59, 72]项目工期为：294.0；项目成本为：37699.79999999999
染色体结构为:
[27, 68, 40, 8, 3, 71, 70, 36, 50, 1, 38, 28, 64, 79, 34, 48, 49, 32, 81, 75, 47, 43, 39, 37, 2, 65, 74, 26, 67, 29, 44, 78, 35, 41, 80, 76, 63, 9, 73, 62, 69, 4, 33, 77, 45, 61, 46, 7, 6, 5, 66, 51, 54, 53, 25, 52, 42, 10, 55, 56, 11, 14, 16, 57, 58, 19, 22, 20, 12, 15, 21, 13, 23, 60, 59, 17, 72, 24, 18, 30, 31]项目工期为：249.0；项目成本为：41097.49999999999
染色体结构为:
[40, 27, 68, 64, 4, 61, 7, 78, 25, 79, 43, 6, 33, 70, 45, 1, 8, 65, 36, 67, 66, 5, 81, 10, 2, 37, 80, 34, 49, 77, 50, 11, 75, 12, 63, 26, 32, 29, 73, 51, 41, 22, 3, 62, 56, 69, 53, 23, 76, 71, 57, 14, 52, 59, 38, 13, 20, 74, 48, 54, 47, 28, 35, 16, 9, 39, 44, 46, 42, 58, 55, 19, 15, 21, 24, 17, 72, 18, 60, 30, 31]项目工期为：232.0；项目成本为：42019.200000000004
染色体结构为:
[35, 8, 70, 10, 75, 34, 74, 71, 61, 64, 4, 1, 78, 40, 27, 25, 3, 2, 26, 63, 41, 65, 49, 47, 48, 68, 43, 50, 29, 76, 62, 37, 32, 33, 45, 6, 67, 38, 69, 9, 66, 79, 73, 44, 7, 11, 77, 51, 28, 5, 12, 46, 39, 52, 80, 81, 55, 36, 53, 54, 42, 56, 20, 14, 15, 57, 22, 60, 23, 24, 19, 16, 21, 17, 18, 30, 58, 59, 13, 31, 72]项目工期为：267.0；项目成本为：39386.0
染色体结构为:
[8, 77, 34, 40, 4, 27, 32, 43, 37, 48, 78, 2, 69, 68, 41, 3, 25, 74, 26, 65, 63, 70, 29, 64, 50, 33, 62, 1, 45, 47, 38, 75, 71, 28, 49, 67, 46, 9, 79, 73, 80, 35, 61, 66, 39, 10, 51, 52, 36, 54, 53, 76, 44, 6, 56, 42, 5, 81, 55, 7, 57, 11, 14, 21, 59, 58, 20, 60, 12, 22, 16, 23, 15, 19, 17, 72, 13, 24, 18, 30, 31]项目工期为：515.0；项目成本为：29182.5
染色体结构为:
[77, 8, 40, 34, 4, 27, 68, 74, 37, 25, 43, 32, 48, 2, 78, 69, 41, 3, 70, 26, 63, 64, 50, 65, 47, 29, 62, 33, 45, 38, 75, 1, 71, 28, 67, 49, 46, 35, 79, 66, 9, 73, 80, 61, 39, 10, 36, 51, 53, 54, 52, 81, 76, 6, 44, 56, 5, 55, 7, 42, 11, 21, 57, 12, 58, 14, 60, 59, 20, 16, 19, 22, 72, 15, 23, 17, 18, 13, 24, 30, 31]项目工期为：402.0；项目成本为：32549.0
染色体结构为:
[8, 77, 34, 4, 27, 40, 37, 43, 48, 78, 32, 2, 69, 68, 74, 41, 25, 3, 26, 63, 50, 70, 65, 29, 47, 64, 38, 33, 62, 45, 1, 75, 67, 71, 28, 46, 49, 9, 35, 79, 66, 73, 80, 61, 51, 53, 39, 36, 10, 52, 54, 76, 6, 5, 56, 44, 81, 55, 7, 11, 21, 57, 42, 58, 12, 14, 20, 59, 16, 19, 60, 22, 23, 15, 72, 17, 18, 30, 13, 24, 31]项目工期为：508.0；项目成本为：29299.8
染色体结构为:
[8, 34, 77, 27, 40, 37, 68, 4, 48, 43, 32, 2, 74, 35, 70, 10, 75, 61, 71, 64, 1, 78, 25, 41, 3, 63, 65, 26, 49, 47, 76, 50, 29, 62, 33, 38, 6, 45, 67, 69, 9, 66, 73, 44, 79, 7, 28, 11, 51, 5, 46, 12, 52, 39, 81, 80, 55, 36, 53, 54, 42, 20, 14, 15, 56, 57, 60, 22, 23, 24, 19, 16, 21, 17, 18, 58, 13, 30, 59, 72, 31]项目工期为：269.0；项目成本为：39113.100000000006
染色体结构为:
[8, 74, 4, 2, 77, 27, 25, 34, 40, 48, 68, 37, 32, 43, 78, 50, 69, 47, 33, 26, 3, 62, 29, 45, 70, 38, 67, 63, 41, 65, 64, 1, 75, 49, 71, 46, 79, 28, 9, 73, 35, 66, 61, 80, 39, 10, 51, 36, 52, 53, 6, 54, 76, 44, 56, 81, 5, 42, 55, 7, 11, 57, 14, 21, 59, 58, 20, 60, 22, 16, 12, 23, 15, 19, 17, 13, 72, 24, 18, 30, 31]项目工期为：429.0；项目成本为：31833.3
染色体结构为:
[77, 8, 34, 40, 4, 27, 68, 37, 74, 25, 43, 32, 2, 48, 78, 3, 69, 41, 70, 26, 63, 64, 65, 47, 50, 29, 62, 33, 38, 1, 75, 45, 28, 49, 71, 67, 46, 35, 79, 66, 9, 80, 73, 61, 39, 10, 51, 36, 53, 52, 54, 76, 81, 56, 44, 6, 5, 55, 7, 42, 11, 57, 21, 12, 58, 14, 20, 59, 19, 16, 22, 60, 23, 72, 17, 15, 13, 18, 30, 24, 31]项目工期为：418.0；项目成本为：32085.1
染色体结构为:
[25, 4, 74, 27, 2, 64, 26, 41, 3, 63, 65, 70, 1, 75, 71, 35, 34, 49, 47, 76, 43, 48, 68, 78, 8, 32, 50, 37, 29, 67, 40, 36, 33, 61, 79, 38, 62, 80, 6, 7, 44, 45, 69, 77, 28, 9, 66, 46, 73, 51, 10, 39, 52, 54, 5, 56, 81, 53, 42, 11, 21, 55, 57, 60, 59, 58, 14, 20, 12, 16, 19, 22, 15, 17, 72, 23, 13, 18, 24, 30, 31]项目工期为：328.0；项目成本为：35517.399999999994
染色体结构为:
[8, 77, 27, 40, 4, 34, 43, 68, 37, 48, 32, 78, 74, 2, 3, 25, 41, 26, 70, 63, 65, 69, 64, 50, 29, 47, 33, 62, 45, 38, 1, 67, 71, 75, 49, 46, 28, 79, 9, 35, 73, 66, 80, 61, 39, 10, 51, 53, 52, 36, 54, 76, 44, 6, 56, 42, 81, 5, 55, 57, 7, 11, 21, 14, 59, 60, 20, 58, 22, 12, 16, 15, 23, 17, 19, 13, 72, 18, 30, 31, 24]项目工期为：456.0；项目成本为：30831.2
染色体结构为:
[8, 34, 32, 48, 27, 68, 4, 43, 40, 78, 50, 3, 37, 47, 26, 33, 62, 29, 45, 67, 70, 38, 2, 65, 63, 75, 1, 77, 71, 28, 74, 49, 69, 79, 25, 46, 9, 61, 35, 73, 64, 66, 51, 80, 41, 52, 39, 54, 10, 56, 36, 76, 53, 81, 44, 5, 6, 55, 42, 11, 7, 21, 57, 60, 59, 58, 14, 20, 12, 19, 22, 15, 16, 72, 23, 17, 18, 24, 13, 30, 31]项目工期为：315.0；项目成本为：36207.100000000006
染色体结构为:
[8, 27, 34, 4, 40, 77, 74, 37, 2, 25, 68, 32, 48, 43, 78, 69, 47, 3, 50, 26, 33, 29, 62, 38, 70, 45, 67, 63, 65, 75, 71, 1, 79, 28, 49, 9, 73, 35, 61, 46, 64, 39, 66, 80, 41, 10, 51, 36, 52, 54, 53, 76, 81, 56, 6, 42, 5, 44, 55, 11, 7, 21, 57, 60, 58, 12, 14, 59, 19, 20, 22, 16, 15, 17, 72, 18, 23, 13, 30, 24, 31]项目工期为：371.0；项目成本为：33622.4
染色体结构为:
[8, 34, 4, 77, 40, 68, 37, 25, 27, 74, 43, 32, 48, 2, 69, 78, 70, 26, 3, 41, 64, 63, 50, 47, 65, 62, 38, 29, 33, 1, 45, 75, 67, 71, 28, 49, 46, 79, 35, 9, 80, 73, 66, 61, 39, 10, 51, 53, 36, 54, 52, 6, 76, 44, 5, 81, 56, 55, 57, 7, 42, 11, 59, 21, 20, 60, 12, 14, 58, 19, 22, 16, 15, 23, 72, 17, 13, 24, 18, 30, 31]项目工期为：381.0；项目成本为：33255.899999999994
染色体结构为:
[77, 8, 40, 34, 4, 27, 68, 37, 74, 25, 43, 32, 48, 2, 78, 69, 3, 70, 41, 26, 63, 64, 50, 47, 65, 29, 62, 33, 38, 75, 45, 28, 1, 71, 67, 49, 46, 79, 35, 66, 73, 9, 80, 61, 39, 10, 51, 36, 53, 54, 52, 76, 81, 6, 56, 44, 5, 55, 42, 7, 11, 21, 57, 12, 14, 58, 20, 59, 19, 16, 22, 60, 23, 72, 15, 17, 13, 18, 30, 24, 31]项目工期为：420.0；项目成本为：31850.5
染色体结构为:
[8, 77, 34, 40, 4, 27, 32, 43, 37, 48, 78, 2, 69, 41, 68, 3, 25, 74, 65, 26, 70, 63, 29, 64, 50, 33, 62, 1, 47, 45, 38, 75, 71, 49, 28, 67, 9, 46, 79, 73, 80, 35, 61, 66, 39, 10, 51, 52, 36, 54, 53, 76, 44, 6, 56, 42, 5, 81, 55, 7, 57, 11, 14, 21, 59, 58, 20, 60, 12, 22, 16, 23, 15, 19, 17, 72, 13, 24, 18, 30, 31]项目工期为：502.0；项目成本为：29499.6
染色体结构为:
[77, 8, 40, 34, 4, 27, 37, 43, 32, 48, 68, 78, 74, 41, 2, 3, 69, 25, 26, 63, 65, 64, 50, 70, 47, 29, 62, 33, 38, 1, 75, 45, 71, 28, 67, 46, 35, 9, 49, 79, 73, 39, 66, 80, 51, 53, 61, 10, 36, 76, 52, 6, 54, 56, 81, 5, 44, 55, 7, 11, 21, 42, 12, 57, 58, 14, 59, 16, 20, 19, 22, 23, 60, 72, 15, 17, 13, 18, 30, 31, 24]项目工期为：492.0；项目成本为：29933.4
染色体结构为:
[61, 75, 4, 74, 70, 78, 71, 64, 40, 43, 5, 1, 38, 2, 8, 68, 33, 9, 26, 77, 7, 11, 73, 25, 16, 37, 65, 76, 36, 47, 29, 67, 62, 45, 14, 63, 15, 79, 80, 20, 12, 35, 81, 50, 49, 21, 44, 41, 10, 66, 17, 39, 69, 28, 46, 19, 6, 48, 3, 42, 27, 18, 34, 13, 32, 22, 30, 31, 51, 23, 24, 55, 56, 53, 57, 54, 52, 60, 59, 58, 72]项目工期为：225.0；项目成本为：43233.89999999999
染色体结构为:
[4, 61, 64, 78, 7, 25, 43, 68, 79, 6, 27, 70, 33, 1, 45, 8, 65, 67, 36, 66, 81, 2, 5, 37, 80, 10, 49, 77, 34, 50, 40, 11, 12, 75, 63, 26, 32, 73, 29, 51, 22, 41, 62, 3, 56, 69, 53, 76, 23, 14, 71, 57, 52, 59, 38, 20, 13, 48, 74, 54, 28, 35, 47, 9, 16, 46, 39, 44, 55, 42, 58, 15, 19, 21, 24, 17, 72, 18, 30, 60, 31]项目工期为：242.0；项目成本为：41398.9
染色体结构为:
[40, 68, 27, 4, 37, 43, 8, 32, 50, 48, 34, 26, 67, 36, 33, 61, 79, 62, 49, 38, 80, 6, 29, 63, 41, 47, 7, 3, 78, 77, 45, 2, 70, 75, 65, 74, 1, 25, 71, 28, 46, 69, 35, 9, 64, 73, 51, 39, 66, 10, 53, 52, 54, 56, 81, 76, 44, 5, 11, 42, 55, 21, 57, 58, 14, 59, 60, 19, 12, 20, 16, 22, 15, 23, 72, 17, 13, 24, 18, 30, 31]项目工期为：337.0；项目成本为：35172.399999999994
染色体结构为:
[27, 40, 68, 43, 4, 78, 37, 50, 3, 26, 48, 47, 33, 62, 29, 45, 38, 70, 67, 63, 2, 65, 1, 75, 34, 71, 49, 77, 74, 25, 28, 69, 79, 32, 46, 61, 9, 35, 73, 8, 64, 66, 80, 39, 41, 10, 51, 52, 54, 53, 36, 56, 76, 81, 6, 42, 5, 44, 55, 7, 11, 21, 57, 59, 60, 12, 58, 14, 19, 20, 15, 16, 22, 17, 72, 13, 23, 18, 30, 31, 24]项目工期为：317.0；项目成本为：36171.7
染色体结构为:
[25, 4, 8, 34, 32, 27, 48, 68, 43, 40, 78, 50, 37, 3, 47, 33, 29, 26, 45, 62, 70, 38, 67, 2, 65, 1, 63, 71, 75, 77, 49, 74, 28, 9, 69, 79, 35, 61, 46, 73, 64, 66, 80, 39, 51, 41, 52, 54, 10, 36, 76, 53, 56, 6, 81, 42, 5, 44, 55, 7, 11, 21, 57, 59, 60, 58, 20, 14, 12, 19, 22, 23, 16, 17, 15, 72, 18, 13, 24, 30, 31]项目工期为：301.0；项目成本为：37132.700000000004
染色体结构为:
[34, 77, 8, 27, 4, 43, 40, 37, 48, 68, 32, 78, 2, 3, 74, 41, 25, 69, 70, 26, 63, 64, 50, 65, 47, 62, 29, 38, 33, 45, 1, 75, 67, 71, 28, 49, 46, 79, 35, 73, 9, 66, 80, 61, 39, 10, 51, 36, 53, 52, 54, 56, 76, 6, 81, 44, 5, 55, 7, 11, 42, 21, 57, 14, 58, 59, 20, 60, 12, 19, 22, 16, 23, 72, 17, 15, 13, 18, 30, 24, 31]项目工期为：397.0；项目成本为：32613.399999999994
染色体结构为:
[34, 77, 40, 8, 4, 37, 27, 68, 74, 43, 25, 2, 32, 48, 69, 78, 70, 3, 63, 41, 50, 26, 64, 65, 47, 29, 62, 38, 33, 45, 75, 67, 71, 1, 28, 46, 49, 79, 9, 35, 73, 66, 80, 10, 61, 36, 39, 51, 53, 52, 54, 76, 6, 56, 44, 81, 5, 55, 7, 11, 21, 42, 57, 14, 12, 58, 60, 59, 20, 19, 16, 72, 22, 23, 15, 17, 13, 18, 30, 31, 24]项目工期为：343.0；项目成本为：34927.09999999999
染色体结构为:
[4, 64, 61, 78, 25, 7, 68, 6, 43, 70, 79, 27, 33, 45, 65, 8, 1, 67, 36, 81, 66, 2, 5, 80, 37, 10, 49, 34, 77, 40, 11, 50, 12, 75, 63, 26, 32, 29, 51, 41, 62, 73, 3, 22, 56, 69, 53, 23, 76, 71, 14, 57, 52, 59, 38, 13, 20, 74, 48, 54, 28, 35, 47, 16, 9, 46, 39, 44, 42, 21, 55, 58, 60, 15, 19, 17, 72, 18, 24, 30, 31]项目工期为：256.0；项目成本为：40400.600000000006
染色体结构为:
[8, 35, 70, 10, 34, 75, 74, 71, 4, 61, 40, 64, 1, 78, 27, 25, 3, 41, 26, 2, 63, 65, 49, 47, 48, 68, 76, 43, 50, 29, 37, 62, 33, 32, 45, 6, 38, 69, 67, 9, 66, 44, 73, 79, 7, 77, 11, 51, 5, 28, 12, 39, 46, 52, 81, 80, 36, 55, 53, 54, 42, 20, 14, 56, 15, 57, 60, 22, 23, 19, 24, 16, 21, 17, 18, 30, 58, 13, 59, 72, 31]项目工期为：257.0；项目成本为：39724.30000000001
染色体结构为:
[25, 4, 74, 27, 2, 64, 41, 26, 3, 63, 70, 65, 1, 75, 71, 35, 48, 34, 49, 47, 76, 43, 68, 78, 8, 32, 50, 29, 37, 67, 36, 40, 33, 61, 38, 62, 79, 80, 6, 7, 45, 44, 69, 77, 9, 28, 46, 66, 73, 39, 51, 10, 52, 56, 54, 53, 5, 81, 42, 11, 21, 57, 55, 59, 60, 58, 14, 20, 16, 12, 19, 15, 17, 22, 72, 13, 23, 18, 30, 24, 31]项目工期为：323.0；项目成本为：35737.6
染色体结构为:
[77, 8, 34, 40, 43, 4, 27, 32, 68, 78, 37, 48, 2, 69, 3, 41, 26, 25, 74, 63, 65, 70, 29, 62, 50, 64, 33, 1, 38, 47, 75, 71, 45, 67, 46, 9, 28, 49, 35, 79, 73, 80, 61, 51, 66, 39, 53, 52, 10, 36, 56, 76, 54, 81, 44, 6, 7, 5, 55, 57, 11, 21, 42, 12, 58, 14, 59, 20, 16, 19, 60, 22, 72, 15, 23, 17, 18, 30, 31, 13, 24]项目工期为：545.0；项目成本为：28504.699999999997
染色体结构为:
[77, 34, 8, 40, 4, 27, 37, 25, 68, 74, 43, 32, 48, 70, 2, 78, 3, 69, 63, 50, 26, 64, 47, 41, 65, 62, 38, 29, 33, 75, 45, 1, 67, 71, 46, 79, 49, 28, 9, 66, 35, 80, 73, 39, 61, 10, 36, 51, 53, 54, 76, 6, 52, 56, 44, 55, 81, 11, 7, 5, 42, 21, 57, 58, 14, 59, 12, 20, 60, 22, 16, 19, 72, 23, 15, 17, 18, 13, 30, 31, 24]项目工期为：363.0；项目成本为：33831.69999999999
染色体结构为:
[8, 34, 77, 27, 4, 40, 43, 37, 48, 68, 32, 78, 2, 3, 74, 25, 41, 69, 70, 26, 63, 64, 50, 65, 47, 62, 29, 33, 38, 45, 1, 75, 67, 71, 28, 49, 46, 79, 35, 9, 66, 73, 80, 39, 61, 10, 51, 36, 53, 54, 52, 56, 76, 6, 81, 44, 55, 5, 7, 11, 42, 21, 57, 14, 58, 20, 59, 60, 12, 19, 16, 22, 72, 23, 17, 15, 18, 30, 13, 24, 31]项目工期为：413.0；项目成本为：32121.899999999994
染色体结构为:
[74, 25, 4, 41, 2, 27, 64, 70, 26, 3, 65, 63, 75, 71, 1, 48, 35, 34, 47, 49, 43, 50, 68, 76, 78, 62, 29, 37, 33, 45, 32, 6, 38, 67, 69, 66, 9, 79, 73, 44, 8, 61, 11, 7, 77, 28, 12, 5, 46, 51, 40, 39, 80, 52, 81, 55, 10, 54, 36, 14, 42, 53, 15, 20, 56, 57, 60, 21, 22, 23, 19, 16, 24, 17, 18, 30, 58, 59, 31, 13, 72]项目工期为：282.0；项目成本为：38384.6
染色体结构为:
[77, 8, 34, 40, 4, 27, 43, 32, 78, 48, 68, 69, 37, 2, 3, 41, 26, 25, 74, 70, 63, 65, 50, 29, 62, 64, 1, 33, 38, 47, 75, 45, 71, 46, 67, 49, 28, 9, 35, 73, 79, 61, 51, 66, 80, 39, 53, 52, 36, 10, 56, 54, 76, 81, 44, 6, 7, 5, 55, 11, 57, 21, 42, 12, 58, 14, 59, 20, 16, 19, 60, 22, 72, 15, 17, 23, 18, 13, 30, 31, 24]项目工期为：555.0；项目成本为：28279.299999999996
染色体结构为:
[8, 34, 27, 4, 40, 77, 74, 37, 2, 25, 68, 48, 32, 78, 43, 47, 69, 3, 50, 26, 33, 29, 62, 38, 70, 45, 67, 63, 65, 75, 71, 1, 79, 28, 49, 9, 73, 35, 61, 46, 64, 66, 39, 80, 41, 10, 51, 36, 52, 54, 53, 76, 56, 6, 81, 42, 5, 44, 55, 11, 7, 21, 57, 60, 58, 12, 59, 14, 19, 20, 22, 16, 15, 17, 72, 18, 23, 13, 30, 31, 24]项目工期为：389.0；项目成本为：32959.6
染色体结构为:
[25, 74, 4, 27, 2, 64, 26, 41, 3, 63, 70, 1, 65, 71, 35, 75, 34, 48, 49, 47, 76, 68, 43, 78, 8, 32, 50, 29, 37, 67, 40, 36, 33, 61, 38, 79, 62, 80, 6, 7, 45, 44, 69, 77, 28, 9, 46, 73, 66, 39, 10, 51, 52, 56, 54, 53, 5, 81, 42, 11, 21, 55, 57, 59, 60, 58, 20, 16, 14, 12, 22, 15, 19, 17, 72, 23, 18, 13, 30, 24, 31]项目工期为：321.0；项目成本为：35812.1
染色体结构为:
[27, 68, 4, 40, 37, 78, 43, 47, 3, 50, 26, 48, 33, 62, 45, 29, 38, 70, 67, 63, 2, 65, 75, 34, 1, 77, 71, 49, 28, 74, 25, 79, 69, 32, 46, 61, 9, 35, 64, 73, 8, 66, 80, 41, 39, 51, 52, 53, 54, 76, 56, 10, 81, 36, 42, 6, 5, 44, 7, 11, 55, 21, 57, 59, 12, 60, 58, 14, 19, 20, 16, 15, 72, 17, 22, 13, 23, 18, 24, 30, 31]项目工期为：285.0；项目成本为：38266.89999999999
染色体结构为:
[77, 34, 40, 8, 4, 37, 27, 68, 74, 25, 43, 32, 2, 48, 78, 69, 70, 63, 3, 41, 50, 26, 64, 65, 47, 29, 62, 38, 33, 45, 75, 67, 71, 1, 46, 28, 49, 79, 9, 35, 66, 73, 10, 80, 61, 36, 39, 51, 53, 52, 54, 76, 6, 56, 81, 44, 5, 55, 7, 11, 42, 21, 57, 14, 12, 58, 60, 59, 20, 19, 16, 72, 22, 23, 15, 17, 13, 18, 30, 31, 24]项目工期为：352.0；项目成本为：34489.59999999999
MID=4.568008031563503
DM=15652.406761900857
SNS=0.2824836693796275
SM=0.9578001832033114
2.918406160183864E-4
181
共计用时：6秒
