染色体结构为:
[36, 28, 24, 2, 65, 94, 19, 9, 71, 33, 7, 78, 45, 88, 34, 40, 26, 50, 16, 58, 18, 10, 76, 85, 57, 62, 68, 35, 29, 32, 44, 6, 42, 37, 13, 27, 20, 70, 4, 87, 11, 90, 66, 31, 23, 12, 64, 47, 48, 59, 5, 60, 97, 67, 99, 3, 46, 51, 21, 80, 38, 1, 96, 89, 39, 49, 52, 14, 81, 73, 91, 86, 98, 8, 15, 17, 56, 84, 41, 79, 22, 75, 93, 53, 54, 83, 43, 25, 30, 61, 55, 63, 74, 72, 100, 77, 69, 95, 82, 92]项目工期为：314.0；项目成本为：134043.0
染色体结构为:
[36, 71, 13, 65, 29, 7, 96, 40, 70, 15, 16, 46, 6, 3, 49, 2, 20, 32, 10, 48, 11, 51, 33, 56, 57, 94, 62, 12, 19, 80, 34, 66, 1, 50, 21, 22, 9, 44, 60, 68, 84, 78, 5, 28, 67, 88, 41, 4, 27, 39, 91, 93, 79, 17, 53, 54, 75, 26, 59, 86, 90, 23, 76, 64, 14, 98, 43, 45, 8, 61, 83, 85, 74, 31, 58, 63, 97, 35, 18, 55, 42, 47, 38, 87, 24, 99, 89, 37, 52, 81, 25, 73, 30, 100, 72, 77, 69, 82, 95, 92]项目工期为：298.0；项目成本为：136758.30000000002
染色体结构为:
[13, 36, 57, 8, 7, 90, 4, 96, 2, 94, 40, 27, 85, 50, 29, 28, 68, 34, 70, 60, 21, 65, 24, 9, 19, 71, 88, 33, 78, 45, 16, 15, 6, 20, 46, 3, 10, 49, 32, 48, 56, 62, 11, 51, 80, 12, 1, 44, 66, 5, 84, 22, 67, 41, 39, 93, 75, 91, 79, 54, 17, 59, 53, 86, 26, 76, 23, 58, 18, 14, 42, 35, 37, 31, 87, 64, 47, 97, 99, 38, 89, 52, 73, 81, 98, 83, 43, 25, 30, 61, 55, 72, 74, 63, 100, 69, 77, 82, 95, 92]项目工期为：359.0；项目成本为：127130.49999999997
染色体结构为:
[65, 71, 96, 7, 16, 15, 70, 40, 6, 29, 2, 46, 49, 20, 3, 10, 11, 48, 32, 33, 56, 57, 51, 12, 34, 62, 1, 19, 94, 66, 80, 21, 44, 9, 68, 50, 22, 60, 5, 36, 78, 84, 67, 88, 28, 39, 41, 27, 4, 93, 79, 54, 91, 13, 17, 53, 75, 86, 59, 26, 76, 23, 90, 14, 24, 45, 58, 85, 18, 35, 42, 37, 47, 87, 31, 97, 99, 38, 8, 98, 55, 72, 25, 43, 61, 74, 63, 64, 77, 52, 81, 89, 73, 83, 30, 82, 95, 92, 69, 100]项目工期为：319.0；项目成本为：133109.80000000002
染色体结构为:
[34, 28, 24, 70, 94, 21, 2, 19, 9, 65, 71, 88, 7, 78, 33, 40, 45, 29, 50, 96, 16, 15, 36, 20, 57, 13, 4, 90, 27, 8, 46, 3, 10, 85, 6, 49, 32, 48, 62, 56, 51, 11, 12, 1, 80, 66, 60, 22, 44, 5, 67, 68, 97, 17, 38, 53, 37, 35, 41, 39, 84, 93, 91, 75, 79, 54, 59, 86, 23, 26, 76, 58, 14, 18, 31, 42, 55, 87, 98, 25, 72, 61, 64, 43, 74, 63, 47, 77, 73, 52, 100, 99, 83, 69, 30, 89, 81, 92, 82, 95]项目工期为：360.0；项目成本为：126568.7
染色体结构为:
[28, 70, 34, 21, 65, 24, 2, 94, 71, 9, 19, 7, 88, 33, 78, 40, 50, 45, 96, 16, 15, 20, 29, 36, 13, 57, 26, 8, 90, 4, 85, 27, 1, 68, 97, 60, 17, 37, 38, 35, 6, 10, 46, 62, 87, 55, 53, 5, 98, 91, 42, 51, 72, 49, 23, 48, 31, 25, 3, 32, 56, 11, 66, 12, 80, 44, 22, 39, 84, 67, 41, 76, 77, 61, 64, 54, 63, 74, 43, 59, 58, 14, 47, 79, 86, 18, 75, 73, 52, 93, 30, 100, 99, 83, 69, 81, 95, 92, 89, 82]项目工期为：316.0；项目成本为：133338.0
染色体结构为:
[36, 7, 13, 57, 28, 65, 19, 24, 2, 71, 88, 94, 45, 50, 33, 78, 9, 96, 29, 40, 34, 70, 46, 15, 20, 6, 10, 16, 32, 49, 3, 48, 56, 62, 51, 11, 12, 80, 44, 1, 22, 21, 66, 60, 5, 68, 67, 8, 4, 90, 97, 17, 85, 27, 35, 37, 38, 87, 53, 55, 26, 42, 98, 91, 23, 25, 72, 54, 76, 39, 31, 61, 84, 59, 43, 64, 58, 74, 18, 47, 89, 99, 52, 81, 73, 14, 86, 79, 41, 75, 93, 83, 30, 63, 100, 77, 69, 95, 82, 92]项目工期为：375.0；项目成本为：124449.3
染色体结构为:
[28, 70, 34, 21, 24, 65, 2, 94, 71, 19, 9, 7, 88, 33, 78, 40, 50, 45, 96, 16, 15, 29, 20, 13, 36, 26, 57, 4, 8, 85, 90, 27, 68, 1, 97, 60, 37, 17, 38, 35, 6, 46, 10, 62, 87, 55, 53, 5, 91, 98, 51, 42, 72, 49, 23, 48, 31, 25, 3, 56, 32, 11, 66, 12, 80, 22, 44, 39, 84, 67, 41, 76, 77, 61, 64, 54, 74, 63, 43, 59, 58, 14, 47, 79, 86, 18, 73, 52, 75, 100, 30, 93, 99, 83, 81, 69, 89, 95, 92, 82]项目工期为：315.0；项目成本为：133756.1
染色体结构为:
[65, 71, 29, 96, 16, 7, 15, 70, 6, 40, 2, 46, 20, 3, 49, 32, 10, 48, 33, 11, 57, 56, 51, 12, 62, 34, 94, 1, 19, 80, 44, 66, 21, 9, 50, 22, 68, 60, 36, 5, 84, 78, 28, 67, 88, 39, 41, 27, 93, 4, 79, 54, 91, 13, 17, 75, 86, 53, 26, 59, 90, 14, 76, 23, 24, 58, 45, 35, 85, 18, 37, 42, 87, 31, 97, 47, 64, 99, 38, 52, 89, 81, 73, 8, 83, 98, 43, 25, 30, 61, 74, 55, 72, 100, 63, 77, 69, 82, 95, 92]项目工期为：318.0；项目成本为：133171.7
染色体结构为:
[65, 29, 71, 7, 96, 70, 40, 36, 57, 8, 13, 94, 90, 27, 4, 2, 68, 15, 17, 3, 48, 16, 20, 6, 32, 46, 49, 10, 11, 51, 33, 56, 12, 62, 34, 19, 80, 50, 66, 21, 1, 44, 9, 22, 60, 84, 78, 5, 28, 88, 41, 67, 91, 39, 93, 79, 53, 54, 59, 26, 75, 86, 76, 64, 14, 98, 23, 43, 85, 45, 61, 83, 74, 31, 58, 35, 63, 55, 97, 47, 18, 38, 87, 37, 24, 42, 89, 52, 69, 77, 73, 25, 81, 72, 99, 95, 100, 92, 30, 82]项目工期为：294.0；项目成本为：138218.99999999997
染色体结构为:
[34, 28, 24, 70, 2, 21, 65, 94, 9, 19, 78, 71, 88, 33, 40, 45, 50, 7, 16, 29, 96, 36, 15, 20, 57, 4, 13, 90, 46, 27, 85, 8, 10, 3, 49, 6, 32, 48, 56, 51, 62, 11, 12, 80, 66, 60, 1, 84, 44, 5, 41, 22, 67, 68, 93, 39, 91, 79, 75, 17, 59, 54, 26, 53, 86, 76, 14, 23, 58, 18, 42, 97, 35, 37, 55, 38, 72, 98, 87, 25, 64, 43, 31, 61, 74, 63, 100, 47, 77, 52, 73, 83, 99, 69, 81, 82, 89, 30, 95, 92]项目工期为：420.0；项目成本为：119471.20000000001
染色体结构为:
[36, 13, 7, 57, 4, 94, 8, 96, 2, 90, 40, 34, 29, 85, 50, 70, 28, 21, 24, 19, 65, 88, 9, 71, 78, 45, 33, 16, 15, 20, 27, 46, 6, 3, 10, 49, 32, 56, 48, 51, 62, 12, 11, 80, 66, 1, 44, 60, 22, 5, 84, 67, 68, 41, 93, 39, 79, 91, 75, 54, 17, 53, 86, 59, 76, 26, 14, 58, 23, 18, 42, 35, 47, 37, 87, 31, 97, 64, 38, 99, 52, 81, 73, 89, 83, 43, 25, 98, 30, 61, 74, 55, 100, 72, 63, 77, 95, 69, 82, 92]项目工期为：325.0；项目成本为：131963.3
染色体结构为:
[28, 34, 70, 24, 65, 21, 19, 94, 9, 2, 71, 88, 78, 7, 40, 50, 45, 96, 33, 16, 15, 29, 36, 20, 4, 13, 57, 27, 90, 8, 85, 10, 6, 46, 3, 49, 48, 32, 62, 51, 56, 11, 80, 12, 1, 44, 60, 66, 84, 5, 22, 41, 67, 68, 39, 93, 91, 79, 59, 75, 17, 53, 86, 54, 26, 14, 23, 76, 58, 35, 18, 97, 42, 38, 37, 98, 55, 87, 31, 47, 64, 99, 89, 52, 81, 73, 83, 43, 25, 30, 61, 74, 72, 100, 63, 77, 69, 95, 82, 92]项目工期为：363.0；项目成本为：125736.1
染色体结构为:
[36, 13, 57, 7, 8, 90, 4, 96, 2, 94, 40, 27, 29, 85, 28, 50, 68, 34, 60, 21, 70, 65, 24, 9, 71, 19, 33, 88, 78, 45, 16, 20, 15, 6, 46, 3, 10, 49, 48, 32, 56, 62, 11, 80, 12, 51, 1, 44, 66, 5, 84, 22, 67, 41, 39, 75, 91, 93, 17, 79, 54, 59, 53, 86, 26, 76, 23, 18, 42, 58, 14, 35, 37, 31, 87, 64, 97, 47, 99, 38, 52, 89, 81, 73, 98, 83, 43, 25, 55, 61, 30, 74, 72, 100, 63, 77, 69, 82, 92, 95]项目工期为：329.0；项目成本为：131311.8
染色体结构为:
[13, 36, 57, 8, 90, 4, 7, 96, 2, 40, 94, 27, 85, 29, 50, 28, 68, 34, 60, 21, 65, 70, 24, 19, 9, 71, 33, 88, 45, 78, 16, 15, 6, 20, 46, 3, 10, 32, 49, 48, 56, 62, 11, 51, 80, 12, 1, 44, 66, 5, 84, 22, 67, 41, 39, 93, 91, 75, 79, 17, 54, 53, 59, 86, 76, 26, 23, 58, 18, 14, 42, 35, 37, 31, 87, 64, 47, 97, 99, 38, 89, 52, 73, 81, 98, 83, 25, 43, 30, 61, 55, 74, 72, 63, 100, 77, 69, 82, 95, 92]项目工期为：354.0；项目成本为：127249.69999999998
染色体结构为:
[34, 28, 24, 21, 70, 94, 2, 65, 19, 13, 36, 57, 7, 96, 40, 29, 16, 15, 71, 46, 6, 88, 33, 9, 78, 26, 50, 4, 8, 45, 90, 68, 85, 27, 1, 17, 38, 60, 97, 35, 10, 62, 53, 37, 87, 20, 55, 98, 5, 91, 42, 23, 25, 51, 49, 72, 3, 48, 31, 32, 12, 56, 66, 80, 11, 44, 54, 22, 84, 39, 76, 67, 61, 74, 64, 43, 58, 59, 14, 63, 47, 41, 75, 93, 79, 86, 18, 100, 99, 77, 52, 73, 81, 69, 83, 30, 82, 95, 92, 89]项目工期为：507.0；项目成本为：112294.70000000001
染色体结构为:
[29, 71, 65, 40, 96, 7, 70, 16, 6, 15, 2, 3, 20, 46, 32, 10, 49, 11, 48, 51, 56, 33, 12, 62, 34, 57, 94, 19, 80, 66, 1, 50, 44, 21, 22, 9, 84, 60, 5, 68, 36, 88, 28, 78, 41, 67, 27, 39, 4, 79, 93, 91, 17, 54, 26, 75, 53, 13, 59, 86, 76, 90, 23, 14, 98, 45, 64, 83, 8, 43, 58, 31, 85, 61, 97, 63, 74, 55, 35, 38, 47, 37, 87, 24, 72, 42, 25, 77, 52, 18, 99, 73, 89, 100, 30, 95, 81, 69, 82, 92]项目工期为：283.0；项目成本为：139886.1
染色体结构为:
[29, 71, 96, 65, 40, 16, 7, 13, 36, 57, 94, 90, 4, 8, 15, 2, 27, 17, 11, 68, 54, 84, 48, 10, 39, 31, 78, 76, 50, 20, 44, 64, 46, 91, 34, 67, 61, 28, 23, 6, 21, 1, 58, 60, 43, 74, 51, 22, 12, 49, 3, 88, 98, 55, 63, 70, 53, 59, 97, 14, 56, 26, 5, 85, 79, 62, 33, 35, 42, 18, 47, 24, 38, 19, 75, 87, 89, 37, 80, 52, 45, 66, 77, 69, 83, 73, 25, 81, 86, 82, 72, 9, 32, 99, 41, 30, 93, 95, 92, 100]项目工期为：277.0；项目成本为：141351.6
染色体结构为:
[36, 13, 57, 29, 96, 65, 40, 70, 7, 71, 16, 46, 15, 28, 2, 6, 88, 19, 94, 9, 24, 33, 34, 78, 4, 50, 26, 8, 45, 90, 27, 68, 85, 60, 17, 1, 97, 38, 35, 62, 10, 21, 37, 53, 20, 49, 3, 48, 56, 32, 51, 11, 12, 44, 66, 80, 5, 22, 67, 87, 55, 98, 42, 72, 23, 91, 39, 25, 54, 76, 31, 61, 64, 84, 59, 43, 74, 14, 63, 79, 58, 18, 47, 75, 77, 86, 100, 73, 41, 99, 52, 93, 81, 89, 83, 82, 30, 69, 92, 95]项目工期为：517.0；项目成本为：111916.09999999999
染色体结构为:
[29, 71, 96, 65, 40, 16, 13, 7, 36, 57, 94, 90, 8, 4, 15, 27, 2, 17, 68, 11, 54, 84, 48, 39, 10, 31, 78, 76, 50, 44, 20, 46, 64, 91, 67, 34, 61, 23, 6, 28, 1, 21, 58, 60, 74, 43, 51, 12, 22, 49, 3, 88, 98, 55, 63, 70, 53, 59, 97, 14, 56, 26, 5, 79, 85, 33, 62, 35, 42, 18, 24, 47, 38, 75, 19, 37, 87, 89, 80, 45, 52, 66, 77, 69, 73, 83, 25, 81, 82, 86, 72, 9, 41, 32, 30, 93, 99, 95, 92, 100]项目工期为：275.0；项目成本为：141554.5
染色体结构为:
[36, 13, 57, 7, 8, 4, 90, 96, 2, 94, 27, 40, 29, 85, 28, 68, 50, 34, 60, 70, 65, 21, 24, 9, 71, 33, 19, 88, 78, 16, 45, 20, 15, 6, 10, 3, 46, 49, 48, 32, 56, 62, 11, 12, 80, 51, 1, 44, 66, 5, 84, 22, 67, 39, 41, 75, 91, 93, 17, 54, 79, 59, 53, 86, 26, 76, 23, 18, 42, 14, 58, 35, 31, 37, 87, 64, 97, 99, 47, 38, 52, 89, 81, 73, 98, 83, 25, 43, 55, 30, 61, 74, 72, 63, 100, 77, 69, 92, 82, 95]项目工期为：326.0；项目成本为：131871.19999999998
染色体结构为:
[34, 24, 28, 70, 2, 21, 65, 36, 7, 13, 57, 19, 94, 71, 88, 45, 50, 33, 9, 78, 96, 29, 40, 46, 20, 15, 6, 10, 49, 16, 3, 32, 48, 11, 56, 62, 51, 80, 12, 1, 44, 66, 60, 22, 5, 67, 68, 8, 4, 90, 85, 97, 27, 38, 17, 37, 35, 87, 53, 55, 98, 26, 42, 91, 23, 25, 72, 54, 39, 76, 31, 84, 61, 43, 59, 74, 58, 64, 47, 63, 14, 18, 79, 75, 86, 77, 73, 41, 100, 52, 93, 99, 89, 83, 81, 30, 82, 69, 92, 95]项目工期为：484.0；项目成本为：113988.09999999999
染色体结构为:
[57, 13, 36, 96, 65, 29, 40, 15, 7, 28, 16, 34, 70, 24, 2, 21, 94, 9, 19, 78, 71, 33, 88, 45, 50, 20, 90, 4, 46, 27, 8, 3, 85, 10, 49, 6, 32, 48, 62, 56, 51, 11, 12, 80, 1, 66, 60, 84, 44, 5, 41, 67, 22, 68, 93, 39, 75, 17, 91, 79, 54, 26, 86, 53, 59, 14, 76, 23, 58, 35, 18, 97, 42, 55, 37, 38, 72, 87, 98, 64, 25, 31, 43, 61, 74, 63, 77, 47, 100, 52, 73, 83, 99, 81, 69, 30, 89, 82, 95, 92]项目工期为：428.0；项目成本为：118892.3
染色体结构为:
[34, 28, 24, 70, 21, 2, 65, 94, 9, 19, 71, 78, 88, 7, 33, 40, 45, 29, 50, 96, 16, 36, 15, 20, 13, 57, 4, 90, 46, 27, 8, 85, 3, 49, 6, 10, 32, 48, 56, 51, 62, 11, 12, 80, 1, 66, 60, 44, 84, 5, 41, 22, 67, 68, 39, 93, 91, 75, 79, 17, 54, 59, 53, 26, 86, 76, 23, 14, 58, 35, 18, 42, 97, 55, 38, 37, 72, 87, 98, 25, 31, 64, 61, 43, 74, 47, 63, 100, 77, 52, 73, 83, 99, 69, 81, 30, 82, 89, 95, 92]项目工期为：439.0；项目成本为：117371.1
染色体结构为:
[36, 7, 13, 57, 28, 65, 19, 24, 2, 71, 94, 88, 45, 50, 33, 9, 96, 78, 29, 40, 34, 70, 15, 46, 20, 6, 10, 16, 49, 32, 3, 48, 56, 11, 51, 62, 12, 1, 80, 44, 66, 60, 21, 22, 5, 67, 68, 8, 90, 4, 97, 85, 17, 27, 38, 37, 35, 87, 26, 53, 98, 55, 42, 91, 23, 25, 72, 54, 39, 31, 84, 76, 61, 59, 64, 43, 58, 47, 74, 14, 63, 18, 79, 75, 86, 77, 73, 100, 41, 93, 52, 89, 99, 83, 81, 30, 69, 82, 95, 92]项目工期为：467.0；项目成本为：115185.49999999997
染色体结构为:
[36, 13, 7, 65, 57, 28, 19, 2, 24, 71, 94, 88, 45, 50, 33, 9, 78, 96, 29, 40, 34, 70, 15, 46, 20, 6, 10, 32, 49, 3, 16, 48, 56, 11, 12, 62, 51, 1, 80, 44, 66, 22, 60, 21, 5, 67, 8, 68, 90, 4, 85, 97, 17, 38, 27, 37, 35, 53, 87, 26, 55, 98, 42, 91, 23, 25, 72, 54, 39, 31, 76, 84, 61, 43, 59, 64, 74, 58, 47, 63, 14, 18, 79, 86, 77, 75, 73, 41, 100, 93, 52, 99, 89, 83, 81, 30, 69, 82, 95, 92]项目工期为：430.0；项目成本为：118078.69999999998
染色体结构为:
[57, 36, 13, 29, 65, 96, 40, 7, 71, 16, 70, 6, 15, 2, 21, 34, 88, 20, 5, 3, 10, 46, 49, 51, 56, 32, 48, 11, 12, 33, 62, 80, 19, 1, 94, 66, 50, 68, 9, 44, 22, 60, 28, 78, 84, 67, 27, 41, 4, 39, 93, 75, 91, 79, 53, 17, 54, 90, 59, 26, 86, 77, 23, 14, 85, 64, 18, 8, 24, 82, 76, 31, 43, 61, 74, 58, 63, 98, 97, 35, 55, 38, 47, 42, 87, 37, 89, 45, 52, 73, 69, 83, 25, 81, 92, 100, 30, 95, 72, 99]项目工期为：289.0；项目成本为：138887.50000000003
染色体结构为:
[28, 34, 70, 24, 65, 21, 94, 71, 2, 9, 19, 88, 7, 78, 40, 50, 45, 33, 29, 96, 16, 15, 36, 57, 20, 4, 13, 90, 8, 85, 10, 27, 46, 6, 3, 49, 48, 32, 62, 56, 11, 51, 80, 12, 1, 44, 60, 84, 66, 67, 5, 22, 41, 39, 68, 93, 91, 79, 59, 75, 17, 86, 53, 26, 23, 54, 76, 35, 58, 14, 97, 18, 38, 37, 42, 55, 98, 72, 31, 87, 25, 64, 43, 61, 63, 74, 47, 77, 73, 100, 99, 52, 81, 89, 83, 30, 69, 82, 95, 92]项目工期为：346.0；项目成本为：128074.7
染色体结构为:
[34, 28, 24, 70, 21, 2, 94, 65, 19, 9, 78, 88, 71, 7, 40, 33, 45, 29, 50, 96, 15, 16, 20, 36, 57, 13, 4, 90, 27, 8, 46, 85, 10, 3, 49, 32, 6, 48, 56, 62, 51, 11, 12, 80, 1, 66, 44, 60, 84, 41, 22, 5, 67, 68, 93, 39, 91, 75, 79, 17, 54, 59, 53, 86, 26, 76, 23, 58, 14, 35, 18, 42, 37, 38, 31, 97, 55, 87, 72, 98, 25, 61, 64, 74, 43, 63, 73, 47, 77, 100, 52, 99, 83, 30, 69, 89, 81, 92, 82, 95]项目工期为：418.0；项目成本为：119605.50000000001
染色体结构为:
[29, 71, 96, 40, 65, 16, 7, 36, 13, 57, 94, 4, 90, 8, 2, 27, 15, 17, 11, 68, 54, 84, 48, 10, 39, 31, 78, 76, 50, 20, 44, 64, 46, 91, 34, 61, 67, 28, 23, 6, 21, 58, 1, 60, 43, 74, 51, 22, 12, 3, 49, 98, 88, 55, 63, 70, 53, 59, 14, 97, 26, 56, 5, 85, 79, 62, 33, 35, 18, 42, 47, 24, 38, 19, 87, 75, 37, 89, 80, 52, 45, 77, 66, 83, 69, 73, 81, 25, 86, 72, 82, 32, 9, 99, 41, 30, 93, 95, 92, 100]项目工期为：272.0；项目成本为：142017.59999999998
染色体结构为:
[36, 71, 13, 29, 65, 7, 96, 40, 70, 15, 16, 46, 6, 3, 2, 49, 20, 32, 10, 48, 11, 51, 56, 33, 57, 94, 62, 12, 80, 19, 34, 66, 1, 50, 21, 22, 9, 44, 84, 60, 68, 78, 5, 28, 67, 88, 41, 4, 27, 39, 91, 93, 79, 17, 53, 75, 54, 59, 26, 86, 90, 23, 76, 64, 14, 98, 45, 43, 8, 83, 61, 85, 31, 74, 58, 35, 97, 18, 55, 63, 42, 47, 38, 87, 24, 99, 89, 52, 81, 37, 25, 73, 30, 100, 77, 72, 82, 69, 95, 92]项目工期为：295.0；项目成本为：137074.2
染色体结构为:
[28, 34, 21, 70, 24, 65, 19, 94, 2, 71, 9, 88, 7, 33, 78, 45, 40, 50, 96, 29, 16, 15, 20, 36, 57, 13, 8, 90, 27, 85, 4, 46, 6, 3, 49, 32, 10, 48, 56, 62, 51, 80, 11, 1, 12, 66, 60, 22, 44, 5, 68, 67, 84, 39, 41, 93, 91, 75, 79, 54, 59, 17, 86, 53, 23, 26, 76, 58, 14, 18, 42, 35, 97, 37, 38, 55, 98, 87, 72, 25, 31, 61, 43, 74, 63, 64, 47, 77, 73, 99, 100, 52, 81, 89, 83, 82, 30, 69, 95, 92]项目工期为：415.0；项目成本为：120016.00000000001
染色体结构为:
[28, 70, 34, 24, 65, 19, 21, 94, 9, 2, 71, 88, 78, 7, 40, 50, 45, 96, 33, 16, 15, 29, 20, 36, 4, 13, 57, 27, 90, 8, 85, 6, 46, 3, 10, 49, 48, 32, 62, 51, 56, 11, 80, 12, 1, 44, 60, 66, 84, 5, 22, 41, 67, 39, 68, 93, 91, 79, 59, 17, 75, 53, 86, 54, 26, 14, 23, 76, 58, 35, 18, 97, 42, 38, 37, 98, 55, 31, 87, 47, 64, 99, 89, 52, 81, 83, 73, 43, 25, 30, 61, 74, 72, 100, 63, 77, 69, 95, 82, 92]项目工期为：363.0；项目成本为：125736.1
染色体结构为:
[34, 28, 24, 70, 21, 65, 2, 9, 94, 71, 78, 19, 88, 7, 33, 40, 50, 45, 29, 96, 36, 15, 16, 20, 13, 57, 4, 90, 27, 8, 46, 85, 3, 10, 6, 49, 32, 48, 56, 51, 62, 11, 12, 1, 80, 66, 60, 44, 84, 5, 41, 22, 67, 39, 68, 93, 75, 91, 17, 54, 59, 79, 26, 53, 86, 76, 23, 14, 58, 35, 18, 42, 97, 55, 37, 38, 72, 87, 25, 98, 31, 64, 43, 61, 74, 63, 47, 100, 77, 73, 52, 83, 99, 69, 81, 30, 82, 89, 92, 95]项目工期为：448.0；项目成本为：117043.30000000002
染色体结构为:
[34, 28, 70, 21, 24, 94, 65, 2, 19, 9, 88, 71, 33, 7, 78, 50, 40, 45, 29, 96, 16, 15, 36, 20, 57, 13, 8, 90, 27, 4, 46, 6, 10, 49, 3, 32, 48, 11, 56, 62, 12, 51, 80, 1, 44, 66, 22, 5, 60, 67, 68, 97, 85, 17, 38, 35, 37, 87, 53, 55, 26, 42, 91, 98, 23, 25, 54, 72, 76, 39, 31, 43, 61, 59, 84, 64, 58, 74, 47, 63, 18, 14, 86, 75, 79, 77, 100, 73, 52, 41, 93, 99, 89, 30, 81, 83, 69, 82, 95, 92]项目工期为：424.0；项目成本为：119079.1
染色体结构为:
[29, 71, 65, 96, 40, 16, 7, 36, 57, 13, 94, 90, 4, 15, 8, 17, 2, 27, 11, 68, 54, 84, 48, 10, 39, 31, 78, 76, 50, 20, 64, 44, 46, 91, 34, 67, 61, 28, 23, 6, 21, 1, 60, 58, 74, 43, 51, 22, 12, 49, 3, 88, 98, 55, 63, 70, 53, 59, 97, 14, 56, 26, 5, 79, 62, 85, 33, 35, 42, 18, 47, 38, 24, 19, 75, 87, 89, 37, 80, 52, 45, 66, 69, 77, 83, 73, 25, 81, 72, 86, 9, 82, 32, 41, 99, 30, 93, 95, 100, 92]项目工期为：279.0；项目成本为：140467.30000000002
染色体结构为:
[13, 36, 57, 96, 65, 40, 29, 15, 7, 16, 70, 71, 28, 2, 46, 19, 6, 88, 94, 24, 9, 33, 78, 34, 4, 26, 45, 50, 8, 85, 27, 90, 68, 38, 1, 17, 60, 97, 35, 10, 62, 53, 87, 37, 55, 5, 20, 98, 3, 49, 32, 48, 56, 11, 12, 44, 51, 22, 80, 66, 21, 67, 72, 42, 23, 91, 54, 25, 39, 76, 61, 31, 64, 84, 74, 43, 59, 63, 14, 58, 47, 79, 18, 75, 86, 77, 73, 41, 93, 100, 99, 52, 69, 83, 81, 30, 92, 95, 82, 89]项目工期为：510.0；项目成本为：111943.8
染色体结构为:
[34, 28, 24, 2, 70, 21, 65, 9, 19, 94, 78, 71, 88, 33, 40, 45, 50, 16, 7, 29, 96, 36, 57, 15, 20, 4, 13, 90, 27, 46, 85, 8, 10, 3, 49, 6, 32, 48, 56, 51, 62, 12, 11, 80, 66, 1, 60, 84, 44, 5, 41, 67, 22, 68, 39, 93, 91, 79, 75, 17, 59, 54, 26, 53, 86, 76, 14, 23, 58, 18, 97, 35, 42, 37, 55, 38, 72, 98, 25, 87, 64, 43, 31, 61, 74, 63, 100, 47, 77, 52, 73, 83, 99, 69, 81, 82, 30, 89, 95, 92]项目工期为：411.0；项目成本为：120976.80000000002
染色体结构为:
[13, 34, 24, 28, 70, 21, 2, 65, 36, 57, 7, 71, 19, 88, 94, 45, 50, 9, 78, 33, 29, 40, 96, 46, 15, 6, 20, 10, 49, 16, 3, 32, 48, 56, 11, 62, 51, 80, 1, 12, 44, 22, 60, 66, 5, 67, 68, 8, 4, 90, 97, 38, 85, 17, 27, 35, 37, 53, 87, 55, 26, 42, 98, 23, 91, 25, 54, 72, 76, 39, 31, 43, 61, 84, 59, 64, 58, 47, 74, 63, 18, 14, 75, 86, 79, 73, 77, 100, 41, 52, 93, 99, 89, 83, 30, 81, 69, 82, 92, 95]项目工期为：464.0；项目成本为：115637.9
染色体结构为:
[36, 13, 57, 65, 96, 7, 40, 29, 16, 15, 70, 71, 2, 19, 28, 6, 88, 46, 94, 24, 33, 9, 34, 78, 26, 50, 4, 45, 8, 85, 90, 68, 27, 1, 17, 97, 38, 60, 35, 62, 10, 37, 53, 87, 20, 55, 98, 91, 5, 21, 42, 51, 23, 25, 49, 48, 3, 72, 66, 12, 31, 32, 11, 56, 54, 80, 76, 44, 22, 84, 39, 67, 43, 61, 63, 74, 59, 64, 58, 79, 47, 14, 77, 18, 75, 86, 100, 41, 73, 99, 52, 81, 93, 83, 30, 89, 69, 82, 95, 92]项目工期为：666.0；项目成本为：104693.59999999999
染色体结构为:
[36, 7, 13, 28, 57, 65, 19, 24, 2, 94, 71, 88, 45, 50, 33, 9, 96, 78, 29, 40, 34, 70, 15, 20, 6, 46, 16, 10, 49, 32, 3, 48, 56, 51, 12, 11, 62, 44, 1, 80, 66, 22, 21, 5, 60, 67, 68, 4, 8, 85, 97, 90, 27, 17, 38, 37, 35, 87, 53, 55, 98, 26, 42, 23, 91, 25, 72, 54, 39, 31, 76, 61, 43, 84, 64, 59, 74, 63, 58, 14, 47, 79, 18, 75, 73, 77, 100, 41, 99, 86, 93, 52, 89, 83, 30, 81, 69, 82, 95, 92]项目工期为：498.0；项目成本为：112687.7
染色体结构为:
[36, 7, 13, 57, 28, 65, 19, 24, 2, 71, 88, 94, 50, 45, 9, 33, 78, 96, 29, 34, 40, 70, 15, 46, 20, 6, 10, 16, 49, 32, 48, 3, 56, 11, 62, 51, 12, 1, 44, 80, 66, 22, 60, 21, 5, 67, 68, 8, 4, 90, 85, 97, 27, 17, 38, 37, 35, 87, 53, 26, 55, 98, 42, 91, 23, 25, 72, 54, 31, 76, 39, 61, 84, 43, 59, 64, 74, 58, 47, 63, 14, 18, 79, 75, 86, 77, 100, 73, 41, 52, 93, 89, 99, 83, 81, 30, 69, 95, 92, 82]项目工期为：429.0；项目成本为：118667.09999999998
染色体结构为:
[13, 36, 57, 7, 8, 90, 4, 96, 2, 94, 40, 27, 29, 85, 50, 28, 68, 34, 60, 70, 21, 65, 24, 9, 71, 19, 33, 88, 78, 45, 16, 15, 20, 6, 46, 3, 10, 49, 48, 56, 32, 62, 11, 80, 51, 12, 1, 44, 66, 5, 22, 84, 67, 41, 39, 75, 91, 93, 17, 79, 54, 59, 53, 86, 26, 76, 23, 18, 42, 58, 14, 35, 37, 31, 87, 64, 47, 97, 99, 38, 52, 89, 81, 73, 98, 83, 43, 55, 61, 25, 30, 74, 72, 63, 100, 77, 82, 69, 95, 92]项目工期为：338.0；项目成本为：129277.99999999997
染色体结构为:
[36, 13, 57, 96, 65, 7, 40, 29, 15, 70, 16, 2, 71, 28, 46, 19, 6, 88, 94, 33, 9, 24, 78, 34, 50, 4, 26, 8, 45, 90, 68, 85, 27, 1, 17, 38, 97, 60, 35, 10, 37, 62, 53, 87, 55, 20, 5, 98, 42, 91, 23, 25, 49, 51, 72, 3, 31, 48, 32, 12, 56, 66, 21, 11, 44, 80, 54, 22, 39, 84, 67, 61, 74, 76, 58, 64, 43, 59, 14, 75, 63, 47, 79, 18, 77, 86, 73, 100, 41, 99, 93, 52, 69, 83, 30, 81, 92, 95, 89, 82]项目工期为：504.0；项目成本为：112641.90000000001
染色体结构为:
[36, 13, 57, 7, 4, 8, 90, 96, 2, 94, 27, 40, 29, 85, 28, 68, 34, 50, 60, 70, 65, 24, 21, 9, 71, 33, 19, 88, 78, 16, 45, 20, 15, 6, 46, 10, 3, 49, 48, 32, 62, 51, 56, 11, 80, 12, 1, 44, 66, 84, 5, 22, 41, 67, 39, 93, 91, 79, 17, 59, 75, 53, 86, 54, 26, 14, 23, 76, 58, 35, 18, 97, 42, 38, 37, 98, 55, 31, 87, 47, 64, 99, 89, 52, 81, 83, 73, 43, 25, 30, 61, 74, 72, 100, 63, 77, 69, 95, 82, 92]项目工期为：343.0；项目成本为：129153.90000000002
染色体结构为:
[36, 13, 28, 34, 70, 65, 19, 24, 21, 94, 9, 2, 71, 88, 78, 7, 40, 50, 96, 45, 33, 16, 15, 29, 4, 20, 57, 27, 90, 8, 85, 6, 46, 3, 10, 49, 48, 32, 62, 56, 51, 80, 11, 12, 1, 44, 60, 66, 84, 22, 5, 41, 67, 39, 93, 68, 91, 79, 59, 17, 75, 53, 86, 54, 26, 14, 23, 76, 58, 35, 18, 97, 42, 38, 37, 98, 55, 31, 87, 47, 64, 99, 89, 52, 81, 83, 73, 25, 43, 30, 61, 74, 72, 100, 63, 77, 69, 95, 92, 82]项目工期为：369.0；项目成本为：125019.9
染色体结构为:
[34, 24, 28, 70, 21, 2, 65, 36, 7, 13, 57, 19, 71, 94, 88, 45, 50, 33, 9, 78, 29, 96, 40, 15, 46, 20, 6, 10, 49, 16, 3, 48, 32, 11, 56, 62, 51, 12, 80, 1, 66, 44, 5, 60, 22, 67, 68, 8, 4, 97, 90, 85, 17, 38, 27, 37, 35, 87, 53, 26, 55, 42, 91, 98, 23, 25, 54, 72, 76, 31, 39, 61, 43, 59, 84, 64, 58, 74, 47, 63, 18, 14, 86, 75, 79, 77, 73, 100, 52, 41, 93, 89, 99, 83, 30, 81, 69, 95, 82, 92]项目工期为：455.0；项目成本为：116438.3
染色体结构为:
[36, 7, 57, 13, 28, 65, 24, 19, 2, 71, 94, 88, 45, 50, 33, 9, 96, 78, 29, 40, 34, 15, 70, 46, 20, 6, 10, 16, 49, 32, 3, 48, 56, 11, 51, 62, 12, 1, 80, 44, 22, 66, 60, 21, 5, 67, 8, 68, 90, 4, 97, 85, 17, 27, 38, 37, 35, 87, 53, 26, 55, 98, 42, 91, 23, 25, 72, 54, 39, 31, 84, 76, 61, 43, 59, 64, 58, 47, 74, 63, 14, 79, 18, 75, 86, 77, 100, 73, 41, 93, 52, 89, 99, 83, 81, 30, 82, 95, 69, 92]项目工期为：454.0；项目成本为：116638.39999999998
染色体结构为:
[71, 65, 29, 96, 7, 16, 70, 15, 6, 40, 2, 46, 20, 3, 32, 49, 10, 33, 48, 57, 11, 56, 51, 12, 62, 34, 94, 1, 19, 80, 44, 66, 21, 9, 50, 22, 68, 60, 36, 5, 84, 28, 78, 67, 88, 41, 39, 27, 93, 4, 79, 54, 13, 91, 17, 86, 75, 53, 26, 90, 59, 14, 23, 76, 24, 45, 58, 35, 85, 37, 18, 42, 87, 31, 97, 47, 64, 38, 99, 52, 89, 73, 81, 8, 98, 83, 43, 25, 30, 61, 74, 55, 72, 100, 63, 77, 69, 82, 92, 95]项目工期为：322.0；项目成本为：132177.40000000002
染色体结构为:
[36, 57, 13, 65, 96, 7, 40, 29, 16, 15, 70, 71, 2, 19, 28, 88, 6, 46, 24, 94, 33, 34, 9, 26, 50, 78, 4, 45, 20, 10, 49, 32, 3, 56, 11, 48, 62, 12, 51, 1, 80, 44, 66, 22, 60, 21, 5, 67, 68, 8, 90, 97, 85, 27, 17, 37, 38, 35, 53, 87, 55, 98, 42, 23, 91, 25, 72, 54, 31, 39, 84, 61, 76, 43, 59, 64, 47, 58, 74, 63, 79, 14, 18, 75, 86, 77, 73, 41, 93, 52, 100, 89, 99, 83, 69, 81, 82, 30, 95, 92]项目工期为：465.0；项目成本为：115633.89999999998
染色体结构为:
[7, 36, 13, 57, 28, 65, 19, 2, 24, 71, 88, 94, 50, 45, 9, 33, 78, 96, 34, 29, 70, 40, 15, 46, 6, 20, 10, 16, 32, 49, 48, 3, 56, 11, 62, 51, 12, 1, 44, 80, 66, 22, 21, 60, 5, 68, 67, 8, 4, 90, 85, 97, 27, 37, 17, 35, 38, 87, 53, 26, 55, 98, 42, 91, 23, 25, 72, 54, 31, 76, 39, 61, 84, 43, 64, 59, 74, 58, 47, 63, 14, 18, 79, 86, 75, 77, 100, 73, 41, 52, 93, 89, 99, 83, 81, 30, 69, 95, 92, 82]项目工期为：395.0；项目成本为：121937.09999999998
染色体结构为:
[36, 57, 13, 65, 96, 7, 40, 29, 16, 15, 70, 71, 2, 19, 88, 28, 6, 46, 24, 94, 33, 34, 9, 50, 26, 78, 4, 45, 20, 10, 32, 3, 49, 56, 11, 48, 62, 12, 1, 51, 80, 44, 66, 60, 22, 21, 5, 67, 68, 8, 90, 97, 85, 27, 37, 17, 38, 35, 53, 55, 87, 98, 42, 23, 91, 25, 72, 54, 39, 31, 84, 61, 76, 43, 59, 64, 47, 74, 58, 63, 14, 79, 18, 75, 86, 77, 73, 41, 93, 52, 100, 89, 99, 83, 69, 81, 82, 30, 95, 92]项目工期为：449.0；项目成本为：116911.50000000001
染色体结构为:
[13, 36, 7, 65, 57, 28, 2, 71, 19, 24, 94, 88, 45, 50, 33, 9, 29, 78, 34, 96, 40, 70, 15, 46, 20, 6, 10, 49, 3, 32, 48, 16, 56, 11, 62, 12, 51, 1, 80, 44, 66, 22, 21, 60, 5, 68, 8, 67, 90, 4, 97, 85, 17, 27, 38, 35, 53, 37, 87, 55, 26, 42, 98, 23, 91, 25, 54, 72, 39, 76, 31, 61, 43, 84, 59, 74, 58, 64, 14, 18, 47, 63, 86, 77, 79, 75, 100, 41, 73, 99, 52, 81, 93, 83, 30, 89, 69, 82, 95, 92]项目工期为：384.0；项目成本为：123645.50000000001
染色体结构为:
[28, 70, 34, 36, 57, 13, 96, 65, 29, 7, 40, 15, 16, 71, 2, 19, 6, 88, 94, 46, 24, 33, 9, 78, 26, 50, 45, 4, 8, 85, 90, 27, 68, 1, 17, 60, 38, 97, 35, 62, 10, 53, 37, 87, 20, 55, 5, 91, 98, 42, 51, 21, 23, 25, 49, 3, 48, 72, 31, 66, 32, 56, 11, 12, 80, 44, 22, 67, 39, 76, 54, 61, 43, 64, 84, 59, 74, 63, 58, 14, 47, 18, 79, 75, 73, 77, 41, 100, 86, 93, 99, 52, 83, 30, 69, 81, 95, 89, 92, 82]项目工期为：525.0；项目成本为：110611.8
染色体结构为:
[36, 13, 57, 65, 96, 7, 29, 40, 16, 15, 70, 71, 2, 19, 6, 28, 88, 46, 94, 24, 33, 9, 34, 78, 26, 50, 4, 45, 8, 85, 90, 68, 27, 17, 1, 97, 38, 60, 35, 62, 10, 53, 37, 87, 20, 55, 98, 5, 21, 91, 42, 51, 23, 25, 49, 48, 3, 72, 66, 31, 12, 32, 11, 56, 80, 54, 44, 22, 76, 84, 39, 67, 61, 43, 63, 59, 74, 64, 58, 47, 79, 14, 77, 18, 75, 86, 100, 41, 73, 99, 52, 93, 81, 83, 30, 89, 69, 95, 82, 92]项目工期为：617.0；项目成本为：106262.09999999999
染色体结构为:
[36, 7, 13, 28, 57, 65, 19, 24, 94, 2, 71, 88, 45, 50, 33, 96, 9, 78, 29, 40, 34, 70, 15, 20, 6, 46, 16, 10, 49, 32, 3, 48, 56, 51, 12, 11, 62, 44, 1, 80, 66, 22, 21, 5, 60, 67, 4, 8, 85, 68, 97, 90, 27, 17, 38, 37, 35, 87, 55, 53, 98, 26, 42, 23, 91, 72, 25, 39, 54, 31, 76, 61, 43, 84, 59, 64, 74, 63, 14, 58, 79, 47, 75, 18, 73, 100, 41, 77, 99, 86, 93, 52, 89, 83, 81, 30, 69, 95, 82, 92]项目工期为：498.0；项目成本为：112687.7
染色体结构为:
[34, 28, 24, 21, 94, 70, 65, 2, 19, 13, 36, 57, 96, 7, 29, 40, 16, 15, 71, 46, 88, 6, 33, 9, 78, 26, 50, 4, 45, 8, 85, 90, 68, 27, 1, 38, 17, 60, 97, 10, 35, 62, 37, 53, 87, 55, 20, 5, 98, 91, 23, 42, 25, 49, 51, 72, 3, 48, 31, 32, 56, 12, 66, 80, 44, 11, 54, 84, 22, 76, 39, 67, 61, 64, 43, 74, 59, 58, 63, 14, 47, 79, 18, 75, 77, 86, 73, 41, 100, 93, 99, 52, 69, 83, 81, 92, 95, 30, 82, 89]项目工期为：566.0；项目成本为：108636.90000000001
染色体结构为:
[36, 57, 65, 13, 96, 29, 7, 40, 15, 16, 70, 71, 19, 2, 28, 6, 94, 88, 46, 24, 33, 78, 9, 34, 26, 50, 45, 4, 85, 8, 90, 27, 1, 68, 38, 17, 97, 60, 62, 35, 10, 37, 53, 87, 20, 55, 91, 98, 5, 42, 21, 51, 23, 25, 49, 48, 72, 3, 31, 66, 32, 56, 11, 12, 44, 80, 22, 67, 54, 39, 76, 61, 64, 43, 84, 74, 59, 63, 14, 47, 58, 18, 75, 79, 77, 73, 86, 41, 100, 99, 93, 52, 83, 69, 81, 30, 95, 89, 92, 82]项目工期为：597.0；项目成本为：106877.29999999999
染色体结构为:
[36, 57, 13, 65, 96, 7, 29, 40, 15, 16, 70, 71, 2, 19, 28, 6, 88, 94, 46, 24, 33, 9, 34, 78, 26, 50, 45, 4, 8, 90, 85, 27, 68, 1, 17, 38, 97, 35, 60, 62, 10, 37, 53, 87, 20, 55, 91, 5, 98, 42, 21, 51, 23, 25, 49, 48, 3, 72, 31, 66, 32, 56, 11, 12, 44, 80, 22, 67, 54, 39, 76, 61, 43, 64, 84, 74, 59, 63, 14, 58, 18, 47, 79, 75, 77, 73, 41, 86, 100, 93, 99, 83, 52, 69, 30, 81, 95, 89, 92, 82]项目工期为：569.0；项目成本为：108178.99999999999
染色体结构为:
[36, 57, 13, 65, 96, 7, 29, 40, 15, 16, 70, 71, 2, 19, 6, 28, 94, 88, 46, 24, 33, 34, 9, 78, 26, 50, 45, 4, 8, 90, 27, 68, 85, 1, 17, 38, 97, 35, 60, 62, 10, 37, 53, 87, 20, 55, 91, 5, 98, 42, 21, 51, 23, 25, 49, 48, 3, 72, 31, 66, 32, 56, 11, 12, 44, 80, 22, 67, 39, 54, 76, 61, 43, 64, 84, 59, 74, 63, 58, 14, 18, 47, 79, 75, 77, 73, 86, 41, 100, 93, 99, 83, 52, 69, 30, 95, 81, 89, 92, 82]项目工期为：579.0；项目成本为：107739.19999999998
染色体结构为:
[36, 13, 57, 96, 65, 29, 40, 15, 7, 16, 71, 70, 2, 28, 46, 19, 6, 88, 24, 9, 94, 33, 34, 26, 78, 4, 50, 90, 45, 68, 85, 27, 8, 1, 17, 38, 60, 97, 35, 10, 62, 87, 37, 53, 20, 5, 55, 98, 3, 32, 49, 48, 56, 11, 12, 51, 44, 21, 22, 80, 66, 67, 42, 23, 91, 25, 54, 72, 39, 76, 31, 43, 84, 61, 64, 59, 58, 47, 63, 18, 74, 14, 86, 75, 79, 73, 100, 77, 41, 52, 93, 99, 89, 83, 81, 30, 92, 69, 82, 95]项目工期为：476.0；项目成本为：114333.3
染色体结构为:
[28, 34, 70, 24, 65, 94, 71, 21, 2, 9, 88, 19, 7, 78, 40, 50, 45, 33, 29, 96, 16, 15, 36, 57, 20, 4, 13, 90, 8, 85, 10, 27, 46, 6, 49, 3, 48, 32, 62, 56, 11, 51, 80, 12, 1, 44, 60, 84, 66, 67, 5, 22, 41, 39, 68, 93, 91, 79, 59, 75, 17, 53, 86, 26, 23, 54, 76, 35, 58, 14, 97, 18, 37, 38, 42, 55, 98, 72, 31, 87, 25, 43, 61, 64, 63, 74, 47, 73, 77, 100, 99, 52, 81, 89, 83, 30, 69, 82, 95, 92]项目工期为：344.0；项目成本为：128719.69999999998
染色体结构为:
[13, 36, 65, 7, 28, 57, 2, 71, 19, 94, 88, 24, 45, 50, 33, 9, 78, 29, 34, 96, 40, 70, 15, 20, 46, 10, 6, 49, 3, 48, 32, 16, 56, 11, 62, 12, 51, 1, 80, 44, 66, 21, 22, 60, 5, 68, 8, 90, 67, 4, 97, 85, 17, 38, 35, 27, 53, 37, 87, 55, 26, 98, 42, 23, 91, 25, 72, 54, 39, 76, 31, 61, 84, 43, 59, 74, 58, 64, 14, 47, 18, 63, 86, 79, 77, 73, 75, 41, 93, 100, 52, 99, 83, 89, 81, 30, 69, 95, 82, 92]项目工期为：378.0；项目成本为：124264.40000000001
染色体结构为:
[13, 36, 57, 7, 8, 90, 4, 96, 2, 94, 40, 29, 27, 85, 50, 28, 68, 34, 60, 70, 21, 65, 24, 9, 71, 19, 88, 33, 78, 45, 16, 15, 20, 6, 46, 3, 10, 49, 48, 56, 32, 62, 11, 80, 51, 12, 1, 44, 66, 5, 22, 84, 67, 41, 39, 75, 91, 93, 17, 79, 54, 59, 53, 86, 26, 76, 23, 18, 42, 14, 58, 35, 37, 31, 87, 64, 47, 99, 97, 38, 52, 89, 81, 73, 98, 83, 43, 55, 61, 25, 30, 74, 72, 63, 100, 77, 82, 69, 92, 95]项目工期为：342.0；项目成本为：129199.99999999997
染色体结构为:
[36, 57, 13, 65, 7, 96, 29, 40, 15, 16, 70, 71, 19, 2, 28, 6, 94, 46, 24, 88, 33, 78, 9, 34, 26, 45, 50, 4, 85, 8, 90, 27, 68, 1, 17, 38, 97, 60, 35, 10, 62, 37, 53, 87, 20, 55, 91, 98, 5, 42, 51, 21, 23, 25, 49, 48, 3, 72, 31, 66, 32, 56, 11, 12, 44, 80, 22, 67, 54, 39, 76, 61, 43, 64, 74, 84, 63, 59, 14, 58, 47, 18, 79, 75, 77, 86, 73, 100, 41, 93, 99, 52, 83, 69, 30, 81, 89, 95, 92, 82]项目工期为：570.0；项目成本为：108051.8
染色体结构为:
[36, 57, 13, 29, 96, 40, 65, 7, 71, 16, 6, 70, 2, 15, 21, 88, 34, 5, 20, 3, 10, 46, 51, 49, 56, 32, 48, 11, 12, 62, 33, 80, 19, 94, 1, 50, 66, 68, 9, 44, 22, 60, 84, 67, 28, 78, 41, 27, 4, 39, 93, 91, 75, 79, 17, 53, 54, 26, 90, 86, 77, 59, 23, 14, 85, 64, 18, 24, 8, 82, 31, 76, 61, 43, 74, 63, 58, 98, 97, 35, 38, 55, 42, 47, 87, 37, 89, 52, 45, 73, 83, 69, 81, 25, 72, 92, 100, 30, 95, 99]项目工期为：305.0；项目成本为：134906.40000000002
染色体结构为:
[36, 7, 13, 57, 28, 65, 19, 24, 2, 71, 94, 88, 45, 50, 33, 9, 96, 78, 29, 34, 40, 70, 15, 46, 20, 6, 10, 16, 49, 32, 3, 48, 56, 11, 51, 62, 12, 1, 80, 44, 22, 66, 60, 21, 5, 67, 68, 8, 90, 4, 97, 85, 17, 27, 38, 37, 35, 87, 53, 26, 55, 98, 42, 91, 23, 25, 72, 39, 54, 84, 31, 76, 61, 59, 43, 64, 58, 74, 47, 14, 79, 63, 18, 75, 86, 77, 73, 100, 41, 93, 52, 89, 99, 83, 81, 30, 69, 82, 95, 92]项目工期为：462.0；项目成本为：115938.49999999997
染色体结构为:
[36, 7, 13, 28, 57, 65, 19, 24, 2, 71, 88, 94, 50, 45, 9, 33, 78, 96, 29, 34, 40, 70, 15, 46, 20, 6, 10, 16, 49, 32, 3, 56, 48, 11, 62, 12, 51, 1, 44, 66, 22, 80, 21, 60, 5, 67, 68, 8, 90, 4, 85, 97, 27, 17, 38, 37, 35, 87, 53, 55, 26, 98, 42, 91, 23, 25, 72, 54, 39, 31, 76, 61, 84, 59, 43, 64, 74, 58, 47, 63, 14, 18, 79, 75, 86, 77, 73, 100, 41, 52, 93, 89, 99, 83, 81, 30, 69, 95, 82, 92]项目工期为：451.0；项目成本为：116735.99999999997
染色体结构为:
[36, 28, 24, 2, 65, 19, 94, 9, 71, 33, 78, 45, 7, 88, 34, 40, 26, 16, 58, 18, 50, 10, 76, 85, 57, 62, 35, 68, 32, 29, 44, 42, 6, 37, 27, 13, 20, 70, 4, 90, 87, 11, 31, 23, 66, 12, 64, 47, 48, 59, 5, 97, 60, 67, 99, 3, 46, 51, 80, 21, 38, 1, 96, 89, 39, 52, 49, 14, 81, 73, 91, 98, 86, 15, 8, 17, 56, 84, 41, 22, 79, 75, 93, 53, 54, 83, 43, 61, 25, 30, 55, 74, 63, 72, 100, 69, 77, 95, 92, 82]项目工期为：301.0；项目成本为：135859.00000000003
染色体结构为:
[28, 24, 70, 34, 21, 2, 65, 9, 94, 19, 78, 71, 33, 88, 40, 45, 7, 29, 16, 50, 36, 96, 57, 15, 20, 4, 13, 90, 46, 85, 27, 8, 10, 3, 49, 56, 6, 32, 48, 51, 62, 12, 11, 1, 80, 60, 66, 84, 44, 5, 41, 67, 22, 39, 93, 68, 91, 75, 79, 54, 17, 59, 53, 26, 86, 76, 14, 58, 23, 18, 35, 97, 42, 37, 55, 72, 38, 25, 98, 87, 43, 31, 61, 64, 74, 47, 63, 77, 100, 73, 99, 52, 89, 30, 81, 83, 92, 69, 95, 82]项目工期为：402.0；项目成本为：121642.6
染色体结构为:
[36, 57, 13, 65, 96, 40, 7, 29, 16, 15, 70, 71, 2, 19, 28, 6, 88, 8, 90, 4, 94, 27, 85, 50, 68, 34, 60, 21, 24, 9, 78, 33, 45, 20, 46, 3, 10, 49, 32, 48, 62, 56, 11, 51, 80, 12, 1, 44, 5, 66, 84, 67, 22, 41, 39, 93, 75, 91, 17, 79, 54, 59, 53, 26, 86, 76, 23, 18, 58, 42, 14, 35, 37, 31, 87, 64, 97, 47, 99, 38, 89, 52, 81, 98, 83, 73, 43, 25, 61, 55, 30, 74, 72, 63, 100, 77, 82, 69, 92, 95]项目工期为：335.0；项目成本为：129929.59999999998
染色体结构为:
[36, 24, 28, 2, 65, 19, 94, 71, 33, 9, 78, 7, 45, 88, 34, 26, 40, 16, 58, 50, 18, 10, 85, 76, 57, 62, 68, 35, 29, 32, 44, 6, 42, 37, 13, 27, 20, 70, 4, 87, 11, 90, 31, 23, 66, 12, 64, 48, 47, 59, 5, 97, 60, 67, 99, 3, 46, 21, 51, 80, 1, 96, 38, 49, 89, 39, 52, 14, 81, 73, 91, 86, 98, 8, 15, 17, 56, 84, 41, 22, 79, 75, 93, 53, 54, 83, 43, 25, 61, 30, 55, 63, 74, 72, 100, 69, 77, 82, 95, 92]项目工期为：300.0；项目成本为：136250.80000000002
染色体结构为:
[34, 28, 24, 70, 21, 2, 94, 65, 9, 19, 71, 78, 88, 7, 33, 40, 45, 29, 50, 96, 16, 36, 15, 20, 57, 13, 4, 90, 46, 27, 8, 85, 3, 49, 6, 10, 32, 48, 56, 51, 62, 11, 12, 80, 1, 66, 44, 84, 60, 5, 41, 22, 67, 68, 39, 91, 75, 79, 93, 17, 54, 59, 53, 26, 76, 86, 23, 14, 58, 35, 18, 42, 97, 38, 55, 72, 37, 87, 25, 98, 31, 64, 61, 74, 43, 47, 63, 77, 100, 73, 52, 83, 99, 69, 81, 30, 82, 89, 95, 92]项目工期为：421.0；项目成本为：119289.59999999999
染色体结构为:
[28, 34, 57, 70, 13, 36, 65, 96, 40, 7, 29, 15, 16, 71, 19, 6, 2, 94, 88, 46, 24, 33, 78, 9, 26, 50, 45, 85, 27, 4, 8, 90, 1, 68, 38, 17, 60, 97, 35, 62, 10, 53, 37, 87, 20, 91, 55, 98, 42, 5, 51, 21, 23, 25, 49, 3, 48, 31, 72, 32, 66, 56, 11, 12, 44, 22, 80, 54, 67, 39, 76, 61, 43, 64, 74, 59, 84, 63, 14, 58, 47, 18, 79, 77, 75, 73, 41, 86, 100, 93, 52, 99, 83, 81, 30, 69, 95, 89, 92, 82]项目工期为：547.0；项目成本为：108954.0
染色体结构为:
[13, 36, 57, 96, 40, 65, 29, 15, 16, 7, 70, 71, 2, 28, 46, 19, 6, 88, 94, 24, 33, 9, 78, 34, 26, 4, 45, 50, 8, 85, 90, 27, 68, 1, 38, 17, 60, 97, 10, 35, 62, 53, 37, 87, 20, 55, 5, 98, 3, 32, 49, 48, 11, 56, 12, 51, 80, 44, 22, 66, 21, 67, 42, 23, 72, 54, 25, 91, 39, 76, 84, 61, 31, 64, 59, 43, 74, 63, 58, 14, 47, 79, 18, 75, 77, 86, 73, 41, 93, 100, 99, 52, 69, 83, 81, 30, 92, 89, 95, 82]项目工期为：509.0；项目成本为：112115.79999999999
染色体结构为:
[36, 13, 57, 65, 96, 40, 7, 29, 15, 16, 70, 2, 71, 28, 6, 19, 94, 88, 46, 24, 33, 34, 9, 78, 26, 50, 45, 4, 8, 27, 90, 68, 85, 1, 17, 38, 97, 35, 60, 62, 10, 37, 53, 87, 55, 20, 91, 5, 98, 21, 42, 51, 23, 25, 49, 48, 3, 72, 31, 66, 32, 56, 11, 12, 44, 80, 22, 67, 39, 76, 54, 61, 43, 64, 84, 59, 74, 63, 58, 14, 18, 47, 79, 75, 77, 73, 86, 41, 100, 93, 99, 83, 52, 69, 30, 95, 81, 89, 92, 82]项目工期为：593.0；项目成本为：106948.19999999998
染色体结构为:
[36, 24, 28, 2, 65, 19, 94, 71, 33, 9, 78, 7, 45, 88, 34, 26, 40, 16, 58, 50, 18, 10, 85, 76, 57, 62, 68, 35, 29, 32, 44, 6, 42, 37, 13, 27, 70, 20, 4, 11, 87, 90, 31, 23, 66, 12, 64, 48, 47, 5, 59, 97, 60, 67, 99, 3, 46, 21, 51, 80, 1, 96, 38, 49, 89, 39, 52, 14, 81, 73, 91, 86, 98, 8, 15, 17, 56, 84, 41, 22, 79, 75, 93, 53, 54, 83, 43, 25, 30, 61, 55, 63, 74, 72, 100, 69, 77, 82, 95, 92]项目工期为：302.0；项目成本为：135460.60000000003
染色体结构为:
[34, 21, 24, 28, 94, 70, 65, 2, 19, 13, 57, 36, 96, 7, 29, 40, 16, 15, 71, 46, 88, 6, 33, 78, 9, 26, 50, 4, 8, 45, 90, 85, 1, 68, 27, 38, 17, 60, 97, 10, 35, 62, 37, 87, 55, 53, 5, 20, 91, 42, 98, 23, 25, 49, 72, 51, 3, 31, 56, 32, 48, 12, 66, 44, 80, 54, 11, 22, 67, 39, 76, 61, 84, 64, 43, 74, 59, 63, 58, 14, 47, 79, 18, 75, 77, 86, 41, 93, 73, 100, 99, 52, 69, 83, 81, 30, 92, 95, 82, 89]项目工期为：553.0；项目成本为：108841.1
染色体结构为:
[7, 36, 57, 13, 8, 4, 96, 2, 90, 94, 40, 85, 29, 34, 50, 28, 70, 21, 24, 19, 9, 65, 88, 71, 33, 78, 45, 16, 20, 15, 27, 46, 6, 3, 10, 49, 32, 56, 51, 62, 11, 48, 80, 12, 66, 1, 44, 60, 22, 5, 68, 84, 67, 41, 93, 91, 39, 79, 75, 53, 54, 17, 59, 86, 76, 14, 58, 23, 26, 18, 35, 42, 37, 47, 87, 31, 97, 64, 99, 38, 52, 81, 73, 89, 83, 43, 25, 30, 98, 61, 72, 74, 55, 63, 100, 95, 77, 69, 82, 92]项目工期为：331.0；项目成本为：130405.6
染色体结构为:
[36, 7, 13, 57, 28, 65, 19, 24, 2, 71, 94, 88, 45, 50, 33, 96, 9, 78, 29, 40, 34, 70, 15, 46, 20, 6, 10, 16, 49, 32, 3, 48, 56, 11, 62, 51, 1, 12, 80, 66, 44, 60, 21, 22, 5, 67, 68, 90, 8, 4, 97, 85, 17, 27, 38, 37, 35, 87, 26, 98, 53, 55, 42, 91, 23, 25, 72, 54, 39, 84, 31, 76, 61, 64, 59, 43, 58, 47, 74, 14, 63, 18, 79, 75, 86, 77, 100, 73, 41, 93, 52, 89, 99, 83, 81, 30, 69, 82, 95, 92]项目工期为：474.0；项目成本为：114913.09999999998
染色体结构为:
[28, 34, 24, 70, 21, 65, 2, 9, 94, 78, 71, 88, 19, 7, 40, 33, 50, 45, 29, 96, 36, 16, 15, 20, 13, 57, 4, 90, 27, 8, 46, 85, 3, 10, 6, 49, 32, 56, 48, 51, 62, 12, 11, 1, 80, 66, 60, 44, 84, 5, 22, 41, 67, 39, 68, 93, 75, 91, 17, 54, 59, 79, 26, 53, 86, 76, 23, 14, 58, 35, 42, 18, 97, 55, 37, 72, 38, 87, 25, 98, 31, 64, 43, 61, 74, 63, 100, 47, 77, 73, 52, 99, 83, 81, 69, 30, 89, 82, 92, 95]项目工期为：448.0；项目成本为：117043.30000000002
染色体结构为:
[36, 13, 7, 57, 28, 65, 19, 24, 2, 88, 71, 94, 50, 45, 33, 9, 78, 96, 29, 40, 34, 70, 15, 20, 46, 10, 49, 6, 16, 32, 3, 48, 11, 4, 56, 8, 90, 26, 68, 27, 1, 85, 60, 12, 62, 80, 51, 44, 22, 66, 5, 21, 67, 97, 17, 38, 37, 35, 53, 55, 98, 87, 91, 23, 42, 25, 72, 39, 54, 76, 31, 61, 84, 59, 43, 64, 58, 18, 74, 47, 89, 99, 52, 73, 81, 86, 14, 79, 75, 41, 93, 83, 30, 63, 77, 69, 100, 95, 82, 92]项目工期为：357.0；项目成本为：127169.00000000001
染色体结构为:
[71, 29, 65, 96, 40, 16, 7, 36, 57, 13, 94, 4, 15, 90, 8, 17, 2, 27, 11, 68, 54, 84, 48, 10, 39, 78, 76, 50, 31, 64, 20, 44, 46, 91, 67, 34, 61, 28, 23, 6, 21, 1, 60, 58, 74, 51, 43, 22, 12, 3, 49, 55, 88, 63, 98, 70, 59, 53, 97, 14, 56, 5, 26, 62, 79, 85, 33, 35, 18, 42, 47, 38, 24, 19, 75, 87, 89, 37, 80, 52, 45, 66, 77, 69, 73, 83, 25, 81, 72, 86, 9, 82, 41, 32, 30, 99, 93, 100, 95, 92]项目工期为：280.0；项目成本为：140114.4
染色体结构为:
[65, 71, 96, 7, 16, 70, 15, 40, 6, 29, 2, 46, 49, 20, 3, 10, 11, 32, 48, 33, 56, 57, 51, 34, 12, 62, 1, 19, 66, 94, 80, 21, 44, 9, 68, 50, 22, 60, 5, 36, 78, 84, 67, 88, 28, 39, 41, 27, 4, 93, 54, 79, 91, 13, 17, 53, 86, 75, 59, 26, 76, 23, 90, 14, 24, 45, 58, 85, 35, 42, 18, 37, 87, 47, 31, 97, 99, 38, 98, 8, 55, 72, 25, 43, 61, 74, 63, 64, 77, 52, 81, 89, 73, 83, 30, 82, 95, 92, 69, 100]项目工期为：311.0；项目成本为：134282.10000000003
染色体结构为:
[34, 28, 70, 24, 2, 21, 65, 9, 94, 19, 71, 88, 78, 7, 33, 40, 45, 29, 50, 96, 16, 15, 36, 20, 13, 57, 4, 46, 90, 27, 8, 85, 49, 3, 10, 6, 32, 48, 56, 51, 11, 62, 12, 66, 80, 1, 60, 44, 84, 5, 22, 41, 67, 68, 39, 93, 91, 75, 79, 17, 54, 59, 53, 26, 86, 76, 23, 14, 58, 35, 18, 42, 97, 55, 38, 37, 72, 98, 87, 25, 31, 64, 61, 43, 74, 47, 100, 77, 63, 52, 73, 83, 69, 99, 81, 30, 89, 82, 95, 92]项目工期为：403.0；项目成本为：121091.8
染色体结构为:
[7, 36, 57, 13, 90, 8, 94, 27, 4, 40, 96, 2, 17, 68, 15, 31, 54, 11, 39, 10, 48, 84, 71, 76, 50, 44, 20, 78, 34, 64, 91, 46, 67, 61, 28, 65, 1, 23, 6, 43, 21, 58, 74, 22, 51, 60, 49, 12, 88, 16, 29, 3, 63, 55, 70, 98, 59, 97, 26, 53, 56, 14, 5, 62, 85, 79, 33, 32, 19, 66, 9, 41, 80, 75, 93, 86, 24, 18, 77, 47, 87, 82, 35, 99, 37, 45, 38, 52, 42, 73, 25, 92, 89, 83, 30, 81, 100, 72, 69, 95]项目工期为：261.0；项目成本为：143744.20000000004
染色体结构为:
[34, 28, 24, 70, 21, 2, 94, 65, 9, 19, 71, 78, 7, 88, 33, 40, 45, 29, 50, 96, 16, 36, 15, 20, 13, 57, 4, 90, 46, 27, 85, 8, 3, 49, 6, 10, 32, 48, 56, 51, 62, 11, 12, 80, 1, 66, 44, 60, 84, 5, 41, 22, 67, 68, 39, 91, 79, 75, 93, 17, 54, 59, 53, 26, 86, 76, 23, 14, 58, 35, 18, 97, 42, 55, 38, 72, 37, 87, 98, 25, 64, 31, 61, 74, 43, 63, 47, 77, 100, 52, 73, 83, 99, 69, 81, 30, 89, 82, 95, 92]项目工期为：435.0；项目成本为：117787.2
染色体结构为:
[36, 13, 57, 96, 65, 40, 7, 29, 16, 15, 71, 70, 2, 19, 28, 6, 88, 46, 94, 24, 33, 9, 34, 78, 26, 50, 4, 85, 45, 8, 90, 27, 68, 1, 97, 17, 38, 60, 35, 62, 37, 10, 53, 20, 87, 55, 98, 5, 21, 91, 42, 51, 23, 25, 49, 48, 3, 72, 66, 12, 32, 11, 31, 56, 80, 54, 76, 44, 22, 84, 39, 67, 43, 61, 63, 74, 59, 64, 79, 58, 47, 14, 77, 18, 75, 86, 41, 100, 73, 99, 52, 81, 93, 83, 30, 82, 89, 69, 95, 92]项目工期为：669.0；项目成本为：104571.59999999999
染色体结构为:
[13, 36, 57, 96, 65, 40, 29, 15, 7, 16, 70, 28, 71, 2, 46, 19, 6, 88, 24, 94, 33, 78, 9, 34, 4, 26, 45, 8, 50, 85, 90, 27, 68, 38, 1, 17, 60, 35, 97, 10, 62, 53, 87, 37, 55, 20, 98, 5, 3, 49, 32, 56, 48, 11, 44, 12, 51, 22, 80, 66, 21, 67, 72, 42, 23, 91, 54, 25, 39, 76, 61, 31, 64, 84, 74, 43, 59, 63, 14, 58, 47, 79, 75, 18, 86, 77, 73, 41, 93, 99, 100, 52, 69, 83, 30, 81, 92, 95, 82, 89]项目工期为：510.0；项目成本为：111943.8
染色体结构为:
[36, 57, 13, 65, 96, 7, 29, 40, 15, 70, 16, 71, 19, 6, 2, 28, 94, 88, 46, 24, 33, 78, 34, 9, 26, 50, 45, 4, 85, 8, 27, 68, 90, 1, 17, 38, 97, 60, 35, 10, 62, 37, 53, 87, 20, 55, 98, 91, 42, 5, 21, 51, 23, 25, 3, 49, 48, 31, 72, 66, 32, 11, 56, 12, 44, 80, 22, 39, 67, 54, 76, 61, 43, 64, 84, 74, 59, 63, 14, 58, 47, 18, 79, 75, 77, 86, 73, 41, 100, 93, 99, 52, 83, 69, 30, 81, 95, 89, 92, 82]项目工期为：523.0；项目成本为：110792.79999999999
染色体结构为:
[36, 13, 57, 29, 96, 40, 70, 65, 71, 7, 16, 46, 28, 15, 2, 6, 88, 19, 24, 9, 94, 33, 34, 78, 4, 50, 26, 8, 45, 68, 85, 90, 60, 27, 1, 17, 38, 97, 35, 62, 10, 21, 37, 53, 20, 87, 5, 55, 98, 3, 32, 56, 48, 11, 49, 44, 51, 12, 80, 22, 66, 67, 23, 42, 72, 91, 54, 25, 39, 76, 31, 61, 64, 43, 74, 84, 59, 63, 14, 47, 58, 79, 18, 75, 77, 73, 86, 41, 100, 99, 52, 93, 69, 83, 30, 92, 81, 95, 89, 82]项目工期为：527.0；项目成本为：110190.1
染色体结构为:
[36, 13, 7, 57, 28, 65, 19, 24, 2, 71, 88, 94, 50, 45, 9, 78, 33, 96, 34, 29, 70, 40, 15, 46, 20, 6, 10, 16, 49, 32, 48, 3, 56, 11, 62, 51, 12, 1, 44, 80, 66, 22, 60, 5, 21, 67, 8, 68, 4, 90, 85, 97, 27, 17, 38, 37, 35, 87, 53, 26, 55, 98, 42, 91, 23, 25, 72, 54, 31, 76, 39, 61, 84, 43, 59, 64, 74, 58, 47, 14, 63, 18, 79, 75, 86, 77, 100, 73, 52, 41, 93, 89, 99, 83, 81, 30, 69, 95, 92, 82]项目工期为：401.0；项目成本为：121665.79999999997
染色体结构为:
[7, 36, 13, 57, 28, 65, 19, 2, 24, 88, 94, 71, 50, 45, 9, 33, 78, 96, 34, 29, 70, 40, 15, 46, 6, 20, 10, 16, 32, 49, 48, 3, 56, 62, 11, 51, 12, 1, 44, 80, 66, 22, 21, 60, 5, 67, 68, 8, 4, 90, 85, 97, 27, 37, 17, 35, 87, 53, 38, 55, 26, 98, 42, 91, 23, 25, 72, 31, 54, 39, 76, 61, 84, 43, 59, 74, 58, 64, 47, 63, 18, 79, 14, 75, 86, 77, 73, 41, 100, 52, 93, 99, 89, 83, 81, 30, 82, 69, 92, 95]项目工期为：392.0；项目成本为：122949.59999999996
染色体结构为:
[13, 36, 57, 96, 65, 40, 29, 15, 7, 16, 70, 71, 28, 2, 46, 19, 6, 94, 88, 9, 33, 78, 24, 34, 4, 26, 45, 50, 8, 85, 27, 68, 90, 38, 1, 17, 60, 97, 35, 10, 62, 53, 87, 37, 55, 20, 5, 98, 3, 49, 32, 48, 56, 11, 12, 44, 51, 22, 80, 66, 21, 67, 72, 42, 23, 91, 25, 54, 39, 76, 61, 31, 64, 84, 74, 43, 63, 59, 58, 47, 14, 79, 75, 86, 18, 77, 73, 41, 93, 100, 99, 52, 69, 83, 81, 30, 95, 92, 82, 89]项目工期为：520.0；项目成本为：110859.8
染色体结构为:
[28, 34, 70, 24, 65, 21, 94, 2, 19, 9, 71, 88, 78, 7, 50, 45, 40, 33, 96, 29, 16, 15, 36, 20, 57, 4, 13, 90, 27, 8, 85, 10, 46, 6, 3, 49, 48, 32, 62, 56, 11, 51, 12, 80, 1, 44, 60, 66, 84, 5, 67, 41, 22, 68, 93, 39, 91, 79, 59, 75, 17, 86, 53, 54, 26, 23, 76, 14, 35, 58, 18, 97, 42, 38, 37, 55, 98, 72, 87, 31, 25, 64, 43, 61, 74, 63, 47, 77, 100, 73, 99, 52, 81, 89, 83, 30, 69, 82, 95, 92]项目工期为：373.0；项目成本为：124890.40000000001
染色体结构为:
[28, 34, 24, 70, 21, 65, 2, 9, 94, 78, 71, 88, 19, 40, 7, 33, 50, 45, 29, 96, 36, 16, 15, 20, 57, 13, 4, 90, 27, 8, 46, 85, 3, 10, 6, 49, 56, 32, 48, 11, 51, 62, 12, 1, 44, 66, 22, 80, 60, 5, 67, 68, 17, 97, 38, 37, 35, 87, 53, 55, 26, 98, 42, 91, 23, 25, 54, 72, 31, 39, 76, 61, 84, 59, 43, 64, 74, 58, 47, 63, 14, 18, 79, 75, 86, 77, 73, 100, 41, 52, 93, 89, 99, 83, 81, 30, 69, 95, 82, 92]项目工期为：461.0；项目成本为：116399.59999999998
染色体结构为:
[34, 28, 70, 21, 24, 65, 19, 94, 9, 2, 71, 88, 78, 7, 40, 50, 45, 96, 33, 16, 15, 36, 29, 4, 20, 13, 57, 27, 8, 90, 10, 85, 6, 3, 46, 49, 48, 32, 62, 51, 11, 56, 80, 12, 1, 44, 60, 66, 84, 5, 22, 41, 67, 68, 39, 93, 91, 75, 79, 59, 17, 53, 54, 86, 26, 14, 23, 76, 58, 35, 18, 97, 42, 38, 98, 37, 87, 31, 55, 47, 64, 99, 89, 52, 81, 73, 83, 43, 25, 30, 61, 74, 72, 100, 77, 63, 69, 95, 82, 92]项目工期为：362.0；项目成本为：126079.7
染色体结构为:
[36, 57, 13, 29, 96, 40, 65, 7, 71, 16, 6, 70, 2, 15, 21, 88, 34, 5, 3, 20, 46, 10, 51, 49, 32, 56, 48, 11, 12, 62, 33, 80, 94, 19, 1, 50, 66, 68, 9, 44, 60, 22, 84, 67, 28, 78, 41, 27, 4, 39, 93, 91, 75, 79, 17, 53, 54, 26, 90, 77, 86, 59, 14, 23, 85, 64, 18, 24, 8, 82, 31, 76, 43, 61, 74, 63, 58, 98, 35, 97, 55, 38, 42, 47, 37, 87, 89, 52, 45, 73, 83, 69, 81, 25, 72, 92, 100, 30, 95, 99]项目工期为：306.0；项目成本为：134844.6
染色体结构为:
[34, 28, 24, 70, 21, 65, 2, 9, 94, 71, 78, 19, 88, 7, 33, 40, 50, 45, 29, 96, 36, 15, 16, 20, 13, 57, 4, 90, 27, 46, 85, 8, 10, 3, 6, 49, 32, 48, 56, 51, 62, 11, 12, 1, 80, 60, 66, 44, 5, 84, 41, 22, 39, 67, 68, 93, 75, 91, 17, 54, 59, 79, 26, 53, 76, 86, 23, 14, 58, 35, 18, 42, 97, 55, 37, 38, 72, 87, 25, 98, 64, 31, 43, 61, 74, 63, 47, 100, 77, 73, 83, 52, 99, 69, 81, 30, 82, 89, 92, 95]项目工期为：426.0；项目成本为：119025.30000000002
染色体结构为:
[36, 13, 57, 65, 96, 7, 29, 40, 16, 15, 70, 71, 2, 19, 6, 28, 88, 46, 94, 24, 33, 9, 34, 78, 26, 50, 4, 45, 8, 85, 90, 68, 27, 17, 1, 97, 38, 60, 35, 62, 10, 53, 37, 20, 87, 55, 98, 21, 5, 91, 51, 42, 23, 25, 49, 48, 3, 72, 66, 31, 12, 32, 11, 56, 80, 54, 44, 22, 76, 84, 39, 67, 61, 43, 63, 59, 74, 64, 58, 47, 79, 14, 77, 18, 75, 86, 100, 41, 73, 99, 52, 93, 81, 83, 30, 69, 95, 82, 89, 92]项目工期为：615.0；项目成本为：106562.8
染色体结构为:
[65, 29, 71, 7, 96, 70, 40, 57, 36, 8, 13, 94, 90, 4, 27, 68, 2, 15, 17, 3, 16, 48, 20, 6, 46, 10, 32, 49, 11, 51, 33, 56, 12, 62, 34, 19, 80, 50, 66, 21, 1, 44, 22, 60, 9, 84, 78, 5, 28, 88, 41, 67, 39, 91, 93, 53, 79, 59, 54, 75, 26, 86, 76, 14, 64, 98, 23, 43, 85, 61, 45, 31, 83, 74, 58, 35, 55, 63, 47, 97, 18, 38, 87, 37, 24, 42, 89, 52, 77, 69, 73, 25, 81, 72, 95, 99, 100, 92, 30, 82]项目工期为：290.0；项目成本为：138329.69999999998
染色体结构为:
[13, 36, 65, 57, 96, 40, 7, 29, 15, 16, 70, 2, 71, 19, 28, 6, 94, 88, 46, 24, 33, 34, 9, 78, 26, 50, 45, 4, 8, 90, 68, 85, 27, 1, 17, 38, 97, 35, 60, 62, 10, 37, 53, 87, 20, 55, 91, 5, 98, 42, 21, 23, 51, 25, 48, 49, 3, 72, 31, 66, 32, 56, 11, 12, 44, 80, 22, 67, 39, 54, 76, 61, 43, 64, 84, 59, 74, 63, 14, 58, 18, 47, 75, 79, 77, 73, 86, 41, 100, 93, 99, 83, 52, 69, 30, 95, 81, 89, 92, 82]项目工期为：586.0；项目成本为：107627.19999999998
染色体结构为:
[36, 13, 57, 65, 96, 40, 7, 29, 15, 16, 70, 2, 71, 28, 6, 19, 94, 88, 46, 33, 24, 34, 9, 26, 50, 78, 45, 4, 8, 90, 27, 68, 85, 1, 17, 38, 97, 60, 35, 62, 10, 53, 37, 87, 55, 20, 91, 5, 98, 21, 42, 51, 23, 25, 49, 48, 3, 72, 31, 66, 32, 56, 11, 12, 44, 80, 67, 22, 39, 76, 54, 61, 64, 84, 59, 43, 63, 74, 58, 14, 18, 47, 79, 77, 75, 73, 41, 86, 100, 93, 99, 83, 52, 69, 30, 95, 81, 89, 92, 82]项目工期为：608.0；项目成本为：106566.59999999999
染色体结构为:
[36, 13, 57, 65, 96, 7, 29, 40, 16, 15, 70, 71, 2, 19, 6, 28, 88, 46, 94, 24, 9, 33, 34, 78, 26, 50, 4, 45, 8, 85, 90, 68, 27, 17, 1, 97, 38, 60, 35, 62, 10, 53, 87, 37, 20, 55, 98, 5, 21, 91, 42, 23, 51, 25, 49, 48, 3, 72, 66, 31, 12, 32, 56, 11, 80, 54, 44, 22, 76, 84, 39, 67, 61, 63, 43, 59, 74, 64, 58, 47, 79, 14, 77, 18, 75, 86, 100, 41, 73, 99, 52, 81, 93, 83, 30, 89, 69, 95, 82, 92]项目工期为：617.0；项目成本为：106262.09999999999
染色体结构为:
[13, 36, 7, 57, 65, 28, 71, 2, 19, 24, 94, 88, 45, 33, 50, 9, 78, 29, 34, 96, 40, 70, 15, 46, 20, 10, 6, 49, 3, 32, 48, 16, 56, 11, 62, 12, 51, 1, 80, 66, 44, 22, 60, 21, 5, 68, 8, 67, 90, 4, 97, 85, 17, 38, 27, 35, 37, 53, 87, 55, 26, 98, 42, 23, 25, 91, 72, 54, 39, 76, 31, 61, 84, 43, 74, 59, 58, 14, 47, 64, 18, 63, 86, 79, 77, 73, 75, 41, 93, 100, 52, 99, 83, 89, 81, 30, 69, 95, 82, 92]项目工期为：394.0；项目成本为：122166.90000000001
染色体结构为:
[13, 36, 7, 65, 57, 28, 2, 71, 19, 24, 88, 45, 94, 50, 33, 9, 29, 78, 34, 96, 40, 70, 15, 46, 20, 6, 10, 49, 3, 32, 48, 16, 56, 11, 62, 12, 51, 1, 80, 44, 66, 22, 21, 60, 5, 68, 8, 67, 90, 4, 97, 85, 17, 27, 38, 35, 53, 37, 55, 87, 26, 42, 98, 23, 91, 25, 54, 72, 76, 39, 31, 61, 43, 84, 59, 74, 58, 14, 64, 47, 18, 86, 63, 77, 79, 100, 41, 75, 73, 99, 52, 81, 93, 83, 30, 89, 69, 82, 95, 92]项目工期为：385.0；项目成本为：123033.3
染色体结构为:
[13, 36, 57, 8, 90, 4, 7, 96, 2, 40, 94, 27, 85, 29, 50, 28, 68, 34, 60, 21, 65, 70, 24, 19, 9, 71, 33, 88, 45, 78, 16, 15, 6, 20, 46, 3, 10, 32, 49, 48, 56, 62, 11, 51, 80, 12, 1, 44, 66, 5, 84, 22, 67, 41, 39, 93, 75, 79, 91, 17, 54, 53, 59, 86, 76, 26, 23, 58, 14, 18, 42, 35, 37, 31, 87, 47, 64, 97, 99, 38, 89, 52, 73, 81, 98, 83, 25, 43, 30, 61, 55, 74, 72, 63, 100, 77, 69, 82, 95, 92]项目工期为：354.0；项目成本为：127249.69999999998
染色体结构为:
[34, 28, 70, 21, 24, 65, 94, 2, 88, 71, 19, 33, 36, 9, 7, 78, 45, 40, 26, 50, 58, 16, 10, 76, 18, 68, 85, 62, 57, 32, 35, 44, 29, 6, 42, 13, 27, 37, 20, 87, 4, 11, 31, 12, 23, 90, 64, 66, 48, 59, 60, 47, 5, 97, 67, 3, 99, 51, 46, 80, 38, 96, 89, 1, 39, 52, 14, 49, 73, 91, 81, 86, 98, 8, 15, 56, 17, 22, 84, 79, 41, 93, 75, 53, 54, 83, 43, 61, 25, 30, 63, 74, 72, 55, 77, 100, 69, 82, 95, 92]项目工期为：308.0；项目成本为：134820.90000000002
染色体结构为:
[34, 28, 24, 70, 21, 2, 94, 65, 9, 19, 71, 78, 7, 88, 33, 40, 45, 29, 50, 96, 16, 36, 15, 20, 13, 57, 4, 90, 46, 27, 85, 8, 3, 49, 10, 6, 32, 48, 56, 51, 62, 11, 80, 12, 1, 66, 44, 60, 84, 5, 41, 22, 67, 68, 39, 91, 79, 75, 93, 17, 54, 59, 53, 26, 86, 76, 23, 58, 14, 35, 18, 97, 42, 55, 72, 38, 37, 87, 98, 25, 64, 61, 31, 74, 43, 63, 47, 77, 100, 52, 73, 83, 99, 69, 81, 30, 82, 89, 95, 92]项目工期为：435.0；项目成本为：117787.2
染色体结构为:
[34, 28, 24, 70, 21, 2, 94, 65, 9, 19, 71, 78, 7, 88, 33, 40, 45, 29, 50, 16, 96, 36, 15, 20, 13, 57, 4, 90, 46, 27, 85, 8, 3, 49, 6, 32, 10, 48, 56, 51, 62, 11, 12, 80, 1, 66, 44, 60, 84, 5, 41, 22, 67, 68, 39, 91, 79, 93, 75, 17, 54, 53, 59, 26, 86, 76, 23, 14, 58, 35, 97, 18, 42, 55, 38, 72, 37, 87, 98, 25, 64, 31, 61, 74, 43, 63, 47, 77, 100, 52, 73, 83, 99, 69, 81, 30, 89, 82, 95, 92]项目工期为：407.0；项目成本为：121040.90000000002
染色体结构为:
[36, 7, 57, 13, 28, 65, 19, 24, 2, 71, 94, 88, 45, 33, 50, 9, 96, 78, 29, 34, 40, 70, 46, 15, 20, 6, 16, 49, 10, 32, 3, 56, 11, 48, 51, 62, 12, 1, 80, 44, 66, 22, 60, 21, 5, 67, 68, 8, 4, 90, 97, 85, 17, 27, 38, 37, 35, 53, 87, 26, 55, 98, 91, 42, 23, 25, 72, 54, 31, 39, 84, 76, 61, 43, 59, 47, 64, 58, 74, 63, 14, 79, 75, 18, 86, 77, 73, 41, 93, 100, 52, 89, 99, 83, 81, 69, 30, 95, 82, 92]项目工期为：444.0；项目成本为：117249.59999999998
染色体结构为:
[29, 71, 96, 40, 65, 16, 7, 36, 13, 57, 94, 4, 90, 8, 2, 27, 15, 11, 17, 68, 54, 84, 48, 10, 39, 31, 78, 76, 50, 20, 44, 64, 46, 91, 34, 61, 67, 23, 28, 6, 21, 58, 1, 60, 43, 74, 51, 22, 12, 3, 49, 88, 98, 55, 63, 70, 53, 59, 14, 97, 56, 26, 5, 79, 85, 62, 33, 35, 18, 42, 47, 38, 24, 19, 87, 37, 75, 89, 80, 52, 45, 77, 66, 83, 69, 73, 81, 25, 86, 72, 82, 32, 9, 99, 41, 93, 30, 95, 92, 100]项目工期为：268.0；项目成本为：142863.79999999996
染色体结构为:
[36, 71, 13, 29, 65, 7, 96, 40, 70, 15, 46, 3, 16, 6, 2, 20, 49, 32, 48, 10, 11, 51, 56, 33, 94, 62, 57, 12, 80, 34, 19, 66, 1, 50, 21, 22, 44, 9, 60, 84, 68, 78, 5, 28, 67, 88, 41, 4, 27, 39, 93, 79, 91, 53, 17, 54, 75, 26, 59, 90, 86, 76, 23, 64, 14, 98, 43, 8, 83, 45, 61, 85, 31, 74, 58, 63, 35, 97, 18, 55, 42, 38, 47, 87, 24, 99, 52, 89, 37, 81, 25, 73, 30, 77, 72, 100, 82, 92, 69, 95]项目工期为：293.0；项目成本为：138261.80000000005
染色体结构为:
[36, 13, 28, 34, 70, 65, 19, 24, 21, 94, 2, 9, 71, 88, 78, 7, 40, 96, 50, 45, 16, 33, 15, 29, 20, 4, 57, 27, 90, 8, 85, 6, 46, 10, 3, 49, 48, 32, 62, 56, 51, 80, 11, 12, 1, 44, 66, 60, 84, 22, 5, 41, 67, 39, 93, 68, 91, 79, 59, 17, 75, 53, 86, 54, 26, 14, 23, 76, 58, 35, 18, 97, 42, 38, 37, 98, 55, 31, 47, 87, 64, 99, 89, 52, 81, 83, 73, 25, 43, 61, 30, 74, 72, 100, 77, 63, 69, 95, 92, 82]项目工期为：368.0；项目成本为：125177.40000000001
染色体结构为:
[36, 13, 57, 65, 96, 7, 40, 29, 16, 15, 70, 71, 2, 19, 28, 6, 88, 46, 94, 33, 9, 24, 34, 78, 26, 4, 50, 45, 8, 85, 90, 68, 27, 1, 17, 60, 38, 35, 97, 62, 10, 53, 37, 87, 20, 55, 98, 91, 5, 21, 42, 51, 23, 25, 49, 48, 3, 72, 12, 66, 31, 32, 56, 54, 11, 80, 76, 22, 44, 39, 84, 43, 67, 61, 63, 74, 59, 64, 58, 79, 47, 14, 77, 18, 75, 86, 100, 41, 73, 99, 52, 81, 93, 83, 30, 89, 69, 82, 92, 95]项目工期为：708.0；项目成本为：103677.09999999999
染色体结构为:
[29, 71, 96, 40, 65, 16, 7, 36, 57, 13, 94, 4, 8, 90, 2, 27, 15, 11, 17, 68, 54, 84, 48, 10, 39, 31, 76, 78, 50, 20, 44, 64, 46, 91, 34, 61, 67, 23, 6, 28, 21, 58, 1, 60, 43, 74, 51, 12, 22, 3, 49, 88, 55, 98, 63, 53, 70, 59, 14, 97, 56, 5, 26, 85, 79, 62, 33, 35, 18, 42, 47, 38, 24, 19, 87, 37, 89, 80, 75, 52, 77, 45, 66, 69, 83, 73, 81, 25, 86, 72, 82, 32, 9, 99, 41, 93, 30, 95, 92, 100]项目工期为：271.0；项目成本为：142850.99999999997
染色体结构为:
[13, 36, 57, 96, 40, 65, 29, 15, 16, 7, 70, 71, 2, 28, 46, 19, 88, 6, 94, 24, 33, 9, 78, 34, 26, 4, 45, 8, 50, 90, 85, 27, 68, 38, 17, 1, 60, 97, 10, 62, 35, 53, 37, 87, 20, 55, 5, 98, 3, 32, 49, 48, 56, 11, 12, 51, 44, 80, 66, 22, 21, 67, 42, 23, 72, 54, 25, 91, 39, 76, 61, 84, 31, 64, 43, 59, 63, 74, 58, 14, 47, 79, 18, 77, 86, 75, 73, 41, 93, 100, 99, 52, 69, 83, 81, 30, 89, 92, 82, 95]项目工期为：518.0；项目成本为：111334.8
染色体结构为:
[36, 13, 57, 65, 96, 7, 40, 29, 15, 16, 70, 71, 2, 19, 6, 28, 88, 46, 94, 33, 9, 24, 34, 78, 26, 4, 50, 45, 8, 85, 90, 68, 1, 27, 17, 38, 60, 35, 62, 10, 97, 53, 37, 87, 20, 55, 98, 91, 5, 21, 42, 51, 23, 25, 49, 48, 3, 72, 66, 12, 31, 32, 56, 11, 54, 80, 76, 22, 44, 39, 84, 43, 67, 61, 63, 74, 59, 64, 58, 79, 47, 14, 77, 18, 75, 86, 100, 73, 41, 99, 52, 81, 93, 83, 30, 89, 69, 82, 92, 95]项目工期为：655.0；项目成本为：104706.8
染色体结构为:
[36, 7, 28, 13, 57, 19, 65, 24, 94, 2, 71, 88, 45, 50, 33, 96, 9, 78, 29, 40, 34, 70, 15, 20, 46, 6, 16, 10, 49, 32, 48, 3, 56, 51, 12, 11, 62, 44, 1, 80, 66, 22, 21, 5, 60, 4, 67, 8, 85, 68, 97, 90, 27, 17, 38, 35, 37, 87, 55, 53, 98, 42, 26, 23, 91, 72, 25, 39, 54, 31, 61, 76, 43, 84, 59, 64, 74, 63, 14, 58, 47, 79, 75, 18, 73, 100, 41, 77, 99, 86, 93, 52, 83, 81, 89, 30, 69, 95, 92, 82]项目工期为：494.0；项目成本为：113005.20000000001
染色体结构为:
[34, 28, 24, 21, 94, 70, 65, 2, 19, 13, 36, 96, 57, 7, 29, 40, 16, 15, 71, 46, 88, 6, 33, 9, 78, 50, 26, 4, 45, 8, 85, 90, 27, 1, 68, 17, 38, 60, 97, 10, 35, 62, 37, 53, 87, 55, 20, 5, 98, 91, 23, 42, 25, 49, 51, 72, 3, 48, 31, 32, 56, 12, 66, 80, 44, 11, 84, 54, 22, 76, 39, 67, 61, 64, 43, 74, 59, 58, 63, 14, 47, 79, 18, 75, 86, 77, 73, 41, 100, 93, 99, 52, 69, 83, 81, 92, 95, 30, 82, 89]项目工期为：566.0；项目成本为：108636.90000000001
染色体结构为:
[36, 7, 34, 28, 24, 70, 21, 65, 2, 19, 13, 57, 94, 71, 45, 88, 50, 9, 33, 78, 96, 29, 40, 15, 20, 46, 16, 6, 10, 49, 32, 3, 56, 48, 51, 12, 62, 11, 44, 1, 80, 66, 22, 5, 60, 4, 67, 68, 85, 8, 90, 97, 27, 17, 37, 38, 35, 87, 53, 55, 26, 98, 42, 91, 23, 25, 72, 54, 39, 31, 76, 61, 43, 84, 64, 59, 74, 63, 58, 14, 18, 79, 75, 47, 73, 100, 77, 41, 86, 93, 99, 52, 89, 83, 30, 81, 69, 82, 95, 92]项目工期为：489.0；项目成本为：113240.9
染色体结构为:
[57, 13, 36, 96, 65, 40, 29, 15, 7, 28, 16, 34, 70, 24, 2, 21, 94, 9, 19, 78, 71, 33, 88, 45, 50, 20, 90, 4, 46, 27, 8, 3, 85, 10, 49, 6, 32, 48, 56, 62, 11, 51, 12, 80, 1, 66, 60, 84, 44, 5, 41, 67, 22, 68, 39, 93, 75, 17, 91, 79, 54, 26, 86, 59, 53, 14, 23, 58, 76, 35, 18, 97, 42, 55, 37, 38, 72, 87, 98, 64, 25, 43, 31, 61, 63, 74, 77, 47, 100, 73, 99, 83, 52, 69, 30, 81, 95, 89, 92, 82]项目工期为：416.0；项目成本为：119951.0
染色体结构为:
[34, 24, 28, 70, 21, 2, 65, 36, 7, 13, 57, 19, 71, 88, 94, 45, 50, 33, 9, 78, 96, 29, 40, 15, 46, 20, 6, 10, 49, 16, 3, 32, 48, 11, 56, 51, 62, 12, 80, 1, 44, 66, 22, 5, 60, 67, 68, 8, 4, 97, 90, 85, 17, 38, 27, 35, 37, 87, 53, 26, 42, 55, 91, 98, 23, 25, 54, 76, 39, 72, 61, 31, 43, 59, 84, 64, 58, 74, 47, 63, 18, 14, 86, 79, 75, 77, 100, 73, 52, 41, 89, 93, 99, 83, 30, 81, 69, 82, 95, 92]项目工期为：447.0；项目成本为：117091.29999999999
染色体结构为:
[36, 57, 13, 65, 96, 7, 29, 40, 15, 16, 70, 71, 19, 2, 28, 6, 94, 46, 24, 88, 33, 78, 9, 34, 26, 45, 4, 50, 85, 8, 90, 27, 68, 1, 17, 38, 97, 60, 35, 10, 37, 62, 53, 87, 55, 91, 20, 98, 5, 42, 23, 51, 21, 25, 49, 48, 3, 72, 31, 66, 32, 11, 12, 44, 56, 80, 22, 67, 54, 39, 61, 43, 76, 74, 64, 84, 63, 59, 14, 47, 58, 79, 18, 75, 77, 100, 73, 86, 41, 99, 93, 52, 69, 83, 30, 81, 89, 92, 82, 95]项目工期为：539.0；项目成本为：109177.49999999999
染色体结构为:
[28, 34, 24, 94, 21, 70, 65, 2, 19, 13, 36, 57, 96, 7, 29, 16, 40, 15, 71, 6, 88, 46, 33, 9, 78, 26, 50, 45, 4, 85, 8, 90, 27, 17, 1, 68, 97, 38, 60, 62, 35, 10, 37, 53, 87, 20, 55, 98, 91, 5, 42, 51, 23, 49, 25, 48, 3, 72, 66, 12, 31, 32, 11, 56, 80, 54, 22, 44, 84, 76, 39, 67, 61, 43, 63, 74, 59, 64, 58, 47, 79, 14, 18, 77, 75, 86, 100, 41, 73, 99, 93, 52, 81, 83, 30, 89, 69, 95, 82, 92]项目工期为：561.0；项目成本为：108740.0
染色体结构为:
[36, 57, 13, 65, 29, 40, 96, 71, 7, 6, 15, 16, 70, 21, 2, 34, 88, 5, 20, 46, 3, 49, 10, 32, 56, 51, 48, 11, 62, 80, 33, 12, 19, 94, 1, 66, 50, 68, 9, 44, 22, 60, 78, 84, 41, 28, 67, 27, 4, 39, 75, 93, 91, 54, 53, 79, 90, 17, 26, 59, 86, 77, 23, 14, 64, 85, 18, 8, 82, 24, 31, 76, 43, 61, 74, 58, 63, 98, 35, 97, 38, 47, 55, 42, 87, 37, 89, 45, 73, 52, 69, 83, 25, 81, 92, 100, 72, 30, 99, 95]项目工期为：284.0；项目成本为：139032.0
染色体结构为:
[36, 57, 65, 96, 13, 29, 7, 15, 40, 70, 16, 71, 19, 2, 28, 6, 94, 88, 46, 24, 33, 78, 9, 34, 26, 50, 45, 4, 85, 8, 90, 27, 1, 68, 38, 17, 97, 62, 60, 35, 37, 53, 10, 87, 20, 55, 91, 98, 5, 42, 21, 51, 23, 25, 48, 49, 72, 3, 31, 66, 56, 32, 11, 12, 44, 80, 22, 54, 67, 39, 76, 61, 64, 84, 43, 74, 59, 63, 14, 47, 58, 18, 75, 79, 77, 73, 86, 41, 100, 99, 93, 52, 83, 69, 81, 30, 95, 89, 82, 92]项目工期为：576.0；项目成本为：107983.69999999998
染色体结构为:
[28, 34, 21, 70, 24, 19, 65, 2, 94, 71, 9, 7, 88, 33, 45, 78, 40, 50, 96, 29, 16, 15, 36, 20, 57, 13, 8, 27, 90, 4, 85, 46, 6, 3, 32, 49, 10, 48, 56, 62, 51, 80, 11, 1, 60, 12, 66, 22, 44, 67, 5, 84, 68, 39, 41, 93, 75, 91, 79, 59, 54, 17, 86, 53, 23, 76, 26, 14, 58, 18, 42, 35, 97, 37, 55, 38, 98, 87, 25, 72, 31, 61, 43, 74, 63, 64, 47, 73, 77, 99, 100, 52, 81, 89, 83, 82, 30, 69, 92, 95]项目工期为：412.0；项目成本为：120776.40000000001
染色体结构为:
[36, 13, 57, 96, 65, 7, 29, 40, 15, 16, 70, 71, 2, 19, 6, 28, 88, 46, 94, 24, 9, 33, 34, 78, 26, 4, 50, 45, 8, 85, 68, 90, 27, 17, 1, 97, 38, 60, 35, 62, 10, 53, 87, 37, 20, 55, 98, 5, 91, 21, 42, 23, 51, 25, 49, 48, 3, 72, 66, 31, 12, 32, 56, 11, 80, 54, 44, 22, 76, 84, 39, 67, 61, 63, 43, 74, 59, 58, 64, 47, 79, 14, 77, 18, 86, 75, 100, 41, 73, 99, 52, 81, 93, 83, 30, 89, 69, 82, 95, 92]项目工期为：592.0；项目成本为：107293.90000000001
染色体结构为:
[57, 13, 96, 36, 65, 40, 29, 8, 90, 4, 7, 2, 27, 94, 85, 28, 34, 50, 68, 60, 21, 70, 24, 19, 9, 71, 33, 88, 45, 78, 16, 15, 6, 20, 46, 3, 10, 32, 49, 48, 56, 62, 11, 51, 12, 80, 1, 44, 66, 5, 84, 22, 67, 39, 41, 93, 91, 75, 79, 17, 54, 53, 59, 86, 26, 76, 58, 23, 18, 14, 42, 35, 37, 87, 31, 64, 97, 99, 47, 38, 89, 52, 81, 73, 98, 83, 43, 25, 61, 30, 55, 74, 72, 63, 100, 77, 69, 82, 95, 92]项目工期为：351.0；项目成本为：127400.69999999998
染色体结构为:
[13, 36, 57, 96, 65, 7, 29, 16, 40, 15, 70, 71, 2, 19, 6, 28, 88, 46, 94, 24, 9, 33, 34, 78, 26, 50, 4, 45, 85, 8, 90, 68, 27, 17, 1, 97, 38, 60, 35, 62, 10, 53, 87, 37, 20, 55, 98, 5, 21, 91, 42, 23, 51, 25, 49, 48, 3, 72, 66, 31, 12, 32, 56, 11, 80, 54, 44, 22, 76, 84, 39, 67, 61, 63, 43, 59, 74, 64, 58, 47, 79, 14, 77, 75, 18, 86, 100, 41, 73, 99, 52, 81, 93, 83, 30, 89, 69, 95, 82, 92]项目工期为：632.0；项目成本为：105738.5
染色体结构为:
[28, 34, 21, 70, 19, 24, 65, 2, 94, 71, 9, 7, 88, 33, 45, 78, 40, 50, 96, 29, 16, 36, 15, 20, 57, 13, 8, 27, 90, 4, 85, 46, 6, 3, 49, 32, 10, 48, 56, 62, 51, 80, 12, 1, 11, 60, 66, 44, 22, 5, 67, 68, 84, 39, 41, 93, 75, 91, 79, 54, 59, 17, 86, 53, 23, 26, 76, 14, 58, 18, 42, 35, 97, 37, 55, 38, 98, 87, 25, 72, 31, 61, 74, 43, 64, 63, 73, 47, 77, 99, 100, 52, 81, 89, 83, 30, 82, 69, 92, 95]项目工期为：413.0；项目成本为：120589.3
染色体结构为:
[36, 7, 13, 57, 28, 65, 19, 24, 2, 71, 88, 94, 45, 50, 33, 78, 9, 96, 29, 40, 34, 70, 46, 15, 20, 6, 10, 16, 32, 3, 49, 48, 56, 62, 51, 11, 12, 44, 80, 1, 22, 21, 66, 60, 5, 68, 67, 8, 4, 90, 97, 17, 85, 27, 35, 37, 87, 38, 53, 55, 26, 42, 91, 98, 23, 25, 72, 54, 76, 39, 31, 61, 84, 59, 43, 64, 58, 74, 18, 47, 89, 99, 52, 73, 14, 81, 86, 41, 75, 79, 93, 83, 30, 63, 100, 77, 69, 95, 82, 92]项目工期为：374.0；项目成本为：124648.50000000001
染色体结构为:
[36, 13, 57, 65, 96, 7, 40, 29, 16, 15, 70, 71, 2, 28, 19, 6, 88, 46, 33, 94, 9, 24, 34, 78, 26, 4, 50, 45, 85, 8, 90, 68, 27, 1, 17, 38, 60, 35, 97, 62, 10, 53, 37, 87, 55, 20, 98, 91, 5, 21, 42, 51, 23, 25, 49, 48, 3, 72, 12, 66, 31, 32, 56, 11, 54, 80, 76, 22, 44, 39, 84, 43, 67, 61, 63, 74, 59, 64, 58, 47, 79, 14, 77, 18, 75, 86, 41, 100, 99, 73, 52, 81, 93, 83, 30, 89, 69, 82, 95, 92]项目工期为：628.0；项目成本为：106221.99999999999
染色体结构为:
[13, 36, 57, 8, 90, 4, 7, 96, 2, 40, 94, 65, 28, 19, 71, 24, 45, 88, 50, 33, 9, 29, 78, 70, 34, 46, 15, 20, 10, 49, 6, 3, 32, 48, 16, 56, 62, 11, 12, 51, 1, 80, 66, 44, 22, 21, 60, 5, 68, 97, 67, 85, 17, 27, 38, 35, 37, 53, 87, 55, 26, 98, 42, 23, 91, 25, 72, 54, 39, 76, 31, 84, 61, 43, 74, 64, 59, 47, 58, 14, 63, 86, 18, 79, 77, 75, 73, 41, 93, 100, 52, 99, 83, 89, 30, 81, 69, 95, 82, 92]项目工期为：380.0；项目成本为：123895.2
染色体结构为:
[71, 29, 65, 96, 16, 7, 70, 15, 6, 40, 2, 46, 20, 3, 49, 32, 10, 33, 48, 11, 56, 57, 51, 62, 12, 34, 94, 1, 19, 80, 44, 66, 9, 21, 50, 22, 68, 60, 36, 5, 84, 78, 28, 67, 88, 39, 41, 27, 93, 4, 79, 54, 91, 13, 75, 17, 86, 53, 26, 59, 90, 14, 76, 23, 24, 58, 45, 35, 85, 18, 37, 42, 87, 31, 97, 47, 64, 99, 38, 52, 89, 81, 73, 8, 83, 43, 98, 25, 30, 61, 74, 55, 72, 100, 63, 77, 69, 82, 95, 92]项目工期为：320.0；项目成本为：132761.5
MID=0.7214187454548296
DM=40069.59335219168
SNS=0.12461806296263758
SM=0.705293676713613
1.8004144417287186E-5
136
共计用时：7秒
