染色体结构为:
[14, 17, 88, 61, 18, 16, 30, 71, 79, 74, 39, 13, 67, 12, 64, 41, 29, 33, 37, 43, 36, 1, 57, 6, 58, 20, 66, 91, 99, 93, 51, 55, 45, 9, 56, 78, 34, 65, 94, 70, 87, 8, 49, 28, 11, 5, 2, 40, 15, 27, 50, 26, 4, 68, 19, 69, 25, 72, 23, 62, 98, 31, 35, 63, 86, 47, 10, 46, 48, 59, 42, 83, 3, 24, 81, 38, 53, 21, 52, 7, 85, 44, 89, 95, 82, 97, 60, 100, 32, 92, 54, 22, 75, 76, 73, 80, 84, 77, 90, 96]项目工期为：172.0；项目成本为：105378.29999999999
染色体结构为:
[14, 12, 17, 61, 18, 30, 88, 79, 16, 71, 74, 41, 33, 43, 64, 67, 36, 29, 6, 37, 57, 20, 1, 91, 66, 99, 58, 94, 9, 51, 39, 34, 50, 11, 31, 86, 13, 26, 23, 63, 5, 56, 47, 93, 10, 28, 2, 35, 8, 46, 27, 48, 19, 70, 40, 4, 42, 59, 87, 62, 72, 89, 65, 68, 49, 82, 21, 55, 3, 85, 95, 15, 83, 38, 25, 78, 32, 69, 98, 53, 81, 100, 45, 44, 77, 24, 92, 7, 52, 97, 80, 84, 60, 90, 54, 22, 73, 75, 96, 76]项目工期为：144.0；项目成本为：118175.29999999999
染色体结构为:
[14, 88, 17, 61, 18, 16, 30, 71, 79, 39, 74, 13, 67, 12, 64, 41, 33, 29, 37, 43, 36, 1, 57, 6, 58, 20, 66, 91, 99, 93, 51, 55, 45, 56, 9, 78, 34, 65, 94, 70, 87, 8, 49, 28, 11, 5, 40, 2, 27, 15, 50, 26, 4, 68, 19, 69, 25, 72, 23, 62, 98, 31, 35, 63, 47, 86, 10, 46, 48, 59, 83, 42, 3, 24, 81, 38, 53, 21, 52, 7, 85, 44, 89, 95, 82, 97, 60, 100, 92, 32, 54, 22, 75, 76, 73, 80, 84, 77, 90, 96]项目工期为：171.0；项目成本为：105431.99999999999
染色体结构为:
[14, 88, 17, 61, 18, 16, 30, 71, 74, 79, 39, 13, 67, 12, 41, 64, 33, 29, 37, 43, 1, 57, 36, 6, 58, 66, 20, 91, 99, 93, 51, 55, 45, 9, 78, 56, 34, 94, 65, 70, 8, 87, 49, 28, 5, 11, 15, 2, 27, 40, 50, 4, 26, 68, 19, 69, 72, 25, 23, 62, 98, 31, 35, 63, 86, 47, 46, 48, 10, 59, 42, 83, 3, 24, 81, 38, 53, 21, 7, 52, 85, 44, 95, 89, 82, 97, 60, 100, 32, 54, 92, 22, 76, 75, 73, 80, 84, 77, 96, 90]项目工期为：166.0；项目成本为：107398.5
染色体结构为:
[12, 14, 33, 41, 67, 43, 74, 6, 64, 37, 29, 1, 36, 57, 20, 91, 56, 88, 28, 17, 18, 61, 8, 30, 16, 39, 71, 79, 13, 49, 40, 50, 5, 94, 9, 2, 34, 26, 27, 78, 11, 70, 66, 65, 93, 58, 99, 51, 55, 45, 87, 15, 4, 68, 19, 69, 72, 25, 62, 35, 98, 23, 86, 31, 63, 47, 46, 10, 48, 42, 59, 3, 38, 83, 24, 21, 81, 53, 7, 52, 95, 89, 44, 85, 82, 100, 97, 32, 60, 92, 22, 75, 54, 76, 80, 73, 84, 77, 96, 90]项目工期为：216.0；项目成本为：95239.40000000001
染色体结构为:
[14, 12, 17, 61, 30, 18, 88, 79, 74, 16, 41, 71, 33, 64, 43, 36, 67, 29, 6, 37, 20, 57, 1, 91, 66, 99, 58, 94, 9, 51, 39, 34, 50, 31, 86, 11, 13, 26, 63, 5, 56, 23, 47, 93, 28, 2, 10, 35, 8, 46, 48, 19, 27, 40, 70, 42, 4, 59, 87, 72, 62, 89, 65, 68, 82, 49, 3, 21, 55, 85, 95, 15, 83, 38, 78, 25, 32, 69, 98, 53, 100, 81, 44, 45, 77, 24, 92, 52, 7, 97, 80, 84, 60, 90, 22, 54, 73, 75, 96, 76]项目工期为：142.0；项目成本为：118831.60000000002
染色体结构为:
[14, 17, 61, 88, 18, 16, 79, 71, 30, 74, 39, 13, 12, 67, 41, 33, 36, 64, 29, 37, 43, 1, 6, 57, 58, 20, 66, 99, 91, 93, 51, 55, 9, 45, 56, 34, 78, 65, 70, 94, 87, 8, 49, 28, 11, 5, 2, 40, 15, 27, 50, 4, 26, 68, 19, 25, 72, 69, 98, 23, 31, 62, 35, 63, 86, 47, 48, 10, 46, 59, 42, 3, 83, 24, 81, 53, 38, 21, 52, 7, 85, 44, 89, 95, 97, 82, 60, 32, 100, 54, 92, 22, 75, 73, 80, 76, 84, 77, 90, 96]项目工期为：156.0；项目成本为：111179.49999999999
染色体结构为:
[12, 14, 17, 18, 61, 30, 88, 79, 16, 71, 74, 41, 33, 39, 67, 13, 29, 64, 43, 36, 37, 57, 6, 20, 1, 66, 58, 91, 93, 99, 51, 55, 45, 9, 78, 56, 70, 65, 34, 94, 87, 8, 28, 11, 2, 49, 40, 5, 15, 27, 26, 50, 4, 68, 19, 69, 72, 25, 23, 98, 62, 86, 35, 31, 63, 47, 46, 10, 48, 42, 59, 3, 83, 38, 24, 21, 81, 53, 7, 52, 95, 44, 82, 89, 85, 97, 60, 100, 92, 32, 22, 75, 54, 76, 80, 73, 77, 84, 90, 96]项目工期为：175.0；项目成本为：104062.20000000003
染色体结构为:
[14, 12, 33, 41, 43, 67, 64, 6, 74, 37, 29, 36, 1, 57, 91, 88, 20, 56, 17, 28, 18, 8, 30, 61, 39, 16, 79, 13, 71, 49, 50, 40, 5, 9, 94, 2, 27, 34, 11, 26, 78, 70, 93, 66, 65, 99, 58, 51, 45, 55, 15, 87, 4, 68, 19, 72, 69, 25, 62, 98, 35, 23, 86, 31, 63, 46, 47, 10, 48, 42, 59, 3, 38, 83, 81, 24, 21, 53, 7, 52, 95, 44, 89, 85, 82, 97, 100, 32, 92, 60, 22, 54, 75, 80, 76, 73, 84, 77, 90, 96]项目工期为：192.0；项目成本为：99348.10000000003
染色体结构为:
[14, 41, 43, 12, 64, 74, 33, 36, 67, 6, 29, 37, 1, 91, 57, 88, 20, 17, 18, 61, 56, 30, 28, 8, 16, 39, 13, 79, 71, 49, 94, 40, 5, 9, 50, 34, 26, 2, 78, 27, 11, 65, 70, 53, 63, 93, 10, 52, 66, 35, 42, 51, 87, 99, 55, 45, 31, 58, 83, 98, 72, 23, 3, 47, 4, 68, 69, 48, 81, 38, 46, 62, 21, 15, 24, 7, 19, 86, 89, 44, 32, 85, 77, 59, 82, 100, 25, 80, 92, 97, 95, 54, 60, 75, 22, 76, 84, 73, 96, 90]项目工期为：322.0；项目成本为：82525.7
染色体结构为:
[14, 17, 12, 61, 18, 30, 88, 79, 16, 71, 74, 41, 33, 43, 64, 36, 67, 6, 29, 37, 20, 57, 1, 91, 66, 99, 58, 94, 9, 51, 39, 34, 50, 11, 31, 86, 13, 26, 63, 23, 5, 47, 56, 28, 93, 10, 2, 35, 8, 27, 46, 48, 19, 70, 40, 4, 42, 59, 87, 62, 89, 72, 65, 68, 49, 82, 21, 55, 3, 85, 15, 95, 83, 38, 25, 32, 69, 78, 98, 53, 81, 45, 100, 44, 77, 24, 92, 7, 52, 80, 97, 84, 90, 54, 60, 22, 73, 96, 75, 76]项目工期为：147.0；项目成本为：117742.29999999997
染色体结构为:
[14, 61, 17, 88, 18, 16, 30, 79, 71, 39, 74, 13, 67, 12, 33, 41, 36, 64, 29, 37, 43, 1, 6, 57, 58, 20, 99, 91, 66, 93, 51, 55, 45, 9, 56, 78, 34, 70, 65, 94, 87, 8, 28, 49, 5, 11, 2, 40, 15, 50, 27, 4, 26, 68, 19, 25, 69, 72, 23, 98, 31, 35, 62, 63, 86, 47, 10, 48, 59, 46, 42, 3, 83, 24, 53, 81, 38, 52, 21, 7, 85, 44, 89, 97, 95, 60, 82, 100, 32, 54, 92, 22, 75, 73, 80, 76, 84, 77, 90, 96]项目工期为：157.0；项目成本为：110390.90000000001
染色体结构为:
[88, 14, 61, 12, 17, 18, 64, 41, 33, 67, 43, 29, 36, 6, 37, 74, 1, 94, 79, 39, 16, 71, 30, 13, 49, 2, 58, 57, 50, 9, 31, 20, 91, 56, 28, 8, 5, 40, 26, 27, 78, 53, 65, 70, 11, 35, 52, 93, 63, 10, 66, 42, 55, 51, 99, 34, 45, 87, 3, 98, 23, 83, 86, 47, 48, 46, 19, 4, 68, 15, 59, 38, 72, 69, 81, 25, 21, 62, 7, 24, 85, 44, 89, 82, 60, 95, 97, 100, 32, 92, 54, 22, 76, 75, 73, 80, 84, 77, 96, 90]项目工期为：190.0；项目成本为：100018.7
染色体结构为:
[88, 14, 12, 61, 17, 18, 41, 64, 33, 43, 67, 36, 29, 6, 37, 74, 1, 94, 79, 16, 39, 71, 30, 13, 49, 2, 58, 57, 50, 31, 9, 91, 20, 56, 8, 5, 40, 27, 28, 26, 78, 53, 70, 65, 11, 35, 93, 52, 63, 42, 66, 10, 55, 51, 99, 45, 34, 87, 15, 4, 68, 69, 19, 72, 25, 62, 3, 83, 23, 98, 47, 48, 81, 46, 38, 24, 21, 7, 89, 32, 85, 86, 77, 44, 59, 92, 82, 100, 80, 95, 97, 54, 73, 60, 22, 76, 84, 96, 75, 90]项目工期为：200.0；项目成本为：98053.39999999997
染色体结构为:
[14, 17, 61, 88, 18, 79, 16, 30, 71, 39, 74, 13, 12, 67, 41, 33, 36, 64, 29, 37, 43, 1, 6, 58, 57, 20, 66, 99, 91, 93, 51, 9, 55, 45, 34, 56, 65, 78, 94, 70, 87, 8, 49, 28, 11, 5, 2, 40, 15, 27, 50, 4, 26, 68, 19, 25, 69, 72, 98, 23, 31, 35, 62, 63, 86, 47, 48, 10, 46, 59, 42, 3, 83, 24, 81, 53, 38, 21, 7, 52, 44, 89, 85, 95, 97, 82, 60, 100, 32, 54, 92, 22, 75, 73, 80, 76, 84, 77, 96, 90]项目工期为：153.0；项目成本为：114130.4
染色体结构为:
[14, 41, 43, 12, 74, 64, 33, 6, 67, 37, 1, 57, 29, 20, 91, 36, 88, 56, 18, 61, 28, 17, 30, 8, 71, 79, 5, 39, 16, 49, 13, 2, 9, 27, 50, 26, 94, 78, 65, 11, 34, 70, 40, 93, 53, 63, 42, 52, 35, 55, 66, 10, 99, 58, 51, 87, 83, 98, 31, 45, 3, 72, 47, 23, 4, 48, 68, 81, 69, 62, 38, 86, 24, 21, 15, 46, 7, 89, 44, 85, 32, 59, 19, 77, 25, 97, 95, 82, 100, 22, 60, 75, 92, 54, 73, 76, 80, 84, 96, 90]项目工期为：320.0；项目成本为：82689.29999999997
染色体结构为:
[88, 14, 12, 33, 41, 74, 67, 43, 64, 29, 6, 36, 1, 18, 37, 20, 57, 17, 28, 91, 56, 30, 61, 8, 71, 39, 49, 79, 13, 16, 5, 40, 94, 50, 9, 34, 2, 26, 78, 27, 93, 11, 35, 70, 65, 63, 66, 53, 52, 10, 42, 51, 55, 99, 58, 87, 45, 4, 86, 23, 31, 47, 46, 48, 68, 19, 3, 59, 83, 38, 24, 72, 98, 69, 7, 21, 62, 15, 81, 85, 32, 89, 95, 25, 77, 44, 82, 92, 80, 100, 60, 97, 54, 22, 75, 76, 84, 73, 90, 96]项目工期为：214.0；项目成本为：95581.1
染色体结构为:
[14, 88, 17, 18, 16, 61, 71, 79, 30, 74, 13, 39, 67, 12, 64, 41, 33, 29, 37, 43, 36, 1, 57, 6, 58, 20, 91, 66, 99, 51, 93, 45, 55, 56, 9, 78, 34, 94, 65, 70, 8, 49, 87, 28, 11, 5, 40, 2, 27, 15, 50, 26, 4, 19, 68, 69, 72, 25, 23, 62, 31, 98, 35, 63, 47, 86, 10, 46, 48, 59, 83, 42, 3, 24, 81, 38, 53, 21, 52, 7, 85, 89, 44, 82, 95, 97, 60, 100, 92, 32, 54, 22, 75, 76, 73, 80, 84, 77, 90, 96]项目工期为：170.0；项目成本为：105890.79999999999
染色体结构为:
[14, 61, 17, 88, 18, 16, 79, 30, 71, 39, 74, 13, 12, 67, 41, 33, 64, 36, 37, 29, 43, 1, 6, 57, 20, 58, 66, 99, 91, 93, 51, 55, 45, 9, 56, 34, 78, 70, 65, 87, 94, 8, 28, 49, 5, 11, 2, 40, 27, 50, 15, 4, 26, 19, 25, 68, 69, 72, 98, 23, 31, 62, 35, 47, 63, 86, 10, 59, 48, 42, 46, 3, 83, 24, 53, 81, 38, 52, 21, 7, 85, 44, 89, 95, 97, 60, 82, 100, 32, 54, 22, 92, 75, 80, 76, 73, 84, 77, 90, 96]项目工期为：161.0；项目成本为：109484.70000000001
染色体结构为:
[14, 43, 41, 12, 64, 33, 74, 67, 6, 36, 37, 29, 1, 57, 91, 20, 88, 56, 18, 61, 17, 30, 28, 8, 71, 79, 5, 39, 16, 49, 13, 2, 9, 27, 50, 26, 78, 94, 65, 11, 34, 70, 40, 93, 53, 63, 42, 52, 35, 66, 55, 10, 99, 58, 51, 83, 87, 98, 31, 3, 72, 47, 45, 23, 4, 48, 68, 81, 38, 69, 86, 62, 24, 21, 46, 15, 7, 89, 44, 32, 85, 19, 59, 77, 25, 97, 95, 82, 100, 22, 75, 60, 92, 54, 76, 73, 80, 84, 96, 90]项目工期为：336.0；项目成本为：81511.19999999997
染色体结构为:
[14, 12, 61, 17, 30, 18, 88, 79, 74, 16, 41, 33, 71, 64, 43, 36, 67, 29, 6, 37, 20, 57, 1, 91, 99, 66, 58, 94, 9, 51, 39, 34, 50, 31, 86, 11, 26, 13, 63, 5, 56, 23, 47, 93, 28, 2, 10, 35, 8, 46, 48, 19, 27, 70, 40, 42, 4, 59, 87, 72, 62, 89, 65, 68, 82, 49, 3, 21, 55, 85, 95, 15, 83, 38, 78, 25, 32, 69, 98, 53, 100, 81, 44, 45, 77, 24, 92, 52, 7, 97, 80, 84, 60, 90, 22, 54, 73, 96, 75, 76]项目工期为：139.0；项目成本为：119991.70000000001
染色体结构为:
[12, 14, 41, 33, 43, 67, 6, 64, 74, 37, 29, 36, 1, 57, 20, 91, 88, 56, 17, 28, 18, 8, 61, 30, 16, 39, 71, 79, 13, 49, 50, 40, 5, 94, 9, 2, 26, 34, 27, 11, 78, 70, 66, 93, 65, 58, 99, 51, 45, 55, 87, 4, 15, 68, 19, 69, 72, 25, 62, 98, 35, 23, 86, 31, 63, 47, 46, 48, 10, 59, 42, 3, 83, 38, 24, 81, 21, 53, 7, 52, 95, 89, 44, 85, 82, 100, 97, 32, 60, 22, 92, 54, 75, 76, 73, 80, 84, 96, 77, 90]项目工期为：183.0；项目成本为：101448.40000000002
染色体结构为:
[14, 17, 88, 61, 18, 16, 79, 71, 74, 30, 39, 13, 12, 67, 41, 33, 36, 29, 64, 37, 1, 43, 6, 58, 20, 57, 66, 99, 91, 93, 51, 55, 9, 45, 56, 34, 65, 78, 70, 87, 94, 8, 28, 49, 11, 5, 2, 40, 15, 27, 50, 4, 26, 19, 68, 25, 69, 98, 72, 23, 31, 62, 63, 86, 47, 35, 10, 48, 59, 46, 42, 3, 83, 24, 81, 53, 38, 52, 21, 7, 85, 44, 89, 95, 97, 82, 60, 100, 32, 54, 92, 75, 22, 73, 80, 76, 84, 77, 90, 96]项目工期为：165.0；项目成本为：109116.8
染色体结构为:
[12, 14, 41, 33, 67, 43, 6, 64, 74, 37, 29, 1, 36, 57, 20, 56, 91, 88, 28, 17, 18, 8, 61, 16, 39, 71, 30, 79, 13, 49, 40, 50, 5, 94, 9, 2, 34, 26, 27, 78, 11, 70, 66, 93, 58, 65, 99, 51, 55, 45, 87, 4, 15, 68, 19, 69, 72, 25, 62, 98, 35, 23, 31, 86, 63, 47, 48, 46, 10, 59, 42, 3, 38, 83, 24, 21, 81, 53, 7, 95, 52, 89, 85, 82, 100, 44, 97, 60, 32, 92, 54, 22, 76, 75, 80, 84, 73, 77, 96, 90]项目工期为：203.0；项目成本为：95775.79999999999
染色体结构为:
[14, 17, 12, 61, 18, 30, 88, 79, 16, 71, 74, 41, 33, 43, 64, 36, 67, 6, 29, 37, 20, 57, 1, 91, 66, 99, 58, 94, 51, 9, 34, 39, 11, 50, 31, 86, 13, 26, 63, 23, 5, 47, 28, 56, 93, 10, 2, 35, 8, 27, 46, 48, 19, 70, 40, 4, 42, 59, 87, 89, 62, 72, 65, 68, 49, 82, 21, 55, 3, 85, 15, 95, 83, 38, 25, 32, 69, 78, 98, 53, 81, 45, 100, 77, 44, 24, 92, 7, 52, 80, 97, 84, 90, 54, 60, 22, 73, 96, 75, 76]项目工期为：147.0；项目成本为：117742.29999999997
染色体结构为:
[14, 41, 12, 33, 64, 43, 74, 67, 36, 6, 37, 1, 91, 29, 88, 57, 17, 20, 61, 56, 18, 28, 30, 8, 16, 39, 79, 13, 71, 49, 94, 40, 5, 9, 50, 2, 26, 34, 78, 27, 65, 11, 70, 53, 63, 52, 93, 10, 66, 35, 42, 51, 87, 99, 55, 45, 58, 83, 31, 98, 72, 23, 3, 47, 4, 68, 69, 48, 81, 38, 46, 62, 15, 21, 7, 24, 19, 86, 89, 32, 44, 85, 59, 77, 82, 100, 25, 92, 95, 80, 97, 60, 54, 22, 75, 76, 84, 73, 90, 96]项目工期为：324.0；项目成本为：81953.90000000001
染色体结构为:
[14, 17, 61, 18, 88, 16, 30, 79, 71, 13, 74, 39, 64, 41, 67, 12, 29, 33, 43, 36, 37, 57, 1, 6, 20, 58, 66, 91, 99, 51, 93, 55, 56, 45, 9, 78, 34, 65, 70, 87, 94, 8, 28, 49, 5, 2, 11, 27, 15, 40, 50, 26, 4, 68, 19, 69, 72, 25, 23, 62, 86, 98, 35, 31, 47, 63, 46, 10, 48, 59, 83, 42, 3, 81, 24, 38, 21, 7, 53, 52, 85, 89, 82, 44, 60, 95, 97, 32, 100, 54, 92, 22, 75, 76, 73, 80, 77, 84, 96, 90]项目工期为：177.0；项目成本为：103592.0
染色体结构为:
[14, 12, 41, 74, 33, 43, 36, 64, 67, 29, 6, 88, 1, 91, 37, 18, 57, 20, 17, 56, 30, 61, 28, 8, 16, 79, 39, 13, 49, 71, 5, 94, 9, 34, 40, 50, 2, 27, 26, 78, 65, 70, 11, 53, 93, 63, 52, 42, 35, 66, 10, 99, 58, 55, 51, 83, 98, 31, 87, 3, 23, 72, 47, 45, 4, 48, 81, 68, 38, 62, 86, 69, 24, 21, 46, 15, 7, 19, 32, 89, 95, 59, 82, 44, 97, 85, 100, 60, 25, 92, 77, 22, 80, 84, 73, 76, 96, 54, 75, 90]项目工期为：294.0；项目成本为：84685.7
染色体结构为:
[14, 43, 41, 74, 12, 64, 33, 67, 36, 6, 29, 37, 88, 1, 91, 57, 20, 17, 18, 61, 56, 28, 8, 30, 71, 79, 39, 49, 16, 13, 2, 5, 27, 9, 94, 50, 26, 78, 65, 34, 11, 70, 40, 93, 53, 63, 42, 52, 35, 66, 99, 55, 10, 83, 58, 51, 98, 87, 31, 3, 72, 45, 23, 47, 48, 4, 68, 69, 81, 38, 62, 86, 24, 7, 46, 21, 15, 19, 32, 89, 44, 59, 95, 82, 85, 25, 97, 60, 100, 92, 77, 22, 80, 84, 76, 73, 54, 96, 75, 90]项目工期为：282.0；项目成本为：85847.29999999997
染色体结构为:
[14, 12, 67, 41, 74, 33, 43, 36, 64, 6, 1, 29, 88, 37, 91, 57, 18, 56, 17, 20, 28, 61, 8, 16, 30, 39, 71, 79, 13, 40, 5, 94, 49, 9, 50, 34, 66, 93, 51, 99, 58, 78, 45, 55, 26, 11, 31, 2, 63, 86, 23, 10, 47, 35, 48, 46, 70, 27, 19, 4, 59, 42, 3, 68, 65, 24, 38, 62, 83, 72, 69, 98, 21, 15, 53, 81, 44, 7, 97, 95, 89, 85, 52, 82, 25, 87, 100, 32, 60, 54, 22, 80, 75, 76, 92, 77, 84, 73, 96, 90]项目工期为：228.0；项目成本为：92766.90000000002
染色体结构为:
[61, 88, 12, 17, 14, 41, 18, 64, 33, 67, 43, 29, 36, 6, 37, 1, 20, 57, 74, 91, 56, 28, 30, 79, 71, 16, 39, 8, 49, 5, 2, 27, 13, 94, 9, 26, 50, 34, 78, 40, 65, 93, 11, 70, 52, 63, 53, 42, 35, 55, 66, 99, 10, 58, 51, 83, 98, 31, 3, 87, 72, 23, 45, 48, 47, 4, 68, 69, 81, 38, 24, 46, 62, 86, 21, 7, 19, 15, 59, 89, 44, 32, 95, 82, 85, 97, 25, 100, 92, 60, 77, 22, 80, 73, 84, 76, 54, 96, 75, 90]项目工期为：270.0；项目成本为：87491.59999999996
染色体结构为:
[74, 14, 12, 33, 64, 43, 41, 67, 36, 6, 88, 29, 37, 57, 1, 18, 91, 20, 56, 17, 61, 30, 28, 8, 16, 39, 13, 79, 71, 49, 94, 40, 5, 9, 34, 50, 26, 2, 78, 11, 27, 70, 65, 53, 93, 63, 52, 10, 66, 35, 51, 42, 87, 99, 58, 55, 31, 45, 83, 98, 23, 72, 3, 47, 4, 48, 68, 69, 38, 81, 46, 21, 62, 15, 7, 86, 24, 19, 44, 89, 32, 77, 85, 25, 82, 59, 100, 80, 92, 97, 95, 60, 75, 54, 22, 84, 76, 73, 96, 90]项目工期为：404.0；项目成本为：78390.6
染色体结构为:
[41, 12, 14, 67, 33, 6, 43, 64, 37, 29, 1, 20, 74, 91, 57, 36, 56, 88, 18, 61, 28, 17, 79, 30, 71, 8, 39, 16, 5, 49, 2, 13, 27, 94, 9, 50, 26, 65, 34, 78, 40, 93, 11, 53, 70, 63, 52, 42, 66, 35, 99, 55, 10, 58, 51, 83, 98, 87, 31, 3, 72, 23, 47, 48, 45, 4, 68, 69, 81, 38, 62, 24, 86, 46, 7, 21, 15, 32, 19, 59, 89, 44, 95, 82, 85, 97, 25, 60, 100, 92, 77, 22, 80, 73, 84, 76, 54, 96, 75, 90]项目工期为：302.0；项目成本为：82691.9
染色体结构为:
[88, 61, 17, 14, 12, 41, 18, 33, 64, 43, 29, 67, 36, 6, 37, 1, 20, 57, 91, 74, 56, 28, 30, 79, 8, 71, 39, 16, 5, 49, 2, 27, 13, 94, 9, 26, 50, 34, 78, 65, 40, 11, 70, 93, 63, 53, 52, 42, 35, 55, 99, 66, 10, 58, 51, 83, 98, 31, 87, 3, 72, 23, 45, 48, 47, 4, 68, 69, 81, 38, 24, 46, 62, 86, 21, 7, 15, 19, 59, 89, 44, 32, 95, 82, 85, 25, 97, 100, 60, 92, 77, 22, 80, 73, 84, 76, 54, 96, 75, 90]项目工期为：278.0；项目成本为：86636.19999999997
染色体结构为:
[14, 43, 41, 74, 64, 12, 33, 67, 36, 6, 29, 37, 88, 1, 57, 91, 20, 17, 18, 61, 28, 56, 71, 8, 79, 39, 30, 16, 49, 2, 13, 5, 27, 9, 94, 50, 26, 65, 78, 34, 11, 40, 93, 70, 63, 53, 52, 42, 35, 66, 99, 10, 58, 55, 83, 51, 98, 87, 31, 72, 3, 45, 23, 48, 47, 4, 68, 69, 81, 38, 24, 62, 46, 21, 86, 7, 19, 15, 59, 89, 32, 44, 95, 82, 85, 97, 25, 100, 77, 60, 92, 22, 80, 73, 54, 76, 84, 96, 75, 90]项目工期为：269.0；项目成本为：87622.59999999999
染色体结构为:
[88, 61, 14, 17, 12, 64, 33, 18, 43, 41, 67, 29, 36, 6, 74, 37, 16, 94, 1, 71, 79, 30, 39, 49, 13, 2, 58, 57, 31, 9, 50, 20, 56, 91, 28, 5, 8, 40, 27, 26, 70, 78, 65, 53, 35, 11, 93, 63, 52, 10, 42, 55, 66, 99, 51, 34, 45, 87, 3, 23, 98, 86, 47, 83, 48, 19, 46, 4, 15, 68, 69, 38, 72, 25, 59, 81, 62, 7, 85, 21, 44, 24, 95, 89, 60, 97, 32, 82, 77, 100, 22, 92, 54, 80, 73, 75, 76, 84, 90, 96]项目工期为：202.0；项目成本为：97846.00000000001
染色体结构为:
[12, 14, 33, 41, 43, 67, 6, 74, 64, 37, 36, 29, 57, 1, 20, 88, 18, 91, 17, 56, 28, 61, 30, 8, 16, 39, 49, 79, 71, 94, 13, 5, 9, 40, 50, 2, 34, 78, 27, 26, 11, 70, 66, 65, 93, 58, 99, 45, 87, 51, 55, 15, 4, 68, 69, 19, 72, 25, 62, 35, 52, 10, 53, 42, 63, 83, 31, 3, 98, 23, 47, 48, 81, 46, 24, 38, 21, 7, 32, 86, 89, 77, 44, 85, 59, 82, 92, 100, 97, 80, 95, 54, 60, 75, 22, 76, 84, 73, 96, 90]项目工期为：223.0；项目成本为：93107.49999999999
染色体结构为:
[14, 43, 41, 64, 74, 33, 12, 67, 36, 6, 37, 29, 88, 1, 91, 57, 20, 17, 18, 61, 28, 56, 8, 71, 79, 39, 30, 16, 49, 13, 2, 5, 27, 94, 9, 50, 78, 26, 65, 34, 11, 70, 40, 93, 53, 63, 52, 42, 35, 66, 10, 99, 58, 55, 83, 51, 98, 87, 3, 31, 72, 23, 45, 47, 4, 48, 68, 81, 69, 38, 62, 86, 24, 21, 46, 7, 15, 32, 19, 89, 59, 44, 95, 82, 97, 85, 25, 100, 60, 92, 77, 80, 22, 84, 73, 76, 54, 96, 75, 90]项目工期为：301.0；项目成本为：84381.09999999999
染色体结构为:
[88, 14, 61, 17, 18, 16, 30, 79, 71, 74, 13, 39, 12, 64, 67, 41, 33, 29, 43, 37, 1, 36, 20, 57, 6, 66, 58, 91, 93, 99, 45, 51, 55, 56, 78, 9, 94, 34, 65, 70, 8, 87, 49, 11, 15, 28, 2, 40, 27, 50, 5, 26, 4, 19, 68, 69, 25, 23, 72, 98, 62, 31, 35, 86, 46, 63, 47, 10, 48, 59, 42, 3, 83, 24, 38, 81, 7, 53, 21, 85, 52, 44, 95, 89, 82, 97, 60, 32, 92, 54, 22, 100, 76, 80, 73, 75, 84, 77, 90, 96]项目工期为：148.0；项目成本为：116563.79999999996
染色体结构为:
[14, 43, 41, 12, 64, 33, 74, 67, 6, 37, 36, 29, 1, 57, 91, 20, 88, 56, 61, 18, 17, 30, 28, 8, 71, 79, 5, 39, 16, 49, 13, 2, 27, 9, 50, 78, 26, 94, 34, 65, 11, 70, 40, 93, 53, 63, 42, 35, 52, 55, 66, 99, 10, 58, 51, 83, 87, 98, 3, 31, 72, 47, 45, 23, 4, 48, 68, 81, 38, 69, 62, 86, 24, 21, 15, 46, 89, 7, 44, 19, 32, 85, 77, 59, 82, 100, 25, 80, 92, 97, 95, 54, 60, 75, 22, 76, 73, 84, 96, 90]项目工期为：335.0；项目成本为：81583.49999999999
染色体结构为:
[14, 41, 43, 12, 64, 33, 74, 67, 6, 36, 29, 37, 1, 57, 91, 20, 56, 88, 61, 17, 18, 30, 28, 8, 71, 79, 5, 39, 16, 49, 13, 2, 9, 27, 50, 26, 78, 94, 65, 11, 70, 34, 93, 40, 53, 42, 63, 52, 35, 55, 66, 10, 99, 58, 51, 83, 87, 98, 31, 3, 72, 47, 45, 23, 4, 48, 68, 81, 69, 38, 86, 62, 24, 21, 46, 15, 7, 89, 44, 32, 85, 19, 59, 77, 25, 97, 95, 82, 100, 22, 75, 60, 92, 54, 76, 80, 73, 84, 96, 90]项目工期为：341.0；项目成本为：81113.39999999997
染色体结构为:
[88, 61, 14, 17, 12, 64, 33, 18, 41, 43, 67, 29, 36, 6, 74, 37, 16, 1, 94, 79, 71, 39, 49, 30, 2, 58, 13, 57, 9, 31, 20, 50, 56, 91, 28, 8, 5, 40, 26, 27, 70, 78, 65, 53, 35, 93, 11, 63, 52, 10, 42, 55, 66, 99, 51, 45, 34, 87, 3, 23, 86, 83, 98, 47, 48, 19, 46, 4, 15, 68, 69, 38, 72, 25, 59, 62, 81, 21, 7, 85, 44, 24, 95, 89, 60, 97, 82, 32, 100, 77, 22, 54, 80, 92, 75, 73, 76, 84, 90, 96]项目工期为：195.0；项目成本为：98234.89999999998
染色体结构为:
[14, 43, 41, 74, 12, 64, 67, 6, 33, 37, 1, 29, 57, 20, 91, 36, 88, 56, 18, 17, 61, 28, 30, 8, 71, 5, 79, 39, 49, 13, 16, 2, 27, 50, 26, 9, 94, 78, 65, 11, 70, 34, 40, 93, 63, 53, 42, 52, 35, 10, 55, 66, 99, 83, 58, 51, 98, 87, 3, 31, 45, 72, 47, 23, 48, 4, 68, 81, 38, 69, 62, 86, 21, 24, 46, 15, 89, 7, 44, 32, 19, 85, 77, 59, 25, 97, 95, 82, 100, 22, 60, 75, 54, 92, 73, 76, 80, 84, 96, 90]项目工期为：347.0；项目成本为：80266.99999999999
染色体结构为:
[88, 61, 17, 14, 12, 41, 18, 64, 33, 67, 43, 29, 36, 37, 6, 20, 1, 57, 91, 74, 28, 56, 30, 79, 71, 39, 8, 16, 49, 2, 5, 27, 13, 94, 9, 26, 50, 34, 78, 40, 65, 11, 93, 70, 63, 52, 53, 35, 42, 55, 66, 99, 10, 58, 51, 98, 83, 31, 87, 3, 72, 23, 48, 47, 45, 4, 68, 69, 81, 38, 24, 62, 46, 86, 21, 7, 19, 15, 59, 89, 44, 32, 95, 82, 85, 97, 25, 100, 77, 60, 92, 22, 73, 80, 54, 84, 76, 96, 90, 75]项目工期为：254.0；项目成本为：89062.29999999997
染色体结构为:
[12, 14, 41, 33, 67, 43, 6, 64, 74, 37, 29, 1, 36, 57, 20, 56, 91, 88, 28, 17, 18, 8, 61, 16, 39, 71, 30, 79, 13, 49, 40, 50, 5, 94, 9, 34, 2, 27, 26, 78, 11, 70, 66, 93, 58, 65, 99, 51, 55, 45, 87, 4, 15, 68, 19, 69, 72, 25, 62, 98, 35, 23, 31, 86, 63, 47, 48, 46, 10, 59, 42, 3, 83, 38, 24, 21, 53, 81, 7, 95, 52, 89, 82, 85, 100, 44, 97, 60, 92, 32, 54, 22, 76, 75, 80, 84, 73, 77, 96, 90]项目工期为：215.0；项目成本为：95546.59999999999
染色体结构为:
[12, 14, 33, 74, 41, 43, 67, 36, 37, 64, 6, 88, 1, 91, 29, 20, 56, 18, 17, 28, 57, 61, 8, 16, 30, 79, 39, 5, 71, 13, 40, 94, 49, 27, 9, 2, 50, 78, 26, 34, 65, 11, 93, 63, 70, 53, 52, 42, 35, 99, 66, 55, 10, 83, 58, 51, 87, 45, 15, 4, 68, 69, 19, 25, 72, 62, 31, 3, 98, 23, 47, 48, 81, 46, 24, 38, 21, 7, 86, 32, 89, 77, 85, 44, 59, 92, 82, 100, 95, 80, 97, 54, 73, 22, 60, 84, 76, 96, 75, 90]项目工期为：258.0；项目成本为：88326.19999999998
染色体结构为:
[14, 12, 67, 41, 74, 33, 43, 36, 64, 6, 1, 29, 88, 37, 91, 57, 18, 56, 17, 20, 28, 61, 8, 16, 30, 39, 71, 79, 13, 40, 94, 5, 49, 9, 50, 34, 93, 66, 51, 58, 99, 78, 45, 55, 26, 11, 31, 2, 63, 86, 23, 10, 47, 35, 48, 46, 70, 27, 19, 4, 59, 42, 3, 68, 24, 65, 38, 62, 83, 72, 69, 98, 21, 15, 81, 53, 44, 7, 97, 95, 89, 85, 52, 82, 25, 87, 100, 32, 60, 54, 22, 80, 75, 76, 77, 84, 92, 73, 96, 90]项目工期为：218.0；项目成本为：93970.90000000004
染色体结构为:
[33, 12, 14, 74, 41, 67, 37, 43, 36, 1, 64, 6, 88, 29, 20, 18, 91, 56, 57, 17, 28, 8, 16, 61, 30, 79, 13, 39, 71, 5, 40, 49, 9, 94, 34, 93, 50, 58, 51, 66, 99, 78, 45, 55, 26, 27, 2, 11, 65, 35, 70, 52, 63, 10, 53, 87, 42, 3, 31, 98, 23, 83, 47, 72, 4, 81, 48, 68, 38, 69, 46, 62, 15, 21, 7, 24, 89, 32, 44, 86, 85, 25, 19, 77, 82, 59, 80, 92, 95, 100, 22, 60, 97, 54, 73, 84, 76, 90, 75, 96]项目工期为：217.0；项目成本为：94216.39999999997
染色体结构为:
[14, 43, 41, 12, 74, 64, 33, 67, 6, 37, 1, 57, 29, 20, 91, 36, 56, 88, 18, 61, 17, 30, 28, 8, 79, 71, 39, 5, 16, 49, 13, 9, 2, 27, 50, 26, 78, 94, 65, 11, 34, 70, 40, 93, 63, 53, 42, 52, 35, 55, 66, 10, 99, 58, 51, 83, 98, 87, 31, 3, 45, 72, 47, 23, 4, 48, 68, 81, 69, 38, 62, 86, 24, 21, 46, 15, 89, 7, 44, 32, 19, 77, 85, 59, 82, 100, 25, 80, 92, 97, 95, 54, 60, 75, 22, 84, 73, 76, 96, 90]项目工期为：351.0；项目成本为：79017.6
染色体结构为:
[12, 14, 74, 33, 41, 67, 36, 43, 37, 64, 6, 1, 88, 91, 29, 20, 56, 18, 17, 57, 28, 8, 16, 61, 30, 79, 39, 13, 5, 71, 49, 40, 94, 50, 9, 2, 34, 78, 27, 26, 11, 93, 35, 70, 65, 63, 66, 52, 53, 10, 42, 51, 55, 58, 99, 45, 87, 4, 86, 31, 23, 48, 47, 46, 19, 68, 3, 59, 83, 38, 24, 98, 72, 69, 21, 7, 62, 81, 15, 89, 32, 85, 95, 25, 77, 44, 82, 92, 80, 97, 22, 100, 54, 60, 73, 76, 84, 96, 75, 90]项目工期为：227.0；项目成本为：92858.90000000002
染色体结构为:
[14, 12, 67, 41, 33, 74, 43, 36, 64, 6, 1, 29, 88, 37, 91, 57, 18, 56, 17, 20, 28, 61, 8, 16, 30, 39, 79, 71, 13, 40, 94, 49, 5, 9, 50, 34, 93, 66, 51, 99, 58, 78, 45, 26, 55, 11, 31, 2, 63, 86, 23, 47, 10, 35, 48, 70, 27, 46, 19, 4, 59, 42, 3, 68, 24, 65, 38, 62, 72, 83, 69, 98, 21, 81, 15, 53, 7, 44, 97, 95, 89, 85, 52, 82, 87, 25, 100, 32, 60, 54, 22, 80, 75, 76, 77, 84, 73, 92, 96, 90]项目工期为：221.0；项目成本为：93646.90000000004
染色体结构为:
[14, 43, 41, 12, 64, 74, 33, 67, 6, 37, 1, 57, 29, 20, 91, 36, 56, 88, 18, 61, 17, 30, 28, 8, 79, 71, 39, 5, 16, 49, 13, 9, 2, 27, 50, 26, 78, 94, 65, 11, 34, 70, 40, 93, 63, 53, 42, 35, 55, 52, 66, 10, 99, 58, 51, 83, 98, 87, 31, 3, 45, 72, 47, 23, 4, 48, 68, 81, 69, 62, 38, 86, 24, 21, 46, 15, 89, 7, 44, 32, 19, 77, 85, 59, 82, 100, 25, 80, 92, 97, 95, 54, 60, 75, 84, 22, 73, 76, 96, 90]项目工期为：375.0；项目成本为：78537.4
染色体结构为:
[14, 17, 61, 88, 16, 18, 79, 71, 74, 30, 39, 13, 67, 12, 41, 36, 33, 64, 29, 37, 43, 1, 6, 57, 58, 20, 66, 99, 91, 51, 93, 55, 45, 9, 34, 56, 78, 65, 70, 94, 87, 8, 49, 28, 11, 2, 5, 40, 27, 15, 4, 50, 26, 68, 19, 25, 72, 69, 98, 23, 31, 62, 63, 35, 86, 10, 47, 46, 48, 59, 42, 3, 83, 24, 53, 38, 81, 21, 52, 7, 85, 44, 89, 95, 97, 60, 82, 100, 54, 32, 92, 22, 75, 73, 76, 80, 84, 90, 77, 96]项目工期为：151.0；项目成本为：114759.5
染色体结构为:
[12, 14, 33, 41, 43, 67, 6, 74, 37, 64, 29, 36, 1, 57, 88, 91, 20, 56, 18, 28, 17, 61, 16, 8, 30, 79, 39, 5, 71, 13, 40, 94, 49, 27, 9, 2, 50, 78, 26, 34, 65, 11, 93, 63, 70, 53, 52, 42, 35, 99, 66, 55, 10, 83, 58, 51, 87, 45, 15, 4, 68, 69, 19, 25, 72, 31, 62, 3, 98, 23, 47, 48, 81, 46, 38, 24, 21, 7, 86, 32, 89, 77, 85, 44, 92, 59, 82, 100, 95, 80, 97, 54, 73, 22, 84, 76, 60, 96, 75, 90]项目工期为：234.0；项目成本为：90416.09999999998
染色体结构为:
[12, 14, 33, 41, 67, 74, 43, 64, 36, 6, 1, 37, 29, 20, 88, 18, 57, 17, 56, 91, 61, 30, 28, 8, 39, 79, 16, 71, 40, 13, 49, 5, 94, 50, 26, 9, 34, 2, 70, 78, 27, 11, 65, 93, 35, 63, 53, 52, 58, 10, 99, 42, 66, 55, 51, 45, 87, 3, 31, 98, 23, 83, 72, 48, 4, 47, 81, 38, 68, 69, 46, 62, 24, 21, 7, 89, 15, 44, 85, 32, 25, 82, 86, 59, 19, 97, 95, 54, 60, 100, 22, 92, 76, 77, 80, 73, 84, 75, 90, 96]项目工期为：182.0；项目成本为：102544.99999999996
染色体结构为:
[14, 17, 61, 88, 18, 79, 16, 71, 30, 39, 74, 13, 12, 67, 41, 33, 36, 64, 29, 37, 43, 1, 6, 58, 57, 20, 66, 99, 91, 93, 51, 9, 55, 45, 34, 56, 78, 65, 94, 70, 87, 8, 49, 28, 11, 5, 40, 2, 15, 27, 50, 4, 26, 68, 19, 25, 69, 72, 98, 23, 31, 35, 62, 63, 86, 47, 48, 10, 46, 59, 42, 83, 3, 24, 81, 53, 38, 21, 7, 44, 52, 89, 85, 97, 95, 82, 60, 32, 54, 100, 92, 22, 75, 80, 73, 76, 84, 77, 96, 90]项目工期为：150.0；项目成本为：115094.09999999999
染色体结构为:
[41, 12, 14, 67, 33, 6, 64, 29, 43, 37, 1, 20, 74, 91, 57, 36, 56, 18, 88, 61, 28, 79, 17, 30, 71, 8, 39, 16, 5, 2, 49, 13, 27, 94, 50, 26, 9, 65, 34, 78, 40, 11, 53, 93, 63, 70, 42, 52, 66, 35, 99, 10, 55, 58, 51, 98, 87, 83, 31, 72, 3, 23, 47, 45, 48, 4, 68, 69, 81, 38, 24, 62, 86, 7, 46, 21, 15, 32, 19, 59, 89, 44, 77, 85, 25, 82, 100, 92, 80, 97, 95, 60, 54, 75, 22, 84, 73, 76, 96, 90]项目工期为：350.0；项目成本为：79496.79999999999
染色体结构为:
[14, 12, 33, 41, 67, 43, 6, 74, 64, 37, 36, 1, 29, 57, 91, 88, 56, 20, 18, 28, 17, 16, 61, 8, 30, 79, 39, 5, 71, 13, 40, 94, 49, 27, 9, 2, 78, 50, 26, 34, 65, 11, 93, 63, 70, 53, 52, 42, 35, 99, 66, 55, 10, 58, 83, 51, 45, 87, 15, 4, 68, 69, 19, 25, 72, 62, 31, 3, 98, 23, 47, 48, 81, 46, 38, 24, 21, 7, 86, 32, 89, 77, 44, 85, 92, 59, 82, 100, 95, 80, 97, 54, 22, 73, 84, 60, 76, 96, 75, 90]项目工期为：229.0；项目成本为：92229.89999999998
染色体结构为:
[12, 14, 74, 33, 41, 43, 67, 36, 37, 64, 6, 88, 1, 91, 29, 20, 56, 18, 17, 57, 61, 28, 30, 8, 16, 79, 39, 13, 71, 49, 94, 40, 5, 9, 50, 2, 26, 34, 78, 27, 65, 11, 70, 63, 52, 53, 10, 93, 66, 42, 35, 51, 87, 55, 99, 45, 58, 83, 31, 98, 23, 72, 3, 4, 47, 68, 69, 48, 81, 38, 46, 62, 15, 21, 7, 24, 19, 86, 89, 32, 44, 85, 59, 77, 82, 100, 25, 92, 95, 80, 97, 60, 54, 22, 76, 75, 84, 73, 90, 96]项目工期为：292.0；项目成本为：85450.4
染色体结构为:
[14, 43, 41, 74, 12, 64, 33, 67, 36, 6, 29, 37, 88, 1, 91, 20, 57, 17, 61, 56, 18, 8, 28, 30, 71, 79, 39, 49, 16, 13, 2, 5, 27, 9, 94, 50, 26, 78, 65, 34, 11, 70, 40, 93, 63, 53, 42, 52, 35, 66, 99, 55, 10, 83, 58, 51, 98, 87, 31, 3, 72, 45, 23, 47, 48, 4, 68, 69, 81, 38, 62, 86, 24, 7, 46, 21, 15, 19, 32, 89, 44, 59, 95, 85, 82, 25, 97, 60, 100, 92, 77, 22, 80, 76, 84, 73, 54, 96, 75, 90]项目工期为：272.0；项目成本为：87350.39999999998
染色体结构为:
[41, 43, 14, 74, 64, 12, 33, 6, 67, 37, 1, 57, 29, 20, 91, 36, 88, 56, 18, 61, 28, 30, 17, 8, 71, 79, 39, 5, 16, 13, 49, 2, 9, 27, 26, 50, 94, 78, 65, 11, 34, 40, 70, 93, 53, 63, 42, 52, 35, 55, 66, 99, 10, 58, 51, 83, 87, 31, 98, 45, 3, 72, 47, 23, 86, 48, 46, 4, 59, 19, 68, 24, 38, 62, 69, 21, 15, 81, 44, 95, 7, 89, 97, 85, 82, 25, 100, 32, 60, 54, 75, 22, 80, 92, 77, 76, 84, 73, 96, 90]项目工期为：264.0；项目成本为：88017.79999999999
染色体结构为:
[12, 14, 33, 74, 41, 43, 67, 36, 64, 37, 88, 1, 6, 91, 29, 56, 20, 18, 17, 28, 57, 61, 8, 16, 30, 79, 39, 5, 71, 13, 40, 94, 27, 49, 9, 2, 50, 78, 26, 34, 65, 11, 93, 63, 70, 53, 52, 42, 35, 99, 66, 10, 55, 58, 83, 87, 51, 45, 15, 4, 68, 69, 19, 25, 72, 31, 62, 3, 98, 23, 47, 48, 46, 81, 24, 38, 21, 86, 7, 32, 89, 77, 85, 44, 59, 92, 82, 100, 95, 80, 97, 54, 73, 22, 60, 84, 76, 96, 75, 90]项目工期为：247.0；项目成本为：90383.59999999999
染色体结构为:
[12, 14, 33, 74, 41, 43, 67, 37, 36, 64, 6, 88, 1, 91, 29, 20, 18, 56, 17, 28, 57, 61, 8, 16, 30, 79, 39, 71, 5, 49, 2, 13, 27, 9, 94, 50, 26, 65, 78, 34, 11, 40, 93, 70, 63, 53, 52, 42, 35, 66, 99, 10, 58, 83, 55, 51, 98, 87, 31, 72, 3, 45, 23, 48, 47, 4, 68, 69, 81, 38, 24, 46, 62, 21, 86, 7, 19, 15, 59, 32, 89, 44, 95, 82, 85, 97, 25, 100, 77, 60, 22, 92, 80, 73, 54, 76, 84, 96, 75, 90]项目工期为：267.0；项目成本为：87699.29999999999
染色体结构为:
[17, 14, 61, 88, 18, 16, 79, 30, 71, 39, 74, 13, 12, 67, 41, 33, 36, 64, 29, 37, 43, 1, 6, 57, 20, 58, 66, 99, 91, 93, 51, 9, 55, 56, 45, 34, 78, 65, 70, 94, 87, 8, 49, 28, 11, 2, 5, 40, 15, 27, 50, 4, 26, 19, 68, 25, 72, 69, 98, 23, 62, 31, 63, 35, 86, 47, 48, 10, 46, 59, 42, 83, 3, 24, 81, 38, 53, 21, 52, 7, 85, 44, 95, 89, 82, 97, 60, 100, 32, 92, 54, 22, 75, 73, 80, 76, 77, 84, 90, 96]项目工期为：155.0；项目成本为：113024.9
染色体结构为:
[41, 12, 14, 33, 67, 6, 64, 43, 29, 37, 1, 20, 91, 74, 57, 36, 56, 18, 88, 61, 17, 79, 28, 30, 71, 8, 39, 16, 5, 49, 2, 13, 27, 94, 50, 9, 26, 65, 34, 40, 11, 78, 53, 93, 63, 70, 42, 52, 66, 35, 99, 10, 55, 58, 51, 83, 98, 87, 31, 3, 72, 23, 47, 45, 48, 4, 68, 69, 38, 81, 62, 24, 46, 7, 86, 21, 15, 32, 19, 59, 89, 44, 95, 82, 97, 85, 25, 100, 60, 92, 77, 22, 80, 84, 73, 54, 76, 75, 96, 90]项目工期为：340.0；项目成本为：81460.49999999997
染色体结构为:
[14, 43, 41, 64, 74, 12, 33, 67, 36, 6, 37, 29, 88, 1, 57, 91, 20, 17, 18, 28, 56, 61, 8, 71, 79, 30, 39, 49, 16, 13, 5, 2, 27, 94, 9, 50, 78, 26, 34, 11, 65, 70, 40, 93, 53, 63, 52, 42, 35, 66, 10, 99, 58, 51, 45, 55, 31, 86, 23, 47, 48, 46, 4, 19, 59, 3, 24, 68, 83, 62, 38, 72, 98, 69, 21, 15, 81, 44, 7, 97, 95, 89, 82, 85, 25, 87, 100, 32, 60, 22, 54, 75, 80, 76, 92, 77, 84, 73, 96, 90]项目工期为：249.0；项目成本为：89258.40000000002
MID=0.4167134916800145
DM=41601.94401960082
SNS=0.24880456106780113
SM=0.6756468835073959
1.001668315027969E-5
66
共计用时：7秒
