染色体结构为:
[38, 64, 13, 82, 29, 50, 36, 66, 14, 18, 27, 30, 65, 52, 98, 83, 94, 25, 100, 37, 90, 5, 32, 87, 91, 46, 61, 21, 56, 60, 81, 7, 72, 69, 12, 97, 1, 23, 15, 58, 11, 3, 24, 42, 84, 10, 59, 4, 26, 17, 20, 34, 48, 9, 44, 40, 6, 16, 45, 47, 63, 8, 99, 93, 95, 43, 35, 86, 28, 41, 54, 92, 53, 74, 49, 31, 68, 2, 80, 39, 76, 62, 96, 19, 70, 71, 51, 55, 75, 22, 79, 85, 89, 33, 88, 57, 73, 78, 77, 67]项目工期为：279.0；项目成本为：125298.30000000006
染色体结构为:
[3, 7, 84, 100, 94, 45, 11, 16, 27, 98, 42, 82, 91, 18, 25, 65, 49, 15, 37, 66, 36, 20, 61, 38, 50, 63, 90, 8, 56, 4, 17, 35, 14, 74, 47, 10, 87, 5, 2, 29, 60, 13, 64, 83, 46, 30, 52, 21, 32, 12, 72, 97, 81, 69, 58, 23, 1, 24, 9, 26, 59, 48, 34, 44, 68, 95, 70, 80, 62, 53, 96, 71, 41, 39, 99, 28, 31, 19, 54, 6, 73, 40, 55, 75, 76, 79, 22, 43, 85, 33, 51, 93, 78, 89, 92, 57, 86, 88, 67, 77]项目工期为：319.0；项目成本为：112313.80000000002
染色体结构为:
[91, 2, 14, 5, 4, 56, 69, 66, 52, 49, 65, 35, 74, 81, 93, 97, 94, 3, 63, 45, 20, 41, 23, 42, 1, 58, 70, 8, 17, 90, 50, 44, 82, 16, 37, 61, 10, 7, 47, 29, 87, 13, 60, 12, 24, 30, 64, 18, 92, 19, 36, 53, 25, 26, 46, 99, 27, 43, 9, 6, 100, 95, 84, 21, 83, 39, 32, 28, 98, 59, 31, 34, 15, 96, 22, 40, 71, 51, 55, 76, 62, 54, 48, 38, 75, 79, 80, 85, 86, 11, 33, 89, 72, 57, 68, 73, 78, 77, 67, 88]项目工期为：266.0；项目成本为：131329.80000000002
染色体结构为:
[7, 84, 11, 100, 3, 94, 45, 98, 16, 50, 63, 20, 90, 8, 66, 4, 56, 17, 74, 35, 37, 82, 95, 5, 91, 14, 27, 49, 18, 42, 25, 9, 15, 65, 36, 58, 61, 47, 64, 38, 29, 83, 13, 87, 52, 30, 32, 21, 46, 81, 60, 72, 69, 12, 1, 97, 23, 10, 2, 24, 26, 48, 59, 34, 44, 80, 70, 68, 96, 62, 71, 41, 53, 39, 99, 31, 54, 28, 19, 6, 76, 73, 22, 75, 40, 79, 55, 85, 93, 51, 33, 43, 78, 89, 92, 86, 57, 88, 77, 67]项目工期为：346.0；项目成本为：107411.90000000001
染色体结构为:
[2, 91, 4, 14, 5, 56, 69, 52, 66, 81, 65, 74, 97, 49, 35, 93, 94, 41, 45, 3, 23, 63, 20, 42, 70, 58, 44, 68, 1, 9, 34, 26, 16, 36, 25, 29, 13, 50, 99, 100, 98, 7, 11, 12, 54, 18, 15, 72, 87, 27, 21, 85, 38, 30, 22, 40, 95, 47, 61, 92, 6, 28, 86, 48, 59, 37, 73, 10, 84, 89, 31, 39, 77, 64, 80, 51, 8, 90, 75, 79, 17, 32, 43, 24, 46, 60, 53, 62, 33, 19, 82, 78, 67, 76, 55, 83, 57, 96, 88, 71]项目工期为：260.0；项目成本为：133309.09999999998
染色体结构为:
[7, 84, 11, 100, 3, 94, 45, 98, 16, 50, 63, 20, 90, 8, 66, 4, 17, 74, 56, 37, 35, 95, 82, 5, 91, 14, 27, 49, 18, 42, 25, 9, 15, 65, 36, 58, 61, 47, 64, 38, 29, 83, 13, 87, 52, 30, 32, 21, 46, 81, 60, 72, 69, 12, 1, 97, 23, 2, 10, 24, 26, 48, 59, 34, 44, 80, 70, 68, 96, 62, 71, 53, 41, 39, 99, 31, 54, 28, 19, 6, 76, 73, 22, 75, 40, 79, 55, 85, 93, 51, 33, 43, 78, 89, 92, 86, 57, 88, 77, 67]项目工期为：349.0；项目成本为：106723.60000000002
染色体结构为:
[50, 63, 20, 8, 90, 66, 82, 17, 35, 56, 4, 37, 16, 3, 74, 14, 65, 47, 10, 61, 5, 7, 60, 29, 87, 2, 94, 84, 100, 27, 36, 12, 24, 83, 13, 98, 18, 30, 52, 45, 46, 42, 11, 91, 38, 25, 49, 64, 32, 21, 81, 15, 72, 69, 97, 1, 23, 58, 59, 26, 48, 95, 34, 9, 44, 68, 80, 53, 71, 70, 99, 62, 96, 41, 39, 31, 19, 28, 55, 40, 73, 54, 6, 75, 76, 92, 22, 43, 86, 93, 85, 79, 51, 89, 33, 77, 67, 78, 88, 57]项目工期为：400.0；项目成本为：98723.6
染色体结构为:
[8, 7, 3, 63, 50, 20, 90, 4, 17, 66, 56, 82, 37, 35, 74, 14, 16, 47, 10, 65, 61, 5, 87, 29, 2, 27, 60, 94, 12, 36, 24, 83, 18, 98, 13, 30, 46, 52, 100, 84, 45, 11, 49, 91, 42, 38, 25, 64, 21, 32, 15, 97, 81, 72, 69, 1, 23, 26, 58, 59, 95, 9, 44, 34, 48, 68, 80, 53, 71, 70, 62, 99, 96, 39, 41, 28, 31, 40, 19, 55, 54, 6, 73, 75, 22, 76, 92, 93, 43, 86, 85, 79, 89, 51, 33, 78, 77, 67, 88, 57]项目工期为：373.0；项目成本为：103237.90000000001
染色体结构为:
[7, 3, 63, 8, 20, 50, 90, 17, 4, 56, 35, 66, 82, 37, 74, 14, 16, 47, 65, 10, 29, 61, 5, 60, 87, 2, 94, 36, 27, 12, 18, 24, 13, 98, 30, 83, 52, 46, 84, 100, 45, 91, 11, 42, 49, 38, 64, 25, 15, 21, 32, 81, 72, 69, 97, 23, 1, 58, 59, 26, 48, 95, 34, 9, 44, 80, 53, 68, 71, 96, 70, 62, 99, 41, 39, 31, 28, 55, 40, 19, 54, 73, 6, 75, 76, 22, 93, 92, 43, 86, 79, 85, 89, 51, 33, 78, 77, 57, 88, 67]项目工期为：356.0；项目成本为：104844.90000000001
染色体结构为:
[91, 2, 14, 5, 56, 4, 69, 66, 52, 49, 65, 74, 81, 35, 93, 97, 94, 3, 63, 20, 45, 41, 23, 42, 1, 58, 70, 8, 17, 90, 50, 44, 82, 16, 37, 61, 10, 7, 47, 29, 87, 13, 60, 12, 24, 30, 64, 18, 92, 19, 53, 36, 25, 26, 46, 99, 27, 43, 9, 100, 6, 95, 84, 21, 83, 39, 32, 98, 28, 59, 31, 34, 96, 15, 22, 40, 71, 51, 55, 76, 62, 54, 38, 48, 75, 79, 80, 85, 86, 11, 33, 89, 72, 57, 68, 73, 78, 77, 67, 88]项目工期为：266.0；项目成本为：131329.80000000002
染色体结构为:
[3, 100, 84, 94, 16, 7, 45, 11, 98, 82, 27, 42, 91, 25, 18, 65, 15, 49, 36, 66, 37, 61, 20, 38, 50, 63, 8, 90, 56, 17, 4, 35, 47, 14, 74, 10, 87, 5, 29, 2, 60, 64, 83, 30, 52, 13, 46, 21, 32, 12, 72, 69, 81, 97, 23, 24, 58, 9, 26, 1, 59, 34, 48, 44, 95, 68, 80, 70, 53, 62, 96, 71, 39, 99, 41, 31, 19, 28, 54, 6, 73, 40, 55, 75, 76, 22, 79, 85, 43, 33, 51, 93, 78, 86, 89, 92, 57, 88, 77, 67]项目工期为：350.0；项目成本为：106309.50000000003
染色体结构为:
[3, 7, 84, 100, 94, 45, 11, 16, 27, 98, 42, 82, 91, 18, 65, 25, 15, 49, 37, 66, 36, 20, 61, 38, 50, 63, 90, 8, 56, 4, 17, 35, 14, 74, 47, 10, 87, 5, 29, 2, 60, 13, 64, 83, 46, 30, 52, 21, 32, 72, 12, 97, 81, 69, 58, 23, 24, 1, 26, 59, 9, 48, 34, 44, 68, 95, 70, 80, 62, 53, 96, 71, 39, 99, 41, 31, 28, 54, 19, 6, 73, 40, 55, 76, 75, 22, 79, 43, 33, 85, 51, 93, 89, 78, 86, 92, 57, 88, 67, 77]项目工期为：344.0；项目成本为：107966.20000000003
染色体结构为:
[84, 3, 100, 7, 11, 94, 16, 2, 91, 14, 56, 4, 5, 69, 52, 17, 66, 65, 9, 58, 63, 36, 27, 74, 45, 82, 98, 42, 18, 25, 15, 37, 49, 20, 50, 61, 34, 60, 86, 10, 8, 32, 26, 35, 90, 29, 24, 47, 87, 13, 30, 19, 64, 12, 53, 92, 21, 81, 1, 38, 75, 72, 43, 23, 93, 22, 41, 33, 59, 71, 39, 97, 73, 57, 28, 48, 6, 77, 40, 44, 76, 51, 85, 31, 62, 54, 67, 80, 79, 70, 55, 78, 89, 99, 46, 68, 95, 83, 96, 88]项目工期为：276.0；项目成本为：127808.30000000002
染色体结构为:
[84, 100, 3, 7, 45, 16, 91, 94, 2, 66, 14, 5, 4, 56, 69, 52, 49, 65, 81, 74, 35, 63, 93, 97, 20, 41, 23, 58, 8, 42, 1, 70, 50, 17, 44, 90, 37, 82, 10, 61, 47, 29, 60, 12, 87, 64, 13, 24, 30, 92, 18, 19, 53, 36, 26, 25, 46, 6, 99, 27, 95, 9, 32, 43, 21, 83, 39, 59, 98, 28, 15, 96, 31, 34, 40, 71, 22, 55, 76, 54, 48, 51, 62, 85, 75, 80, 38, 79, 11, 89, 73, 33, 72, 86, 68, 77, 88, 78, 57, 67]项目工期为：294.0；项目成本为：120896.80000000002
染色体结构为:
[3, 84, 100, 16, 94, 7, 11, 98, 27, 45, 82, 25, 42, 91, 49, 65, 18, 36, 66, 15, 61, 37, 13, 20, 38, 64, 50, 29, 14, 87, 83, 90, 30, 46, 52, 56, 21, 32, 60, 5, 81, 69, 12, 72, 58, 97, 1, 23, 24, 10, 26, 4, 59, 9, 48, 63, 17, 34, 44, 95, 80, 2, 68, 70, 62, 35, 53, 47, 96, 71, 41, 31, 39, 99, 8, 28, 19, 54, 74, 6, 40, 92, 43, 51, 93, 22, 76, 75, 55, 79, 86, 85, 33, 57, 73, 89, 88, 78, 77, 67]项目工期为：321.0；项目成本为：111666.70000000006
染色体结构为:
[7, 3, 63, 20, 8, 50, 90, 17, 56, 4, 35, 82, 66, 37, 74, 14, 16, 47, 65, 10, 29, 61, 5, 60, 87, 2, 94, 36, 27, 12, 18, 24, 98, 13, 30, 83, 52, 46, 84, 100, 45, 91, 11, 49, 42, 38, 64, 25, 15, 21, 32, 81, 72, 69, 97, 23, 1, 59, 58, 26, 95, 48, 9, 34, 44, 80, 53, 68, 71, 96, 70, 62, 99, 41, 39, 31, 28, 55, 40, 19, 54, 73, 6, 75, 76, 22, 93, 92, 43, 86, 79, 85, 51, 89, 33, 78, 77, 57, 88, 67]项目工期为：356.0；项目成本为：104844.90000000001
染色体结构为:
[84, 94, 3, 7, 100, 16, 11, 2, 91, 4, 14, 56, 5, 66, 52, 69, 65, 81, 49, 74, 35, 93, 97, 45, 63, 23, 20, 42, 41, 58, 1, 90, 8, 70, 44, 50, 37, 17, 82, 10, 61, 47, 60, 87, 29, 12, 13, 24, 30, 64, 92, 18, 36, 25, 19, 53, 26, 46, 27, 99, 6, 43, 95, 9, 21, 83, 39, 32, 28, 98, 59, 31, 15, 34, 96, 22, 40, 71, 55, 76, 51, 54, 62, 75, 38, 48, 79, 85, 86, 80, 72, 33, 73, 89, 88, 57, 68, 77, 67, 78]项目工期为：278.0；项目成本为：126320.39999999998
染色体结构为:
[63, 50, 20, 8, 90, 66, 82, 17, 56, 4, 37, 35, 74, 3, 65, 47, 16, 14, 10, 61, 7, 5, 60, 29, 87, 2, 94, 36, 27, 12, 24, 83, 98, 13, 18, 30, 52, 46, 100, 45, 84, 11, 42, 38, 91, 25, 49, 21, 64, 81, 32, 15, 97, 72, 69, 1, 23, 59, 58, 26, 34, 48, 44, 95, 9, 68, 80, 53, 71, 70, 99, 62, 96, 41, 39, 28, 19, 31, 73, 54, 6, 40, 76, 55, 43, 22, 86, 93, 75, 92, 79, 33, 51, 57, 85, 88, 77, 78, 67, 89]项目工期为：438.0；项目成本为：95516.00000000001
染色体结构为:
[63, 50, 20, 90, 8, 66, 82, 17, 4, 56, 37, 35, 65, 3, 47, 74, 16, 14, 61, 10, 5, 7, 60, 87, 29, 2, 94, 27, 36, 12, 24, 98, 83, 13, 30, 18, 52, 46, 100, 45, 11, 84, 42, 38, 91, 25, 49, 64, 21, 32, 81, 15, 97, 69, 72, 1, 23, 58, 26, 59, 34, 48, 95, 9, 44, 68, 80, 53, 71, 70, 62, 99, 96, 41, 39, 28, 19, 31, 73, 54, 6, 40, 76, 55, 22, 43, 86, 93, 75, 79, 92, 33, 51, 85, 57, 88, 77, 78, 89, 67]项目工期为：411.0；项目成本为：97634.60000000002
染色体结构为:
[84, 100, 3, 94, 45, 16, 11, 7, 27, 98, 42, 25, 82, 91, 18, 65, 36, 49, 15, 37, 66, 61, 38, 20, 50, 8, 63, 90, 17, 56, 35, 4, 74, 47, 14, 10, 87, 5, 2, 60, 83, 29, 64, 46, 30, 13, 21, 52, 81, 32, 12, 69, 97, 23, 1, 58, 72, 9, 26, 86, 59, 24, 34, 48, 44, 53, 68, 95, 80, 62, 71, 31, 96, 41, 99, 70, 40, 19, 39, 73, 54, 76, 28, 55, 6, 22, 75, 85, 33, 79, 51, 43, 93, 92, 89, 78, 57, 77, 88, 67]项目工期为：304.0；项目成本为：115600.50000000003
染色体结构为:
[7, 3, 84, 100, 94, 11, 45, 16, 27, 98, 42, 91, 82, 18, 25, 65, 49, 15, 37, 66, 36, 20, 61, 38, 50, 63, 90, 8, 56, 4, 17, 35, 14, 74, 47, 10, 87, 5, 29, 60, 2, 13, 83, 64, 46, 52, 21, 30, 12, 32, 72, 81, 97, 69, 58, 23, 24, 1, 26, 9, 59, 48, 44, 34, 68, 95, 70, 80, 62, 53, 96, 71, 41, 31, 39, 99, 28, 19, 54, 73, 6, 40, 55, 75, 76, 79, 22, 43, 85, 33, 51, 93, 89, 78, 86, 57, 92, 88, 67, 77]项目工期为：337.0；项目成本为：108816.20000000003
染色体结构为:
[63, 20, 50, 90, 66, 8, 4, 17, 74, 56, 37, 35, 82, 14, 65, 3, 47, 16, 10, 5, 61, 87, 94, 7, 29, 2, 60, 27, 12, 24, 13, 36, 18, 30, 98, 25, 83, 100, 46, 21, 64, 52, 91, 32, 81, 38, 58, 72, 97, 69, 23, 1, 84, 15, 11, 42, 26, 95, 48, 9, 59, 44, 34, 80, 53, 70, 96, 71, 45, 62, 68, 99, 41, 28, 19, 39, 6, 31, 54, 73, 76, 40, 55, 22, 75, 43, 85, 79, 93, 49, 51, 33, 89, 77, 57, 78, 92, 86, 88, 67]项目工期为：430.0；项目成本为：96140.80000000002
染色体结构为:
[7, 3, 8, 63, 50, 90, 20, 17, 4, 66, 56, 35, 82, 37, 14, 74, 16, 47, 65, 10, 61, 5, 29, 87, 2, 60, 27, 94, 12, 24, 83, 36, 18, 13, 98, 30, 52, 46, 84, 11, 100, 45, 91, 42, 49, 38, 25, 64, 21, 32, 15, 97, 81, 69, 72, 1, 23, 58, 59, 26, 48, 9, 95, 34, 44, 68, 80, 53, 71, 70, 99, 62, 96, 41, 31, 28, 39, 19, 40, 55, 54, 6, 75, 73, 76, 92, 22, 86, 85, 43, 93, 89, 51, 79, 33, 78, 57, 88, 77, 67]项目工期为：364.0；项目成本为：104537.90000000002
染色体结构为:
[7, 63, 20, 8, 90, 66, 50, 82, 56, 17, 4, 35, 37, 65, 3, 74, 47, 16, 14, 10, 61, 5, 60, 87, 29, 2, 94, 27, 24, 36, 12, 98, 13, 18, 83, 30, 52, 46, 45, 100, 11, 84, 42, 38, 91, 25, 49, 64, 32, 21, 81, 97, 15, 72, 69, 1, 23, 58, 59, 26, 34, 48, 44, 95, 68, 9, 80, 53, 71, 70, 99, 62, 96, 41, 39, 28, 19, 73, 31, 6, 54, 40, 76, 55, 22, 43, 93, 75, 86, 92, 33, 51, 79, 85, 57, 77, 88, 78, 89, 67]项目工期为：409.0；项目成本为：98554.70000000001
染色体结构为:
[64, 38, 13, 82, 29, 50, 66, 36, 27, 18, 14, 30, 65, 98, 52, 83, 94, 25, 37, 87, 100, 5, 90, 32, 91, 61, 46, 21, 56, 60, 81, 72, 7, 12, 69, 23, 97, 15, 1, 58, 24, 11, 10, 3, 4, 84, 42, 26, 59, 17, 20, 34, 9, 44, 40, 6, 48, 16, 47, 45, 63, 8, 99, 93, 43, 35, 95, 86, 28, 54, 41, 92, 53, 74, 2, 31, 49, 39, 76, 68, 80, 62, 96, 19, 71, 70, 51, 55, 75, 79, 85, 89, 33, 88, 22, 57, 78, 77, 73, 67]项目工期为：295.0；项目成本为：120188.80000000005
染色体结构为:
[63, 50, 20, 90, 8, 66, 82, 17, 4, 56, 35, 37, 65, 3, 47, 74, 16, 14, 61, 10, 5, 7, 60, 87, 29, 2, 94, 27, 36, 12, 24, 98, 83, 13, 30, 18, 52, 46, 100, 45, 11, 84, 42, 38, 91, 25, 49, 21, 64, 32, 81, 15, 97, 69, 72, 1, 23, 58, 26, 59, 48, 34, 95, 9, 44, 68, 80, 53, 71, 70, 99, 62, 96, 39, 41, 28, 19, 31, 73, 54, 6, 40, 76, 55, 22, 43, 93, 86, 75, 79, 92, 51, 33, 85, 88, 57, 77, 89, 78, 67]项目工期为：411.0；项目成本为：97634.60000000002
染色体结构为:
[84, 100, 3, 7, 94, 16, 45, 11, 98, 42, 27, 82, 91, 25, 18, 65, 49, 15, 37, 66, 36, 38, 61, 20, 50, 8, 63, 56, 90, 17, 4, 35, 74, 47, 29, 14, 10, 87, 60, 5, 2, 83, 64, 13, 30, 46, 21, 52, 32, 69, 81, 97, 12, 72, 58, 1, 23, 34, 9, 24, 26, 86, 44, 59, 95, 48, 68, 53, 96, 62, 80, 41, 70, 71, 99, 39, 31, 40, 28, 19, 54, 73, 6, 76, 22, 75, 55, 43, 79, 85, 93, 51, 33, 92, 89, 78, 57, 88, 67, 77]项目工期为：316.0；项目成本为：112680.50000000003
染色体结构为:
[64, 38, 91, 4, 2, 14, 56, 5, 69, 81, 66, 52, 65, 74, 97, 49, 35, 93, 94, 41, 45, 3, 23, 63, 42, 20, 44, 68, 70, 58, 1, 9, 34, 26, 16, 29, 36, 25, 13, 50, 100, 99, 98, 11, 12, 7, 18, 54, 15, 72, 87, 21, 27, 85, 22, 30, 95, 40, 47, 61, 92, 6, 86, 28, 48, 37, 59, 73, 84, 89, 31, 10, 39, 80, 77, 51, 90, 8, 75, 79, 32, 17, 43, 24, 60, 46, 53, 62, 33, 19, 82, 78, 67, 55, 76, 83, 57, 96, 71, 88]项目工期为：258.0；项目成本为：136219.79999999996
染色体结构为:
[20, 63, 8, 90, 50, 7, 66, 3, 17, 4, 56, 82, 35, 37, 74, 14, 47, 16, 65, 10, 61, 5, 29, 60, 2, 87, 94, 27, 36, 12, 24, 18, 83, 13, 30, 98, 52, 46, 11, 100, 84, 45, 91, 42, 49, 38, 25, 64, 21, 32, 15, 81, 72, 97, 69, 1, 23, 58, 59, 26, 48, 95, 9, 44, 34, 80, 68, 71, 53, 70, 99, 62, 96, 41, 39, 31, 28, 40, 19, 55, 54, 6, 73, 75, 22, 92, 76, 43, 93, 86, 79, 85, 89, 51, 33, 78, 77, 67, 88, 57]项目工期为：368.0；项目成本为：103574.0
染色体结构为:
[3, 8, 7, 63, 20, 50, 17, 90, 4, 66, 56, 35, 82, 37, 74, 14, 16, 47, 65, 10, 61, 29, 5, 60, 87, 2, 27, 94, 24, 36, 12, 13, 18, 98, 30, 46, 83, 52, 84, 45, 100, 11, 91, 42, 49, 38, 64, 32, 25, 15, 21, 81, 69, 72, 97, 23, 59, 1, 58, 26, 48, 9, 95, 34, 44, 80, 53, 68, 71, 70, 62, 96, 99, 41, 31, 39, 28, 55, 40, 19, 54, 73, 6, 76, 75, 22, 92, 93, 43, 86, 85, 89, 79, 33, 78, 77, 51, 67, 57, 88]项目工期为：362.0；项目成本为：104695.3
染色体结构为:
[63, 20, 90, 50, 66, 8, 4, 17, 74, 56, 37, 35, 82, 14, 3, 65, 47, 16, 10, 5, 61, 87, 7, 94, 29, 2, 60, 27, 12, 24, 13, 36, 18, 30, 98, 25, 83, 100, 46, 21, 64, 52, 32, 91, 81, 38, 58, 72, 97, 69, 23, 1, 84, 15, 11, 42, 26, 95, 48, 59, 9, 44, 34, 80, 70, 53, 96, 71, 45, 62, 68, 99, 41, 28, 19, 39, 31, 6, 73, 54, 76, 40, 55, 75, 22, 43, 85, 93, 79, 49, 51, 33, 89, 77, 78, 57, 92, 86, 67, 88]项目工期为：430.0；项目成本为：96140.80000000002
染色体结构为:
[63, 50, 20, 8, 90, 66, 82, 17, 56, 4, 35, 74, 37, 3, 65, 16, 47, 14, 10, 61, 7, 5, 60, 87, 29, 2, 27, 94, 36, 24, 12, 83, 13, 98, 18, 30, 52, 46, 84, 100, 45, 11, 42, 38, 91, 49, 25, 64, 32, 21, 81, 72, 15, 97, 69, 1, 23, 59, 26, 58, 48, 34, 95, 44, 9, 68, 53, 80, 71, 99, 70, 96, 62, 41, 39, 31, 28, 19, 55, 40, 6, 73, 54, 76, 92, 22, 75, 43, 85, 79, 93, 86, 33, 78, 89, 51, 57, 88, 67, 77]项目工期为：399.0；项目成本为：99084.10000000002
染色体结构为:
[7, 84, 3, 94, 100, 11, 45, 16, 98, 27, 42, 91, 82, 18, 25, 65, 15, 49, 66, 37, 36, 20, 61, 38, 63, 90, 50, 8, 56, 4, 17, 35, 14, 10, 74, 47, 87, 5, 29, 2, 60, 13, 83, 64, 46, 21, 52, 30, 32, 12, 72, 81, 97, 69, 58, 23, 24, 1, 26, 9, 59, 34, 48, 44, 68, 95, 70, 80, 62, 53, 96, 71, 41, 39, 31, 99, 28, 19, 54, 73, 40, 6, 55, 76, 75, 79, 43, 22, 85, 51, 33, 93, 89, 78, 86, 92, 57, 88, 67, 77]项目工期为：342.0；项目成本为：108610.50000000003
染色体结构为:
[2, 4, 91, 14, 5, 56, 69, 52, 66, 65, 81, 74, 97, 35, 49, 93, 94, 41, 45, 3, 63, 23, 20, 42, 70, 58, 44, 68, 1, 9, 34, 16, 26, 36, 25, 29, 13, 50, 99, 100, 98, 7, 11, 12, 54, 18, 15, 87, 72, 21, 27, 85, 38, 30, 22, 40, 47, 95, 61, 92, 6, 28, 86, 48, 59, 37, 10, 73, 84, 89, 31, 39, 64, 77, 80, 51, 8, 90, 75, 79, 17, 32, 43, 46, 60, 24, 53, 62, 33, 19, 82, 78, 76, 67, 55, 83, 57, 96, 71, 88]项目工期为：260.0；项目成本为：133309.09999999998
染色体结构为:
[3, 84, 94, 100, 45, 16, 7, 64, 38, 63, 11, 98, 27, 82, 42, 18, 91, 49, 25, 65, 15, 66, 37, 36, 20, 61, 50, 8, 90, 56, 4, 35, 17, 14, 74, 10, 47, 87, 29, 5, 60, 2, 13, 83, 46, 52, 21, 30, 32, 81, 72, 12, 97, 58, 23, 69, 24, 1, 26, 9, 59, 48, 34, 44, 68, 95, 80, 62, 53, 70, 96, 41, 71, 39, 31, 99, 28, 19, 54, 73, 40, 6, 55, 76, 75, 79, 43, 85, 22, 51, 93, 33, 89, 86, 78, 92, 57, 88, 67, 77]项目工期为：333.0；项目成本为：109818.00000000001
染色体结构为:
[20, 63, 50, 90, 66, 8, 4, 17, 56, 74, 37, 35, 82, 65, 14, 3, 47, 16, 10, 5, 61, 87, 94, 7, 2, 29, 60, 27, 12, 24, 13, 36, 18, 30, 98, 25, 83, 46, 100, 21, 64, 52, 91, 32, 81, 38, 58, 72, 97, 69, 23, 1, 84, 15, 11, 42, 26, 95, 48, 9, 59, 44, 34, 80, 53, 96, 71, 70, 45, 62, 68, 99, 41, 28, 19, 39, 6, 31, 54, 73, 76, 40, 55, 22, 75, 43, 85, 79, 93, 49, 51, 33, 89, 77, 57, 78, 92, 86, 88, 67]项目工期为：430.0；项目成本为：96140.80000000002
染色体结构为:
[3, 84, 94, 100, 45, 16, 64, 7, 38, 63, 98, 11, 27, 82, 18, 91, 49, 42, 25, 15, 65, 66, 37, 36, 20, 61, 50, 8, 90, 56, 4, 35, 17, 14, 74, 47, 10, 87, 29, 5, 2, 60, 13, 83, 46, 52, 30, 21, 32, 72, 81, 12, 97, 58, 23, 69, 24, 1, 26, 59, 9, 48, 34, 44, 68, 95, 80, 62, 53, 70, 96, 41, 71, 39, 31, 99, 28, 19, 54, 73, 40, 6, 55, 76, 75, 79, 43, 22, 85, 51, 93, 33, 89, 78, 86, 57, 88, 92, 67, 77]项目工期为：334.0；项目成本为：109813.60000000002
染色体结构为:
[38, 64, 13, 82, 29, 50, 66, 36, 27, 14, 18, 65, 30, 98, 52, 83, 94, 25, 87, 37, 100, 90, 5, 32, 91, 61, 46, 21, 56, 81, 60, 72, 7, 12, 69, 23, 97, 15, 1, 58, 24, 11, 10, 3, 4, 84, 42, 26, 17, 59, 20, 34, 9, 44, 40, 6, 48, 16, 47, 45, 63, 8, 99, 93, 43, 35, 95, 86, 28, 54, 92, 41, 53, 74, 2, 31, 49, 39, 76, 68, 80, 62, 96, 19, 71, 70, 55, 75, 51, 79, 85, 89, 33, 88, 22, 57, 78, 77, 73, 67]项目工期为：297.0；项目成本为：118837.40000000004
染色体结构为:
[8, 7, 3, 63, 50, 20, 90, 4, 17, 66, 82, 56, 37, 35, 74, 14, 16, 47, 10, 65, 61, 5, 87, 29, 2, 27, 60, 94, 12, 36, 24, 83, 18, 98, 13, 30, 46, 52, 100, 84, 45, 11, 49, 91, 38, 42, 25, 64, 21, 15, 32, 97, 81, 72, 69, 23, 1, 26, 58, 59, 95, 9, 44, 34, 48, 68, 80, 53, 70, 71, 62, 99, 96, 39, 41, 31, 28, 40, 19, 55, 54, 6, 73, 75, 22, 76, 92, 93, 43, 86, 79, 85, 89, 51, 33, 77, 78, 67, 57, 88]项目工期为：373.0；项目成本为：103237.90000000001
染色体结构为:
[3, 8, 7, 63, 20, 50, 17, 90, 4, 66, 56, 35, 82, 37, 74, 14, 16, 47, 65, 10, 61, 29, 5, 87, 60, 2, 27, 94, 24, 36, 12, 13, 18, 98, 30, 46, 83, 52, 84, 100, 45, 11, 91, 42, 49, 38, 64, 32, 25, 15, 21, 81, 69, 72, 97, 23, 1, 59, 58, 26, 48, 9, 95, 34, 44, 53, 80, 68, 71, 70, 96, 62, 99, 41, 31, 39, 28, 55, 19, 40, 54, 73, 6, 76, 22, 92, 75, 93, 43, 86, 85, 89, 79, 33, 77, 78, 51, 67, 57, 88]项目工期为：360.0；项目成本为：104696.70000000001
染色体结构为:
[63, 50, 20, 8, 90, 66, 82, 17, 4, 56, 35, 37, 3, 74, 65, 16, 47, 7, 10, 14, 61, 5, 60, 29, 87, 2, 94, 27, 36, 24, 83, 12, 13, 98, 30, 46, 52, 18, 100, 84, 45, 38, 11, 42, 25, 49, 64, 91, 21, 32, 81, 97, 72, 15, 69, 1, 23, 59, 58, 26, 34, 48, 44, 9, 80, 95, 68, 53, 71, 70, 99, 96, 62, 39, 41, 28, 19, 31, 73, 54, 6, 40, 76, 43, 55, 22, 86, 93, 75, 79, 92, 33, 51, 57, 85, 88, 78, 77, 67, 89]项目工期为：437.0；项目成本为：95745.6
染色体结构为:
[7, 3, 20, 63, 8, 90, 50, 17, 56, 4, 35, 82, 66, 37, 74, 14, 47, 16, 65, 10, 61, 29, 5, 60, 87, 2, 94, 36, 27, 12, 18, 24, 98, 13, 30, 83, 52, 46, 84, 100, 45, 91, 11, 49, 42, 64, 38, 25, 15, 21, 32, 81, 72, 69, 97, 23, 1, 59, 58, 26, 95, 48, 9, 34, 44, 80, 68, 53, 71, 96, 70, 62, 99, 41, 39, 31, 28, 55, 40, 19, 54, 73, 6, 75, 76, 22, 93, 92, 43, 79, 86, 85, 51, 89, 33, 77, 57, 78, 88, 67]项目工期为：356.0；项目成本为：104844.90000000001
染色体结构为:
[64, 38, 13, 82, 29, 50, 66, 36, 27, 18, 14, 30, 65, 98, 52, 83, 94, 25, 37, 87, 100, 5, 90, 32, 61, 91, 46, 21, 56, 60, 72, 81, 7, 12, 69, 23, 97, 15, 1, 58, 24, 11, 10, 4, 84, 3, 42, 26, 59, 17, 20, 34, 44, 9, 40, 6, 48, 16, 47, 45, 63, 8, 99, 43, 93, 95, 35, 86, 28, 54, 41, 92, 74, 53, 2, 31, 49, 39, 76, 68, 80, 96, 62, 19, 71, 70, 51, 55, 75, 79, 85, 89, 33, 88, 22, 78, 57, 77, 73, 67]项目工期为：290.0；项目成本为：121277.00000000004
染色体结构为:
[91, 2, 4, 56, 14, 5, 69, 52, 66, 74, 81, 65, 97, 49, 93, 35, 94, 41, 23, 45, 63, 3, 20, 42, 70, 58, 44, 68, 1, 9, 34, 26, 16, 36, 25, 29, 13, 50, 98, 99, 100, 7, 11, 12, 18, 54, 15, 72, 27, 21, 87, 85, 38, 22, 40, 30, 47, 61, 95, 92, 6, 86, 28, 48, 59, 37, 84, 73, 89, 10, 31, 39, 77, 80, 64, 51, 8, 75, 90, 79, 32, 24, 17, 46, 43, 53, 60, 62, 33, 19, 78, 82, 67, 76, 55, 83, 57, 96, 88, 71]项目工期为：259.0；项目成本为：134725.69999999995
染色体结构为:
[3, 7, 84, 94, 100, 11, 45, 16, 27, 98, 42, 82, 18, 91, 25, 65, 49, 15, 37, 66, 36, 20, 61, 38, 50, 63, 8, 90, 56, 4, 17, 14, 35, 74, 47, 10, 87, 5, 2, 29, 60, 13, 83, 64, 46, 30, 52, 21, 32, 12, 72, 97, 81, 69, 58, 23, 1, 24, 9, 26, 48, 59, 34, 44, 68, 95, 70, 80, 62, 96, 53, 71, 39, 99, 41, 28, 31, 19, 54, 6, 73, 40, 55, 75, 76, 79, 22, 43, 85, 33, 51, 93, 78, 89, 92, 57, 86, 88, 67, 77]项目工期为：313.0；项目成本为：113160.30000000002
染色体结构为:
[63, 50, 20, 8, 90, 82, 66, 17, 56, 4, 37, 35, 74, 65, 3, 14, 16, 47, 61, 7, 10, 5, 87, 94, 29, 2, 27, 60, 24, 12, 13, 18, 36, 30, 83, 98, 25, 100, 21, 64, 46, 91, 32, 52, 72, 38, 81, 97, 69, 58, 1, 23, 84, 11, 15, 42, 26, 48, 9, 95, 59, 34, 44, 80, 70, 53, 45, 71, 62, 96, 68, 99, 28, 19, 41, 6, 39, 31, 73, 54, 76, 40, 75, 55, 22, 79, 85, 93, 43, 51, 33, 49, 78, 89, 57, 77, 67, 92, 86, 88]项目工期为：504.0；项目成本为：92715.80000000002
染色体结构为:
[3, 100, 84, 94, 16, 45, 7, 11, 98, 82, 27, 42, 91, 25, 18, 65, 15, 49, 36, 66, 37, 20, 61, 38, 50, 63, 90, 8, 56, 17, 4, 35, 47, 14, 74, 10, 87, 5, 29, 2, 60, 64, 83, 30, 52, 13, 46, 21, 12, 32, 72, 69, 81, 23, 97, 24, 58, 26, 9, 1, 59, 34, 44, 48, 68, 95, 80, 70, 53, 62, 71, 96, 39, 99, 41, 31, 19, 28, 54, 73, 6, 40, 55, 75, 76, 22, 79, 85, 43, 33, 51, 93, 78, 89, 86, 92, 57, 77, 88, 67]项目工期为：350.0；项目成本为：106309.50000000003
染色体结构为:
[63, 20, 50, 90, 66, 8, 94, 3, 100, 16, 45, 84, 7, 38, 64, 17, 56, 35, 4, 11, 82, 74, 14, 37, 65, 47, 10, 87, 5, 29, 61, 2, 60, 27, 12, 24, 13, 18, 30, 36, 98, 25, 83, 46, 21, 32, 91, 52, 81, 72, 58, 69, 97, 1, 23, 15, 42, 26, 48, 9, 59, 95, 34, 44, 80, 70, 53, 71, 96, 62, 68, 99, 28, 39, 41, 19, 6, 73, 31, 76, 54, 22, 40, 55, 75, 85, 79, 51, 93, 43, 33, 78, 89, 57, 77, 49, 92, 86, 67, 88]项目工期为：569.0；项目成本为：91075.70000000003
染色体结构为:
[90, 20, 8, 7, 3, 63, 50, 17, 4, 66, 56, 35, 82, 74, 37, 14, 47, 16, 10, 65, 61, 5, 29, 87, 2, 60, 27, 12, 94, 36, 24, 83, 18, 98, 13, 46, 30, 52, 100, 84, 45, 11, 91, 42, 49, 25, 38, 64, 21, 32, 15, 97, 81, 72, 69, 23, 1, 58, 59, 26, 9, 95, 48, 34, 44, 68, 71, 80, 53, 70, 62, 99, 41, 28, 96, 39, 31, 40, 19, 6, 55, 54, 75, 73, 22, 76, 43, 92, 93, 85, 86, 89, 79, 51, 33, 78, 77, 88, 67, 57]项目工期为：381.0；项目成本为：101663.40000000001
染色体结构为:
[84, 7, 3, 45, 16, 94, 100, 20, 63, 66, 50, 90, 8, 4, 17, 56, 35, 74, 82, 37, 47, 65, 14, 10, 61, 5, 2, 29, 87, 60, 24, 27, 12, 13, 36, 18, 98, 25, 83, 21, 30, 46, 64, 32, 91, 81, 52, 72, 69, 38, 97, 58, 1, 23, 11, 26, 15, 42, 48, 95, 9, 59, 34, 44, 80, 53, 70, 96, 71, 62, 68, 39, 99, 41, 28, 19, 6, 31, 73, 54, 76, 40, 75, 22, 55, 79, 85, 93, 43, 33, 78, 51, 49, 57, 89, 77, 67, 92, 86, 88]项目工期为：495.0；项目成本为：92906.60000000002
染色体结构为:
[63, 20, 50, 8, 90, 82, 66, 17, 56, 4, 35, 37, 74, 65, 3, 14, 16, 47, 61, 7, 10, 5, 87, 29, 94, 2, 27, 60, 24, 12, 13, 18, 36, 30, 83, 98, 25, 100, 21, 46, 91, 64, 32, 52, 72, 38, 81, 97, 69, 58, 1, 23, 84, 11, 15, 42, 26, 48, 9, 95, 59, 34, 44, 80, 70, 45, 53, 71, 62, 96, 68, 99, 19, 28, 41, 39, 6, 31, 73, 54, 76, 40, 75, 22, 55, 85, 79, 93, 43, 51, 33, 49, 78, 89, 57, 92, 77, 67, 86, 88]项目工期为：509.0；项目成本为：92399.80000000002
染色体结构为:
[63, 50, 20, 90, 8, 82, 66, 17, 4, 56, 35, 37, 3, 65, 47, 74, 16, 14, 61, 5, 10, 7, 60, 87, 29, 2, 27, 94, 36, 12, 24, 98, 83, 13, 30, 18, 52, 46, 100, 45, 11, 84, 42, 38, 91, 49, 25, 64, 21, 32, 81, 15, 97, 69, 72, 1, 23, 58, 26, 59, 34, 48, 95, 9, 44, 80, 68, 53, 71, 99, 70, 62, 96, 39, 41, 28, 19, 31, 73, 54, 6, 40, 76, 55, 22, 43, 93, 86, 75, 79, 92, 51, 33, 85, 88, 57, 77, 89, 78, 67]项目工期为：414.0；项目成本为：97615.60000000002
染色体结构为:
[38, 64, 13, 82, 29, 50, 66, 36, 27, 14, 18, 65, 30, 98, 52, 83, 94, 87, 25, 37, 100, 90, 5, 32, 91, 61, 46, 56, 21, 81, 60, 72, 7, 12, 69, 23, 97, 15, 1, 58, 11, 24, 10, 3, 4, 84, 42, 26, 17, 59, 20, 34, 9, 44, 40, 6, 48, 16, 47, 63, 8, 45, 99, 93, 43, 35, 95, 86, 28, 54, 92, 41, 53, 2, 74, 31, 49, 39, 76, 68, 80, 96, 62, 19, 71, 70, 55, 75, 51, 85, 79, 33, 89, 88, 22, 57, 78, 77, 73, 67]项目工期为：297.0；项目成本为：118837.40000000004
染色体结构为:
[7, 84, 45, 3, 16, 100, 94, 91, 2, 14, 5, 4, 66, 69, 56, 49, 52, 65, 81, 74, 35, 97, 63, 20, 93, 41, 58, 42, 23, 1, 50, 8, 70, 44, 17, 90, 37, 82, 61, 10, 47, 29, 12, 13, 60, 64, 87, 30, 18, 24, 92, 53, 19, 36, 25, 26, 46, 6, 43, 99, 27, 95, 9, 21, 83, 32, 59, 39, 28, 15, 98, 96, 71, 40, 31, 34, 22, 76, 54, 55, 51, 48, 62, 75, 85, 80, 38, 79, 11, 89, 33, 86, 73, 72, 77, 68, 88, 67, 78, 57]项目工期为：286.0；项目成本为：123013.30000000002
染色体结构为:
[7, 84, 3, 45, 16, 100, 2, 91, 14, 94, 5, 66, 56, 4, 69, 52, 49, 65, 74, 35, 81, 97, 93, 41, 63, 20, 58, 23, 8, 42, 1, 50, 70, 44, 90, 17, 37, 82, 10, 61, 47, 29, 60, 87, 12, 64, 30, 13, 24, 18, 53, 92, 36, 26, 19, 46, 6, 99, 25, 27, 43, 95, 21, 9, 32, 83, 59, 39, 28, 98, 15, 96, 31, 71, 40, 76, 34, 54, 22, 48, 55, 51, 62, 38, 85, 75, 80, 79, 89, 11, 33, 86, 73, 72, 68, 88, 67, 77, 78, 57]项目工期为：282.0；项目成本为：124713.90000000001
染色体结构为:
[63, 3, 7, 8, 20, 50, 90, 17, 4, 35, 56, 66, 82, 37, 16, 74, 14, 65, 47, 10, 29, 61, 5, 60, 87, 2, 94, 36, 27, 12, 24, 18, 13, 98, 30, 83, 52, 84, 46, 100, 45, 91, 11, 42, 49, 38, 64, 25, 15, 21, 81, 32, 72, 69, 97, 23, 1, 58, 59, 26, 48, 95, 34, 9, 44, 80, 53, 68, 71, 96, 70, 62, 99, 41, 31, 39, 55, 40, 28, 54, 19, 73, 6, 75, 76, 22, 93, 92, 43, 86, 85, 79, 51, 89, 33, 78, 77, 88, 57, 67]项目工期为：354.0；项目成本为：105419.90000000001
染色体结构为:
[2, 4, 14, 91, 56, 5, 69, 52, 66, 65, 74, 81, 97, 49, 35, 93, 94, 45, 41, 3, 23, 20, 63, 42, 70, 58, 44, 68, 1, 9, 26, 34, 16, 36, 25, 29, 13, 50, 99, 100, 98, 7, 11, 54, 12, 18, 15, 72, 87, 27, 85, 21, 38, 30, 22, 40, 47, 95, 61, 92, 6, 28, 86, 48, 59, 37, 73, 10, 84, 89, 31, 39, 77, 64, 80, 51, 8, 90, 75, 17, 79, 32, 43, 24, 46, 60, 53, 62, 33, 19, 82, 78, 67, 76, 55, 83, 57, 96, 88, 71]项目工期为：260.0；项目成本为：133309.09999999998
染色体结构为:
[2, 4, 14, 56, 91, 5, 69, 52, 66, 65, 74, 81, 97, 49, 35, 93, 94, 45, 41, 23, 3, 20, 63, 42, 58, 70, 44, 68, 1, 9, 26, 34, 16, 36, 25, 29, 13, 50, 99, 98, 100, 7, 11, 54, 18, 12, 15, 72, 87, 27, 85, 21, 38, 30, 22, 40, 47, 61, 92, 6, 95, 86, 28, 48, 37, 59, 73, 10, 84, 89, 31, 39, 77, 80, 64, 51, 8, 90, 75, 17, 79, 32, 43, 24, 46, 60, 53, 62, 19, 33, 82, 67, 78, 76, 55, 83, 96, 57, 88, 71]项目工期为：260.0；项目成本为：133309.09999999998
染色体结构为:
[20, 63, 8, 90, 50, 66, 7, 3, 17, 4, 82, 56, 35, 37, 74, 14, 47, 16, 65, 10, 61, 29, 5, 2, 60, 94, 87, 27, 36, 12, 18, 24, 83, 13, 30, 98, 52, 46, 100, 11, 84, 45, 91, 42, 49, 38, 25, 64, 21, 32, 15, 81, 72, 97, 69, 1, 23, 58, 59, 26, 48, 95, 9, 34, 44, 68, 80, 53, 70, 71, 99, 62, 96, 41, 39, 31, 28, 40, 55, 19, 54, 73, 6, 75, 76, 22, 92, 43, 93, 86, 85, 79, 89, 51, 33, 78, 77, 67, 88, 57]项目工期为：382.0；项目成本为：100596.3
染色体结构为:
[50, 63, 20, 8, 90, 66, 82, 17, 4, 56, 35, 37, 3, 74, 65, 16, 47, 7, 10, 14, 61, 60, 29, 5, 87, 2, 94, 27, 36, 24, 12, 83, 13, 98, 30, 46, 52, 18, 100, 84, 45, 38, 11, 42, 49, 25, 91, 64, 32, 81, 21, 72, 15, 97, 69, 1, 23, 58, 59, 26, 48, 34, 44, 9, 80, 95, 68, 53, 71, 70, 99, 96, 62, 39, 41, 28, 19, 31, 73, 54, 6, 40, 76, 43, 55, 22, 86, 93, 75, 79, 92, 51, 33, 57, 85, 88, 78, 77, 67, 89]项目工期为：425.0；项目成本为：96666.40000000001
染色体结构为:
[3, 94, 16, 100, 84, 45, 7, 38, 64, 50, 63, 20, 66, 8, 90, 56, 17, 35, 4, 11, 74, 37, 82, 65, 14, 61, 47, 5, 10, 87, 60, 29, 2, 27, 12, 24, 18, 13, 36, 30, 98, 83, 25, 46, 21, 91, 32, 52, 81, 58, 69, 72, 97, 1, 23, 15, 42, 26, 9, 48, 95, 59, 34, 44, 70, 80, 53, 71, 96, 68, 62, 99, 39, 28, 41, 19, 6, 73, 54, 76, 40, 31, 22, 55, 85, 75, 93, 79, 43, 51, 33, 49, 89, 57, 78, 77, 92, 67, 86, 88]项目工期为：505.0；项目成本为：92508.70000000003
染色体结构为:
[7, 84, 3, 45, 16, 100, 94, 20, 63, 50, 66, 90, 8, 4, 17, 56, 74, 35, 82, 37, 14, 65, 61, 47, 10, 5, 29, 2, 87, 60, 27, 24, 13, 12, 18, 36, 30, 98, 25, 83, 21, 46, 64, 91, 32, 72, 81, 52, 38, 69, 97, 58, 1, 23, 15, 11, 42, 26, 48, 9, 59, 95, 34, 44, 80, 70, 53, 71, 62, 96, 99, 68, 41, 28, 39, 6, 19, 31, 73, 54, 76, 40, 22, 55, 75, 79, 85, 93, 43, 51, 33, 78, 49, 89, 57, 77, 67, 86, 88, 92]项目工期为：436.0；项目成本为：96071.00000000001
染色体结构为:
[63, 20, 8, 90, 50, 7, 66, 3, 17, 4, 56, 82, 35, 37, 74, 14, 47, 16, 10, 61, 65, 5, 29, 60, 2, 87, 94, 27, 36, 12, 24, 18, 83, 30, 98, 13, 52, 46, 11, 100, 84, 45, 91, 42, 49, 38, 64, 25, 21, 32, 15, 81, 72, 97, 69, 1, 23, 59, 58, 26, 48, 9, 95, 34, 44, 80, 71, 68, 53, 99, 62, 70, 96, 41, 39, 31, 28, 40, 19, 55, 54, 73, 6, 75, 22, 92, 43, 76, 86, 79, 93, 85, 89, 51, 33, 78, 77, 67, 88, 57]项目工期为：377.0；项目成本为：102432.89999999998
染色体结构为:
[3, 84, 16, 100, 7, 11, 94, 98, 45, 27, 82, 42, 25, 49, 91, 65, 18, 36, 15, 66, 37, 61, 13, 20, 38, 64, 29, 50, 87, 14, 83, 30, 90, 46, 56, 52, 21, 32, 60, 5, 81, 69, 72, 12, 97, 58, 1, 23, 24, 10, 26, 4, 59, 48, 63, 17, 9, 44, 80, 34, 95, 2, 68, 62, 70, 35, 53, 96, 47, 71, 41, 99, 39, 31, 28, 8, 19, 40, 54, 74, 6, 93, 43, 92, 51, 22, 76, 55, 75, 79, 33, 86, 85, 57, 73, 89, 77, 88, 78, 67]项目工期为：303.0；项目成本为：115988.90000000005
染色体结构为:
[63, 20, 8, 90, 50, 17, 66, 3, 7, 4, 35, 82, 56, 37, 74, 14, 47, 65, 16, 10, 61, 5, 29, 2, 87, 60, 36, 94, 27, 24, 12, 18, 83, 30, 98, 52, 13, 46, 100, 84, 11, 45, 91, 42, 49, 38, 25, 64, 21, 81, 32, 15, 72, 97, 1, 69, 23, 59, 58, 26, 48, 95, 9, 44, 34, 68, 80, 53, 71, 99, 70, 96, 62, 41, 28, 39, 19, 40, 55, 31, 54, 6, 22, 73, 75, 76, 43, 93, 92, 86, 85, 79, 89, 51, 33, 78, 67, 77, 88, 57]项目工期为：394.0；项目成本为：99350.70000000001
染色体结构为:
[84, 7, 45, 3, 100, 16, 94, 91, 2, 14, 5, 4, 66, 69, 56, 49, 52, 65, 81, 74, 35, 97, 63, 20, 93, 41, 58, 42, 23, 1, 50, 8, 70, 17, 90, 37, 44, 82, 10, 61, 29, 12, 13, 47, 60, 64, 87, 30, 18, 24, 92, 53, 19, 36, 25, 26, 46, 6, 43, 99, 27, 95, 9, 83, 21, 32, 59, 39, 28, 15, 98, 96, 40, 71, 31, 34, 22, 76, 54, 55, 51, 48, 62, 85, 75, 80, 38, 79, 11, 33, 89, 86, 73, 72, 77, 88, 68, 67, 78, 57]项目工期为：286.0；项目成本为：123013.30000000002
染色体结构为:
[63, 20, 90, 50, 66, 8, 4, 17, 74, 56, 37, 35, 82, 14, 3, 65, 47, 16, 10, 5, 61, 87, 7, 94, 29, 2, 60, 27, 12, 24, 13, 36, 18, 30, 98, 25, 83, 100, 21, 46, 64, 52, 32, 91, 81, 58, 72, 38, 97, 69, 23, 1, 84, 15, 11, 42, 26, 95, 48, 59, 9, 44, 34, 80, 70, 53, 96, 71, 45, 62, 68, 99, 41, 28, 19, 39, 31, 6, 73, 54, 76, 40, 55, 75, 22, 43, 85, 93, 79, 49, 51, 33, 89, 77, 78, 57, 92, 86, 67, 88]项目工期为：430.0；项目成本为：96140.80000000002
染色体结构为:
[7, 3, 8, 63, 50, 90, 17, 20, 4, 66, 56, 35, 82, 37, 14, 74, 16, 47, 65, 10, 61, 5, 29, 87, 2, 60, 27, 94, 12, 24, 83, 36, 18, 13, 98, 30, 52, 46, 84, 11, 100, 45, 91, 49, 42, 38, 25, 64, 21, 15, 32, 97, 81, 69, 72, 1, 23, 58, 59, 26, 48, 9, 95, 34, 44, 68, 80, 53, 71, 70, 99, 62, 96, 41, 31, 28, 39, 19, 40, 55, 54, 6, 75, 73, 76, 92, 22, 86, 85, 43, 93, 89, 51, 79, 33, 78, 57, 88, 77, 67]项目工期为：364.0；项目成本为：104537.90000000002
染色体结构为:
[3, 8, 7, 20, 63, 50, 17, 90, 4, 66, 56, 35, 82, 74, 37, 14, 16, 47, 65, 10, 61, 29, 5, 87, 60, 2, 27, 94, 24, 36, 12, 13, 18, 98, 30, 46, 83, 84, 45, 52, 100, 11, 42, 91, 49, 38, 64, 32, 25, 15, 21, 81, 69, 72, 23, 97, 59, 1, 58, 26, 48, 9, 95, 44, 34, 80, 53, 71, 68, 70, 62, 96, 99, 41, 31, 39, 28, 55, 40, 19, 54, 73, 6, 76, 75, 22, 92, 93, 43, 86, 85, 89, 79, 33, 78, 77, 67, 51, 57, 88]项目工期为：359.0；项目成本为：104704.3
染色体结构为:
[63, 20, 50, 90, 66, 8, 4, 74, 17, 56, 37, 35, 82, 14, 3, 65, 47, 16, 10, 5, 87, 61, 94, 7, 29, 2, 60, 27, 12, 24, 13, 36, 18, 98, 30, 25, 83, 100, 46, 21, 64, 52, 91, 81, 32, 38, 58, 72, 97, 69, 23, 1, 84, 15, 11, 42, 95, 26, 48, 9, 59, 44, 34, 80, 70, 53, 71, 96, 45, 68, 62, 99, 41, 28, 19, 39, 6, 31, 54, 73, 76, 40, 55, 22, 75, 43, 85, 79, 93, 49, 51, 33, 89, 77, 78, 57, 92, 86, 88, 67]项目工期为：430.0；项目成本为：96140.80000000002
染色体结构为:
[3, 100, 94, 16, 84, 45, 7, 38, 64, 50, 63, 20, 8, 66, 56, 90, 35, 11, 17, 4, 74, 37, 82, 65, 14, 61, 10, 47, 87, 29, 5, 60, 2, 27, 12, 24, 13, 36, 18, 98, 30, 25, 21, 46, 83, 91, 32, 81, 52, 72, 58, 69, 97, 1, 23, 42, 15, 26, 48, 9, 95, 59, 34, 44, 70, 80, 53, 96, 62, 71, 68, 99, 39, 28, 41, 19, 6, 31, 54, 73, 76, 40, 22, 75, 55, 85, 79, 93, 51, 43, 33, 49, 78, 89, 57, 77, 92, 67, 86, 88]项目工期为：515.0；项目成本为：92380.20000000004
染色体结构为:
[3, 94, 100, 16, 84, 7, 45, 38, 64, 50, 63, 20, 8, 66, 56, 90, 17, 35, 4, 11, 74, 82, 37, 14, 65, 10, 47, 61, 5, 87, 29, 27, 60, 2, 12, 24, 13, 18, 36, 30, 98, 83, 25, 21, 46, 91, 52, 32, 81, 97, 72, 69, 1, 58, 23, 15, 42, 26, 48, 9, 95, 59, 44, 34, 80, 70, 53, 71, 96, 62, 99, 68, 41, 28, 39, 19, 6, 31, 73, 54, 76, 40, 22, 75, 55, 79, 85, 43, 93, 33, 51, 49, 89, 78, 57, 77, 86, 92, 67, 88]项目工期为：507.0；项目成本为：92452.70000000003
染色体结构为:
[100, 84, 3, 7, 16, 94, 45, 11, 98, 42, 27, 82, 91, 18, 25, 65, 49, 37, 15, 66, 38, 36, 61, 50, 20, 8, 63, 56, 90, 17, 4, 35, 74, 47, 29, 14, 10, 87, 60, 5, 2, 64, 83, 13, 30, 46, 21, 52, 32, 69, 81, 97, 12, 72, 1, 58, 23, 34, 9, 24, 26, 44, 86, 59, 95, 48, 68, 53, 96, 62, 80, 41, 70, 71, 99, 39, 31, 40, 28, 19, 54, 73, 6, 22, 76, 75, 55, 43, 79, 93, 85, 51, 33, 92, 78, 89, 57, 88, 77, 67]项目工期为：316.0；项目成本为：112680.50000000003
染色体结构为:
[2, 4, 91, 14, 5, 69, 56, 52, 81, 66, 84, 3, 7, 100, 94, 45, 11, 27, 16, 98, 82, 42, 49, 25, 18, 65, 36, 63, 15, 74, 17, 9, 50, 20, 8, 37, 90, 35, 64, 47, 10, 38, 61, 87, 29, 60, 12, 13, 24, 30, 83, 46, 21, 72, 32, 97, 1, 23, 26, 58, 59, 48, 95, 44, 34, 70, 53, 80, 71, 62, 68, 41, 28, 96, 39, 99, 31, 54, 19, 73, 6, 40, 76, 55, 22, 75, 79, 43, 85, 93, 51, 33, 89, 78, 57, 77, 92, 67, 86, 88]项目工期为：329.0；项目成本为：110223.10000000003
染色体结构为:
[2, 4, 14, 91, 56, 5, 69, 52, 66, 74, 65, 81, 97, 49, 35, 93, 94, 45, 3, 41, 23, 20, 63, 42, 70, 58, 44, 68, 1, 9, 26, 34, 16, 36, 25, 29, 13, 50, 99, 100, 98, 7, 11, 54, 12, 18, 15, 72, 87, 27, 85, 21, 38, 30, 22, 40, 47, 95, 61, 92, 6, 28, 86, 48, 59, 37, 73, 10, 84, 89, 31, 39, 77, 64, 80, 51, 8, 90, 75, 17, 79, 32, 43, 24, 46, 60, 53, 62, 33, 19, 82, 78, 67, 76, 55, 83, 57, 96, 71, 88]项目工期为：264.0；项目成本为：131478.6
染色体结构为:
[100, 84, 3, 94, 45, 16, 11, 7, 98, 27, 42, 25, 82, 91, 18, 36, 65, 15, 49, 37, 66, 38, 61, 20, 50, 8, 63, 90, 17, 35, 56, 4, 74, 10, 47, 87, 14, 5, 2, 60, 83, 29, 64, 46, 30, 13, 52, 21, 32, 81, 69, 12, 97, 23, 1, 58, 72, 9, 26, 86, 59, 24, 34, 48, 53, 44, 95, 68, 80, 62, 71, 96, 31, 41, 99, 70, 40, 19, 73, 39, 76, 54, 28, 55, 6, 22, 85, 75, 33, 51, 79, 43, 92, 93, 78, 89, 57, 77, 67, 88]项目工期为：298.0；项目成本为：118068.20000000003
染色体结构为:
[91, 4, 14, 2, 5, 56, 69, 52, 66, 49, 65, 35, 81, 74, 97, 93, 94, 3, 45, 63, 41, 20, 42, 23, 58, 1, 70, 8, 90, 44, 17, 50, 82, 37, 16, 10, 61, 7, 47, 87, 29, 60, 12, 13, 30, 24, 64, 18, 19, 92, 53, 36, 25, 46, 99, 26, 27, 6, 9, 43, 100, 95, 84, 83, 21, 32, 28, 39, 98, 59, 15, 31, 96, 34, 71, 22, 55, 40, 51, 76, 48, 54, 62, 38, 75, 79, 85, 80, 86, 11, 33, 72, 89, 57, 73, 88, 67, 68, 78, 77]项目工期为：269.0；项目成本为：129060.90000000001
染色体结构为:
[20, 63, 50, 66, 90, 8, 4, 56, 74, 17, 82, 37, 35, 3, 14, 65, 47, 16, 61, 10, 7, 5, 87, 29, 94, 2, 27, 12, 60, 24, 13, 36, 18, 30, 98, 83, 100, 21, 25, 46, 64, 91, 52, 32, 81, 72, 97, 1, 69, 38, 58, 84, 15, 23, 42, 11, 26, 9, 48, 95, 59, 34, 44, 80, 53, 70, 71, 45, 62, 99, 96, 68, 41, 28, 39, 19, 6, 31, 76, 54, 73, 40, 75, 22, 79, 55, 43, 85, 93, 33, 51, 89, 49, 57, 78, 77, 92, 86, 67, 88]项目工期为：450.0；项目成本为：94173.00000000001
染色体结构为:
[84, 100, 3, 45, 94, 16, 11, 7, 27, 98, 42, 25, 82, 91, 18, 65, 36, 49, 15, 37, 61, 66, 38, 20, 50, 8, 63, 90, 17, 56, 35, 4, 74, 47, 14, 10, 87, 2, 60, 5, 83, 29, 64, 46, 30, 13, 21, 52, 81, 32, 12, 69, 97, 23, 58, 1, 72, 9, 86, 59, 26, 24, 34, 48, 44, 68, 53, 80, 95, 62, 71, 31, 96, 41, 99, 70, 40, 19, 39, 73, 54, 76, 28, 55, 6, 22, 75, 85, 33, 79, 51, 43, 93, 92, 89, 78, 57, 77, 67, 88]项目工期为：305.0；项目成本为：114992.60000000002
染色体结构为:
[63, 50, 20, 90, 8, 82, 66, 17, 4, 56, 35, 37, 65, 3, 47, 74, 16, 14, 61, 10, 5, 7, 60, 87, 29, 2, 27, 94, 36, 24, 12, 98, 83, 30, 13, 52, 18, 46, 100, 45, 11, 38, 84, 91, 25, 42, 49, 21, 64, 32, 15, 81, 97, 72, 1, 58, 69, 23, 26, 59, 48, 34, 95, 9, 44, 68, 80, 53, 71, 70, 99, 62, 39, 96, 41, 28, 19, 31, 54, 73, 6, 40, 76, 55, 22, 43, 86, 93, 75, 79, 92, 51, 33, 85, 88, 57, 77, 89, 78, 67]项目工期为：407.0；项目成本为：98617.40000000002
染色体结构为:
[84, 7, 3, 45, 16, 94, 100, 63, 20, 66, 50, 90, 8, 4, 17, 56, 35, 82, 74, 37, 47, 65, 14, 10, 61, 5, 2, 29, 87, 60, 24, 27, 12, 13, 36, 18, 98, 25, 83, 21, 30, 46, 64, 32, 91, 81, 52, 72, 69, 38, 97, 1, 23, 58, 11, 15, 26, 42, 48, 95, 9, 59, 34, 44, 80, 53, 70, 96, 71, 62, 68, 39, 99, 41, 28, 19, 6, 31, 73, 54, 76, 40, 75, 22, 79, 55, 93, 85, 43, 33, 51, 78, 49, 57, 89, 77, 67, 92, 86, 88]项目工期为：495.0；项目成本为：92906.60000000002
染色体结构为:
[91, 2, 14, 5, 4, 56, 69, 52, 66, 49, 65, 35, 81, 74, 93, 97, 94, 63, 3, 45, 20, 23, 42, 41, 1, 58, 8, 70, 90, 50, 44, 17, 16, 82, 37, 61, 7, 47, 10, 29, 87, 13, 60, 12, 24, 30, 64, 18, 92, 19, 36, 25, 53, 26, 99, 46, 27, 43, 6, 100, 9, 95, 84, 21, 83, 39, 32, 59, 98, 28, 31, 34, 15, 22, 96, 40, 71, 51, 55, 76, 62, 48, 54, 38, 75, 79, 80, 85, 86, 11, 33, 72, 89, 57, 68, 78, 73, 77, 67, 88]项目工期为：263.0；项目成本为：132353.40000000002
染色体结构为:
[63, 50, 20, 8, 90, 82, 66, 17, 56, 4, 37, 35, 74, 65, 3, 14, 16, 47, 61, 7, 10, 5, 87, 94, 29, 2, 27, 60, 24, 12, 13, 18, 36, 30, 83, 98, 25, 100, 21, 64, 46, 91, 32, 52, 72, 81, 97, 38, 69, 58, 1, 23, 84, 11, 15, 26, 42, 48, 9, 95, 59, 34, 44, 80, 70, 53, 45, 71, 62, 96, 68, 99, 19, 28, 41, 6, 39, 31, 54, 73, 76, 75, 40, 55, 22, 79, 85, 93, 43, 51, 33, 49, 89, 78, 57, 77, 67, 92, 86, 88]项目工期为：492.0；项目成本为：92977.40000000001
染色体结构为:
[7, 3, 84, 100, 94, 45, 11, 16, 27, 42, 98, 82, 91, 18, 65, 25, 49, 15, 37, 36, 66, 20, 61, 38, 50, 63, 90, 8, 56, 4, 17, 35, 14, 74, 47, 10, 87, 5, 29, 2, 60, 13, 64, 83, 46, 30, 52, 21, 32, 12, 72, 97, 81, 69, 23, 58, 24, 1, 26, 9, 59, 48, 34, 44, 68, 95, 70, 80, 62, 53, 96, 71, 39, 99, 41, 31, 28, 19, 54, 6, 73, 40, 55, 76, 75, 22, 79, 33, 43, 51, 85, 93, 89, 78, 86, 92, 57, 88, 67, 77]项目工期为：344.0；项目成本为：107966.20000000003
染色体结构为:
[3, 94, 100, 16, 84, 45, 7, 38, 50, 64, 63, 20, 8, 66, 56, 90, 17, 35, 4, 11, 74, 82, 37, 65, 14, 10, 47, 61, 5, 87, 29, 27, 60, 2, 12, 24, 18, 13, 36, 30, 83, 98, 25, 21, 46, 91, 52, 32, 81, 97, 72, 69, 1, 58, 23, 15, 42, 26, 48, 9, 95, 59, 44, 80, 34, 70, 53, 71, 96, 62, 99, 68, 41, 39, 28, 19, 6, 31, 73, 54, 76, 40, 22, 75, 55, 79, 43, 85, 51, 93, 33, 49, 78, 89, 57, 77, 67, 92, 86, 88]项目工期为：530.0；项目成本为：91946.1
染色体结构为:
[20, 84, 3, 100, 7, 16, 94, 11, 98, 45, 27, 82, 25, 42, 91, 49, 18, 65, 36, 15, 66, 61, 37, 13, 38, 64, 29, 50, 14, 83, 87, 30, 46, 90, 52, 56, 21, 32, 5, 60, 81, 69, 72, 12, 97, 1, 58, 23, 24, 10, 26, 4, 59, 48, 9, 63, 17, 44, 34, 80, 95, 2, 68, 62, 70, 35, 53, 47, 71, 96, 41, 99, 31, 39, 8, 28, 19, 40, 54, 74, 6, 43, 93, 92, 51, 55, 22, 76, 75, 79, 86, 33, 85, 57, 73, 88, 89, 77, 78, 67]项目工期为：328.0；项目成本为：111119.00000000004
染色体结构为:
[100, 3, 84, 94, 45, 16, 11, 7, 98, 27, 25, 82, 42, 91, 36, 18, 65, 15, 49, 37, 66, 38, 61, 20, 50, 8, 63, 90, 17, 35, 4, 56, 10, 74, 47, 87, 14, 5, 2, 60, 29, 83, 64, 46, 30, 13, 52, 21, 32, 81, 69, 12, 23, 97, 1, 72, 58, 9, 86, 26, 59, 24, 34, 53, 48, 44, 95, 68, 80, 62, 71, 96, 31, 41, 99, 70, 40, 19, 73, 39, 76, 54, 28, 55, 6, 22, 85, 33, 75, 51, 79, 43, 92, 93, 78, 57, 89, 77, 67, 88]项目工期为：298.0；项目成本为：118068.20000000003
染色体结构为:
[20, 63, 50, 66, 90, 8, 56, 4, 74, 17, 82, 37, 35, 3, 14, 65, 47, 61, 16, 10, 7, 87, 5, 29, 94, 2, 27, 12, 60, 24, 13, 36, 18, 30, 98, 83, 21, 100, 25, 46, 64, 91, 52, 32, 72, 81, 97, 1, 69, 38, 84, 58, 23, 15, 42, 11, 26, 48, 9, 95, 59, 34, 44, 80, 53, 70, 71, 45, 62, 99, 96, 68, 41, 28, 39, 19, 6, 31, 76, 54, 73, 40, 75, 22, 79, 55, 43, 85, 93, 33, 89, 51, 49, 57, 78, 77, 86, 92, 67, 88]项目工期为：472.0；项目成本为：93650.20000000001
染色体结构为:
[91, 14, 4, 5, 2, 56, 69, 66, 52, 49, 65, 35, 81, 74, 97, 93, 94, 3, 45, 63, 41, 20, 42, 23, 58, 1, 70, 8, 44, 90, 17, 50, 82, 16, 37, 10, 61, 7, 47, 87, 29, 60, 12, 13, 24, 30, 64, 18, 19, 92, 36, 53, 25, 46, 99, 26, 27, 6, 9, 43, 100, 95, 84, 21, 83, 32, 28, 39, 98, 59, 15, 31, 96, 34, 22, 71, 55, 40, 51, 76, 54, 48, 62, 38, 75, 79, 85, 80, 86, 11, 33, 72, 89, 57, 88, 73, 68, 67, 78, 77]项目工期为：273.0；项目成本为：128688.30000000002
染色体结构为:
[7, 3, 84, 100, 94, 45, 11, 16, 27, 42, 98, 82, 91, 18, 25, 65, 49, 15, 37, 66, 36, 61, 20, 38, 50, 63, 90, 8, 56, 4, 17, 35, 14, 74, 47, 10, 87, 5, 2, 29, 60, 13, 64, 83, 46, 30, 52, 21, 32, 12, 72, 81, 97, 58, 69, 23, 1, 24, 9, 26, 48, 59, 34, 44, 68, 95, 70, 80, 62, 53, 96, 71, 41, 39, 99, 31, 28, 19, 54, 6, 73, 40, 55, 75, 76, 79, 22, 85, 43, 33, 51, 93, 78, 89, 57, 92, 86, 88, 67, 77]项目工期为：319.0；项目成本为：112313.80000000002
染色体结构为:
[8, 20, 90, 63, 66, 50, 56, 82, 17, 4, 35, 37, 16, 74, 3, 65, 87, 61, 14, 10, 7, 47, 29, 5, 84, 100, 94, 45, 27, 11, 98, 42, 25, 91, 18, 49, 38, 36, 64, 15, 13, 30, 21, 83, 52, 32, 46, 60, 81, 12, 97, 58, 69, 72, 1, 23, 26, 59, 24, 48, 34, 9, 95, 44, 80, 2, 53, 70, 71, 96, 62, 68, 99, 41, 28, 19, 39, 6, 54, 31, 76, 55, 73, 40, 22, 75, 85, 79, 93, 43, 51, 33, 89, 78, 77, 57, 92, 86, 67, 88]项目工期为：375.0；项目成本为：102506.50000000004
染色体结构为:
[3, 94, 100, 16, 45, 84, 7, 38, 64, 63, 20, 50, 8, 66, 90, 56, 35, 17, 11, 4, 82, 74, 37, 65, 14, 47, 61, 10, 87, 5, 29, 60, 27, 2, 12, 24, 13, 18, 36, 98, 30, 83, 46, 25, 21, 91, 52, 32, 81, 72, 58, 69, 97, 1, 23, 15, 42, 26, 48, 9, 95, 34, 44, 70, 59, 53, 80, 71, 96, 62, 68, 39, 99, 28, 41, 19, 6, 31, 73, 54, 76, 22, 75, 40, 55, 85, 79, 93, 43, 33, 49, 51, 78, 89, 77, 57, 67, 92, 86, 88]项目工期为：531.0；项目成本为：91929.30000000003
染色体结构为:
[3, 84, 16, 7, 100, 11, 98, 94, 45, 82, 27, 25, 42, 91, 49, 65, 18, 36, 15, 66, 61, 37, 13, 20, 38, 64, 29, 14, 50, 87, 83, 30, 46, 90, 52, 21, 56, 5, 32, 60, 69, 81, 97, 72, 12, 58, 1, 24, 23, 26, 10, 4, 59, 63, 9, 48, 17, 44, 80, 34, 95, 2, 68, 62, 70, 35, 53, 47, 71, 96, 41, 99, 39, 8, 31, 19, 28, 40, 54, 74, 6, 43, 92, 93, 51, 76, 86, 22, 73, 75, 55, 79, 33, 85, 89, 88, 78, 57, 67, 77]项目工期为：326.0；项目成本为：111313.20000000003
染色体结构为:
[63, 20, 8, 90, 50, 7, 66, 3, 17, 4, 56, 82, 37, 35, 74, 14, 16, 47, 10, 61, 65, 29, 5, 60, 2, 87, 94, 27, 36, 12, 24, 18, 30, 83, 98, 13, 52, 46, 11, 100, 84, 45, 91, 42, 49, 38, 64, 25, 21, 32, 81, 15, 72, 97, 69, 1, 23, 59, 26, 58, 48, 9, 95, 34, 44, 80, 71, 68, 53, 99, 62, 70, 96, 41, 39, 31, 28, 19, 40, 55, 54, 73, 6, 75, 92, 43, 22, 76, 86, 93, 79, 85, 89, 51, 33, 78, 77, 67, 57, 88]项目工期为：377.0；项目成本为：102432.89999999998
染色体结构为:
[63, 50, 20, 8, 90, 82, 66, 17, 56, 4, 37, 35, 74, 65, 14, 3, 16, 47, 61, 7, 10, 5, 87, 94, 29, 2, 27, 60, 24, 12, 13, 18, 36, 30, 83, 98, 25, 100, 21, 64, 91, 32, 46, 72, 52, 81, 97, 38, 69, 58, 1, 84, 23, 11, 26, 15, 42, 48, 9, 95, 34, 59, 44, 70, 80, 53, 71, 45, 62, 96, 99, 68, 19, 28, 41, 6, 39, 31, 54, 73, 76, 75, 40, 55, 22, 79, 85, 43, 93, 51, 33, 49, 89, 78, 57, 77, 67, 92, 86, 88]项目工期为：492.0；项目成本为：92977.40000000001
染色体结构为:
[20, 63, 8, 90, 50, 66, 7, 17, 3, 4, 82, 35, 37, 56, 74, 14, 47, 16, 65, 10, 29, 61, 5, 2, 60, 94, 87, 27, 36, 12, 18, 24, 83, 13, 30, 98, 52, 46, 100, 11, 84, 45, 91, 42, 49, 38, 25, 64, 21, 32, 15, 81, 72, 97, 1, 69, 23, 58, 59, 26, 48, 95, 9, 34, 44, 68, 80, 53, 70, 71, 99, 62, 96, 41, 31, 39, 28, 40, 55, 19, 54, 6, 73, 75, 76, 22, 92, 43, 93, 86, 85, 89, 79, 51, 33, 77, 78, 67, 88, 57]项目工期为：390.0；项目成本为：99848.2
染色体结构为:
[3, 94, 100, 16, 84, 45, 7, 38, 64, 50, 63, 8, 66, 20, 90, 17, 56, 4, 35, 82, 11, 37, 14, 74, 65, 47, 61, 10, 5, 87, 60, 29, 2, 27, 12, 24, 13, 36, 18, 30, 98, 83, 25, 21, 46, 91, 32, 52, 81, 72, 58, 69, 97, 23, 1, 15, 42, 26, 48, 95, 9, 59, 34, 44, 70, 80, 53, 71, 62, 96, 68, 99, 39, 28, 41, 19, 6, 31, 73, 76, 54, 40, 22, 55, 75, 85, 79, 93, 43, 33, 78, 51, 89, 49, 77, 57, 92, 86, 67, 88]项目工期为：602.0；项目成本为：91025.30000000002
染色体结构为:
[20, 63, 90, 8, 50, 7, 66, 3, 82, 17, 35, 56, 4, 37, 16, 65, 74, 14, 47, 10, 61, 5, 29, 60, 87, 94, 84, 2, 100, 36, 27, 12, 24, 18, 13, 98, 30, 83, 52, 46, 45, 91, 42, 11, 49, 38, 64, 25, 15, 21, 81, 32, 72, 69, 97, 23, 1, 58, 26, 48, 59, 34, 95, 9, 44, 80, 53, 68, 96, 71, 70, 62, 99, 41, 31, 39, 55, 40, 28, 54, 73, 19, 6, 75, 76, 22, 93, 92, 43, 85, 86, 51, 79, 89, 33, 78, 77, 88, 57, 67]项目工期为：365.0；项目成本为：104287.40000000001
染色体结构为:
[20, 63, 8, 90, 50, 66, 17, 7, 4, 3, 82, 35, 56, 37, 74, 14, 47, 16, 65, 10, 61, 5, 29, 2, 87, 60, 94, 36, 27, 24, 12, 18, 30, 83, 13, 52, 98, 100, 46, 84, 45, 11, 91, 42, 49, 25, 64, 21, 38, 32, 81, 72, 15, 97, 69, 23, 1, 59, 58, 26, 48, 95, 9, 44, 34, 68, 53, 80, 71, 70, 62, 99, 96, 41, 39, 28, 40, 31, 55, 54, 19, 73, 6, 75, 22, 76, 43, 93, 86, 92, 79, 85, 89, 51, 33, 67, 78, 77, 88, 57]项目工期为：388.0；项目成本为：100384.30000000002
染色体结构为:
[100, 84, 3, 94, 45, 16, 7, 11, 98, 27, 42, 25, 91, 82, 18, 36, 15, 65, 37, 49, 66, 38, 61, 50, 8, 20, 63, 90, 17, 35, 56, 74, 4, 10, 47, 87, 14, 5, 2, 60, 83, 29, 64, 46, 30, 13, 52, 21, 32, 81, 69, 12, 97, 23, 58, 1, 72, 9, 26, 86, 59, 34, 24, 48, 53, 44, 95, 68, 80, 71, 62, 96, 31, 99, 41, 70, 40, 19, 73, 39, 76, 28, 54, 55, 6, 22, 85, 75, 33, 51, 79, 43, 92, 93, 89, 78, 57, 77, 67, 88]项目工期为：301.0；项目成本为：117002.30000000002
染色体结构为:
[63, 20, 8, 90, 50, 66, 7, 17, 3, 4, 82, 56, 35, 37, 74, 14, 47, 16, 10, 61, 65, 5, 29, 2, 60, 87, 94, 36, 27, 12, 24, 83, 18, 30, 13, 98, 52, 100, 46, 84, 45, 11, 42, 91, 49, 25, 38, 64, 21, 32, 15, 81, 72, 97, 69, 1, 23, 59, 58, 26, 48, 95, 9, 44, 34, 68, 53, 80, 71, 70, 99, 62, 96, 39, 41, 28, 40, 31, 55, 54, 19, 73, 6, 75, 22, 76, 43, 93, 86, 92, 85, 79, 89, 51, 33, 78, 67, 88, 77, 57]项目工期为：387.0；项目成本为：100385.0
染色体结构为:
[3, 7, 84, 100, 94, 45, 11, 16, 27, 98, 42, 91, 82, 18, 25, 65, 49, 15, 37, 66, 36, 20, 61, 50, 38, 63, 90, 8, 56, 4, 17, 35, 74, 14, 47, 5, 10, 87, 29, 60, 2, 13, 83, 46, 64, 52, 30, 21, 32, 12, 72, 81, 97, 69, 58, 24, 23, 1, 26, 9, 59, 34, 44, 68, 48, 70, 95, 80, 53, 62, 96, 71, 39, 41, 31, 99, 28, 54, 19, 73, 6, 40, 55, 76, 75, 79, 22, 85, 33, 43, 51, 93, 89, 78, 86, 57, 92, 88, 67, 77]项目工期为：343.0；项目成本为：108070.00000000003
染色体结构为:
[20, 63, 8, 90, 50, 66, 7, 17, 3, 4, 82, 35, 37, 56, 74, 14, 47, 16, 65, 10, 29, 61, 5, 2, 60, 94, 87, 27, 12, 36, 18, 24, 83, 13, 30, 98, 46, 52, 100, 11, 84, 45, 91, 42, 49, 38, 25, 64, 21, 15, 32, 81, 72, 1, 69, 97, 23, 58, 59, 26, 48, 95, 9, 34, 44, 68, 53, 80, 70, 71, 99, 62, 96, 41, 31, 39, 28, 40, 55, 19, 54, 6, 73, 75, 76, 22, 92, 43, 93, 86, 85, 89, 79, 51, 33, 77, 78, 67, 88, 57]项目工期为：390.0；项目成本为：99848.2
染色体结构为:
[63, 3, 7, 8, 20, 50, 90, 17, 4, 35, 56, 66, 82, 37, 16, 74, 14, 65, 47, 10, 29, 61, 5, 87, 60, 2, 94, 36, 27, 12, 24, 18, 98, 13, 30, 83, 52, 84, 46, 100, 91, 45, 11, 42, 49, 38, 64, 25, 15, 21, 81, 72, 32, 69, 23, 97, 1, 58, 59, 26, 48, 95, 34, 9, 44, 80, 53, 68, 71, 96, 70, 62, 99, 41, 31, 39, 55, 40, 28, 19, 54, 73, 75, 6, 76, 93, 22, 92, 43, 86, 85, 79, 51, 89, 33, 78, 77, 88, 57, 67]项目工期为：354.0；项目成本为：105419.90000000001
染色体结构为:
[2, 14, 91, 5, 4, 56, 69, 52, 66, 49, 35, 65, 81, 74, 93, 94, 97, 63, 45, 3, 20, 23, 42, 41, 1, 58, 8, 70, 90, 50, 44, 17, 16, 82, 37, 61, 7, 47, 10, 29, 87, 13, 60, 12, 24, 30, 18, 64, 92, 19, 36, 25, 53, 26, 99, 46, 27, 43, 6, 100, 9, 95, 84, 21, 83, 39, 32, 59, 98, 28, 31, 34, 15, 22, 96, 40, 51, 71, 55, 76, 62, 48, 54, 38, 75, 79, 80, 85, 86, 11, 33, 72, 57, 89, 68, 78, 77, 73, 67, 88]项目工期为：263.0；项目成本为：132353.40000000002
染色体结构为:
[3, 84, 100, 94, 16, 45, 7, 11, 98, 82, 27, 42, 91, 25, 18, 15, 65, 49, 36, 66, 37, 20, 61, 38, 63, 50, 8, 90, 56, 17, 4, 35, 47, 14, 10, 87, 74, 29, 2, 5, 64, 60, 83, 30, 13, 52, 46, 12, 21, 72, 32, 69, 81, 23, 97, 24, 58, 26, 9, 1, 59, 44, 34, 48, 68, 95, 80, 53, 70, 62, 71, 96, 99, 39, 41, 31, 19, 28, 54, 73, 6, 40, 55, 75, 76, 22, 79, 85, 43, 33, 51, 93, 78, 89, 86, 92, 57, 88, 77, 67]项目工期为：350.0；项目成本为：106309.50000000003
染色体结构为:
[3, 94, 100, 84, 45, 16, 7, 64, 50, 63, 38, 20, 8, 66, 56, 35, 90, 17, 11, 74, 4, 82, 65, 37, 14, 61, 47, 5, 10, 60, 87, 2, 29, 12, 27, 13, 24, 18, 36, 30, 98, 25, 83, 21, 91, 46, 52, 32, 81, 72, 69, 58, 97, 1, 23, 42, 26, 15, 9, 48, 34, 95, 59, 44, 70, 53, 80, 96, 71, 62, 99, 39, 41, 68, 28, 19, 31, 6, 73, 76, 54, 40, 22, 75, 55, 85, 79, 93, 43, 33, 49, 51, 78, 57, 89, 77, 92, 86, 67, 88]项目工期为：543.0；项目成本为：91612.60000000003
染色体结构为:
[63, 20, 50, 8, 90, 82, 66, 17, 56, 4, 35, 37, 74, 65, 3, 14, 16, 47, 61, 7, 10, 5, 87, 29, 94, 2, 27, 24, 60, 12, 13, 18, 36, 30, 83, 98, 25, 100, 21, 46, 91, 64, 52, 81, 32, 72, 97, 38, 69, 1, 58, 84, 23, 15, 42, 11, 26, 48, 9, 95, 59, 34, 44, 80, 70, 53, 45, 71, 96, 62, 99, 68, 28, 39, 41, 19, 6, 73, 31, 76, 54, 22, 40, 75, 55, 79, 85, 43, 93, 33, 51, 49, 89, 78, 57, 92, 77, 86, 88, 67]项目工期为：481.0；项目成本为：92996.50000000003
染色体结构为:
[20, 63, 50, 90, 66, 8, 4, 17, 56, 37, 74, 35, 82, 65, 3, 47, 16, 10, 14, 5, 61, 87, 94, 7, 2, 29, 60, 27, 12, 24, 36, 13, 30, 18, 98, 25, 83, 46, 100, 64, 21, 52, 91, 32, 81, 38, 58, 72, 97, 69, 23, 1, 84, 15, 11, 42, 26, 95, 48, 59, 9, 44, 34, 80, 53, 96, 71, 70, 45, 62, 68, 99, 28, 41, 19, 39, 6, 31, 54, 73, 76, 55, 40, 22, 75, 43, 85, 79, 93, 49, 51, 33, 89, 77, 57, 92, 78, 86, 88, 67]项目工期为：443.0；项目成本为：95278.90000000002
染色体结构为:
[84, 3, 100, 7, 4, 2, 14, 91, 5, 69, 56, 52, 81, 94, 66, 45, 27, 11, 16, 82, 42, 98, 49, 25, 18, 65, 36, 15, 63, 74, 17, 9, 50, 20, 8, 37, 90, 35, 64, 47, 10, 38, 61, 87, 29, 60, 12, 13, 24, 30, 83, 46, 21, 72, 97, 32, 23, 1, 26, 58, 59, 95, 48, 44, 34, 70, 53, 80, 71, 62, 68, 41, 28, 96, 39, 99, 54, 31, 19, 73, 6, 40, 76, 55, 22, 75, 79, 43, 85, 93, 51, 33, 89, 57, 78, 77, 67, 92, 86, 88]项目工期为：329.0；项目成本为：110223.10000000003
染色体结构为:
[3, 8, 7, 63, 20, 17, 50, 90, 4, 56, 35, 66, 82, 37, 74, 14, 16, 47, 65, 10, 61, 29, 5, 87, 60, 2, 27, 24, 94, 36, 12, 13, 98, 18, 30, 46, 83, 52, 84, 100, 45, 11, 91, 42, 49, 38, 64, 32, 25, 15, 81, 21, 69, 72, 97, 23, 1, 59, 58, 26, 48, 9, 34, 95, 44, 53, 80, 68, 70, 71, 62, 96, 99, 41, 31, 39, 28, 55, 40, 54, 19, 73, 6, 76, 75, 22, 92, 93, 43, 86, 85, 89, 79, 33, 78, 77, 51, 67, 57, 88]项目工期为：362.0；项目成本为：104695.3
染色体结构为:
[91, 14, 2, 4, 5, 56, 69, 66, 52, 65, 49, 35, 81, 74, 93, 97, 94, 3, 45, 63, 41, 20, 42, 23, 58, 1, 70, 44, 90, 8, 17, 50, 82, 16, 10, 61, 37, 7, 47, 87, 29, 60, 12, 13, 24, 30, 64, 18, 19, 92, 53, 36, 25, 46, 99, 26, 27, 9, 43, 6, 100, 95, 84, 21, 83, 32, 28, 39, 59, 98, 15, 31, 96, 22, 34, 71, 40, 55, 51, 76, 54, 48, 62, 38, 75, 79, 80, 85, 86, 11, 33, 72, 89, 57, 73, 88, 68, 78, 67, 77]项目工期为：267.0；项目成本为：130775.20000000003
染色体结构为:
[7, 63, 20, 8, 90, 66, 50, 82, 56, 17, 4, 35, 65, 37, 3, 74, 47, 16, 14, 10, 61, 5, 60, 87, 29, 2, 94, 27, 24, 12, 98, 36, 13, 18, 83, 52, 30, 46, 45, 11, 100, 84, 42, 38, 91, 25, 64, 49, 32, 21, 81, 97, 15, 69, 72, 1, 23, 58, 59, 26, 48, 34, 44, 95, 68, 9, 80, 71, 53, 70, 99, 62, 96, 41, 39, 28, 19, 73, 31, 6, 54, 40, 76, 55, 22, 43, 93, 75, 86, 92, 33, 51, 79, 85, 57, 77, 78, 88, 89, 67]项目工期为：409.0；项目成本为：98554.70000000001
染色体结构为:
[63, 20, 8, 90, 50, 7, 66, 3, 17, 4, 56, 82, 35, 37, 74, 14, 47, 16, 10, 61, 65, 5, 29, 60, 2, 87, 27, 94, 36, 12, 24, 18, 83, 30, 98, 13, 52, 46, 11, 100, 84, 45, 91, 42, 49, 38, 64, 25, 21, 32, 15, 81, 72, 97, 69, 1, 23, 59, 58, 26, 48, 9, 95, 34, 44, 80, 71, 68, 53, 99, 62, 70, 96, 41, 39, 31, 28, 40, 19, 55, 54, 73, 6, 75, 22, 92, 43, 76, 79, 86, 93, 85, 89, 51, 33, 78, 77, 67, 88, 57]项目工期为：369.0；项目成本为：103307.29999999997
染色体结构为:
[63, 20, 50, 90, 66, 8, 4, 74, 17, 56, 37, 35, 82, 14, 3, 65, 16, 47, 10, 5, 87, 61, 94, 7, 29, 2, 60, 27, 12, 24, 13, 36, 18, 98, 30, 25, 83, 100, 46, 21, 64, 52, 91, 81, 32, 38, 58, 97, 72, 69, 23, 1, 84, 15, 11, 95, 42, 26, 48, 9, 59, 44, 34, 80, 70, 53, 71, 96, 45, 62, 68, 99, 41, 28, 19, 39, 6, 31, 54, 73, 76, 40, 55, 22, 75, 43, 85, 79, 93, 49, 51, 33, 89, 77, 78, 57, 92, 86, 67, 88]项目工期为：426.0；项目成本为：96470.10000000002
染色体结构为:
[7, 3, 8, 63, 50, 90, 20, 17, 4, 66, 56, 82, 35, 37, 14, 74, 16, 65, 47, 10, 5, 29, 61, 87, 2, 27, 36, 60, 94, 12, 24, 18, 83, 30, 13, 98, 52, 46, 100, 84, 11, 45, 91, 42, 49, 64, 38, 25, 32, 21, 15, 81, 97, 72, 69, 1, 23, 58, 59, 26, 48, 95, 9, 44, 34, 68, 80, 53, 71, 70, 62, 99, 41, 96, 39, 31, 28, 19, 55, 40, 54, 6, 75, 73, 22, 76, 92, 85, 43, 93, 86, 79, 89, 51, 33, 77, 78, 67, 88, 57]项目工期为：378.0；项目成本为：101891.70000000001
染色体结构为:
[20, 63, 50, 90, 8, 66, 82, 4, 56, 17, 74, 35, 37, 3, 65, 16, 47, 14, 10, 61, 7, 60, 5, 87, 29, 2, 94, 27, 12, 24, 36, 83, 13, 98, 18, 30, 52, 84, 46, 100, 45, 42, 11, 38, 25, 49, 91, 64, 32, 21, 15, 81, 97, 72, 69, 1, 23, 59, 26, 58, 34, 48, 95, 44, 9, 80, 68, 53, 71, 70, 99, 96, 62, 41, 39, 28, 19, 31, 73, 54, 6, 40, 76, 55, 43, 93, 22, 86, 75, 79, 92, 33, 51, 85, 57, 88, 77, 78, 67, 89]项目工期为：421.0；项目成本为：97181.70000000001
染色体结构为:
[84, 100, 3, 7, 16, 91, 45, 94, 2, 66, 14, 5, 4, 56, 69, 49, 52, 65, 81, 74, 35, 93, 97, 63, 20, 23, 41, 58, 42, 8, 1, 50, 70, 17, 90, 44, 37, 82, 47, 61, 10, 29, 12, 60, 87, 64, 24, 13, 30, 18, 19, 53, 26, 92, 25, 36, 6, 46, 99, 95, 9, 27, 43, 32, 21, 83, 39, 28, 59, 98, 15, 96, 31, 34, 40, 71, 22, 55, 76, 54, 48, 51, 85, 62, 80, 75, 79, 38, 89, 11, 73, 33, 72, 86, 68, 77, 88, 78, 57, 67]项目工期为：289.0；项目成本为：121324.09999999999
染色体结构为:
[63, 20, 90, 8, 50, 56, 66, 17, 4, 35, 74, 37, 82, 16, 3, 65, 61, 87, 14, 10, 7, 29, 47, 5, 84, 100, 45, 11, 94, 98, 42, 27, 49, 25, 91, 18, 36, 38, 64, 15, 83, 30, 21, 13, 46, 60, 32, 52, 81, 72, 12, 97, 58, 69, 1, 26, 23, 24, 59, 48, 34, 9, 44, 80, 95, 53, 2, 96, 70, 62, 71, 99, 68, 39, 41, 28, 6, 19, 31, 54, 76, 55, 73, 40, 22, 75, 85, 93, 51, 43, 33, 79, 78, 89, 57, 77, 92, 67, 86, 88]项目工期为：366.0；项目成本为：103945.70000000004
染色体结构为:
[84, 3, 100, 7, 11, 94, 16, 2, 91, 14, 56, 4, 5, 52, 69, 17, 66, 65, 58, 9, 36, 63, 27, 74, 45, 82, 42, 98, 18, 25, 37, 15, 20, 49, 50, 61, 60, 86, 34, 10, 32, 8, 26, 35, 29, 90, 24, 47, 87, 30, 13, 19, 12, 64, 53, 92, 21, 1, 81, 75, 38, 72, 43, 23, 93, 22, 41, 33, 71, 59, 97, 73, 39, 57, 28, 6, 48, 77, 40, 76, 44, 51, 31, 85, 62, 67, 54, 80, 70, 79, 55, 78, 89, 46, 99, 83, 68, 95, 96, 88]项目工期为：274.0；项目成本为：127926.90000000002
染色体结构为:
[3, 94, 100, 16, 84, 45, 7, 38, 64, 63, 50, 66, 20, 8, 90, 56, 17, 35, 4, 11, 82, 74, 37, 14, 65, 5, 47, 10, 87, 29, 61, 60, 2, 27, 24, 12, 13, 18, 30, 36, 98, 83, 25, 21, 91, 46, 72, 32, 81, 52, 69, 97, 1, 58, 23, 15, 42, 26, 48, 9, 59, 95, 34, 44, 80, 70, 53, 71, 62, 96, 99, 68, 41, 39, 28, 6, 19, 31, 73, 54, 76, 40, 22, 55, 75, 85, 79, 93, 43, 51, 33, 78, 49, 57, 89, 77, 67, 86, 92, 88]项目工期为：469.0；项目成本为：93684.70000000003
染色体结构为:
[63, 20, 50, 8, 90, 66, 82, 17, 4, 56, 35, 37, 74, 3, 16, 65, 47, 10, 14, 5, 61, 7, 87, 29, 2, 60, 94, 27, 12, 36, 24, 83, 13, 98, 18, 100, 84, 45, 38, 64, 11, 30, 25, 21, 46, 91, 52, 81, 32, 97, 72, 69, 1, 58, 23, 15, 42, 26, 48, 95, 9, 59, 44, 34, 80, 70, 53, 71, 96, 62, 99, 68, 41, 28, 39, 19, 6, 31, 73, 54, 76, 40, 22, 75, 55, 79, 85, 43, 93, 51, 33, 49, 89, 78, 57, 77, 86, 92, 67, 88]项目工期为：448.0；项目成本为：94431.50000000003
染色体结构为:
[3, 84, 16, 7, 100, 11, 98, 94, 45, 27, 82, 25, 42, 49, 91, 18, 65, 15, 36, 66, 61, 37, 13, 20, 38, 64, 29, 14, 50, 83, 30, 87, 46, 90, 52, 21, 56, 5, 32, 60, 69, 81, 97, 72, 12, 58, 24, 1, 23, 26, 10, 4, 59, 63, 9, 48, 17, 44, 80, 34, 95, 2, 68, 62, 70, 35, 53, 47, 71, 96, 41, 99, 39, 8, 31, 19, 28, 40, 54, 74, 6, 43, 92, 93, 51, 86, 76, 22, 73, 75, 55, 79, 33, 85, 89, 88, 78, 57, 77, 67]项目工期为：326.0；项目成本为：111313.20000000003
染色体结构为:
[84, 3, 100, 7, 11, 94, 16, 2, 91, 14, 56, 4, 5, 69, 17, 52, 65, 66, 58, 9, 63, 36, 27, 74, 45, 82, 98, 42, 25, 18, 15, 37, 49, 20, 50, 61, 60, 34, 86, 10, 8, 32, 26, 35, 90, 29, 24, 47, 87, 13, 30, 19, 64, 12, 53, 21, 92, 81, 1, 38, 75, 72, 43, 23, 93, 22, 41, 59, 33, 71, 39, 97, 73, 57, 28, 48, 6, 77, 40, 44, 76, 51, 85, 31, 62, 54, 67, 80, 79, 70, 55, 78, 89, 99, 46, 68, 95, 83, 96, 88]项目工期为：277.0；项目成本为：127323.00000000001
染色体结构为:
[3, 7, 84, 100, 94, 45, 11, 16, 27, 98, 42, 82, 18, 91, 25, 15, 65, 49, 66, 36, 37, 20, 61, 38, 50, 63, 90, 8, 4, 56, 17, 14, 35, 47, 74, 10, 87, 5, 2, 29, 60, 13, 64, 83, 46, 52, 30, 21, 32, 12, 97, 72, 81, 69, 58, 23, 1, 24, 9, 26, 59, 48, 34, 44, 68, 70, 95, 80, 62, 53, 96, 71, 39, 41, 28, 99, 19, 31, 6, 54, 73, 40, 55, 75, 76, 22, 79, 43, 85, 33, 93, 78, 51, 89, 57, 92, 86, 67, 88, 77]项目工期为：310.0；项目成本为：114272.60000000002
MID=0.5812646981015102
DM=45195.80916689063
SNS=0.18959596477829144
SM=0.9087456293430457
1.28610308968056E-5
125
共计用时：7秒
