染色体结构为:
[32, 25, 4, 61, 1, 13, 76, 91, 18, 42, 38, 6, 70, 23, 48, 26, 22, 9, 65, 53, 85, 27, 60, 33, 35, 87, 41, 51, 86, 10, 24, 11, 16, 45, 59, 98, 34, 57, 7, 5, 3, 37, 73, 99, 31, 92, 14, 72, 2, 93, 46, 54, 40, 30, 58, 39, 44, 17, 19, 8, 79, 29, 21, 67, 89, 49, 95, 15, 56, 12, 52, 20, 83, 77, 36, 96, 50, 43, 100, 66, 90, 81, 64, 62, 78, 80, 69, 74, 68, 84, 75, 28, 94, 82, 47, 55, 63, 97, 88, 71]项目工期为：310.0；项目成本为：138777.0
染色体结构为:
[32, 1, 25, 17, 72, 13, 11, 20, 39, 42, 8, 15, 76, 86, 23, 73, 40, 29, 46, 99, 91, 37, 61, 85, 7, 59, 79, 81, 57, 56, 36, 45, 58, 92, 4, 90, 100, 22, 83, 24, 6, 64, 60, 54, 98, 65, 33, 16, 28, 34, 41, 53, 10, 9, 27, 5, 3, 70, 51, 18, 26, 19, 12, 2, 35, 38, 48, 62, 52, 31, 66, 43, 77, 44, 30, 89, 87, 49, 69, 93, 50, 14, 80, 67, 68, 21, 47, 84, 95, 78, 55, 75, 96, 74, 82, 97, 63, 94, 88, 71]项目工期为：260.0；项目成本为：150994.19999999995
染色体结构为:
[1, 32, 25, 72, 17, 11, 20, 42, 39, 15, 8, 76, 23, 86, 40, 29, 73, 46, 99, 37, 91, 13, 61, 85, 79, 57, 81, 7, 56, 59, 92, 45, 58, 36, 100, 90, 4, 22, 83, 24, 60, 6, 64, 65, 98, 54, 33, 28, 34, 16, 53, 41, 27, 10, 9, 5, 3, 26, 51, 19, 2, 70, 18, 12, 38, 35, 66, 52, 48, 62, 31, 43, 89, 44, 77, 30, 69, 49, 93, 87, 14, 50, 80, 67, 21, 84, 68, 47, 75, 95, 78, 55, 74, 96, 63, 97, 82, 88, 71, 94]项目工期为：266.0；项目成本为：149207.3
染色体结构为:
[16, 53, 27, 59, 45, 41, 11, 34, 91, 4, 10, 98, 9, 5, 57, 51, 7, 24, 3, 85, 99, 61, 73, 32, 13, 37, 2, 14, 22, 42, 40, 46, 65, 60, 33, 31, 92, 12, 19, 96, 17, 94, 86, 18, 23, 38, 58, 76, 25, 39, 20, 70, 48, 6, 15, 21, 26, 67, 43, 72, 87, 1, 47, 8, 52, 90, 81, 93, 54, 28, 100, 35, 55, 56, 62, 44, 29, 66, 95, 49, 69, 89, 64, 78, 50, 63, 77, 74, 82, 71, 84, 83, 88, 79, 36, 30, 80, 68, 97, 75]项目工期为：278.0；项目成本为：145607.00000000003
染色体结构为:
[32, 25, 1, 4, 61, 13, 91, 18, 76, 42, 73, 85, 92, 15, 57, 72, 17, 38, 70, 6, 23, 22, 26, 48, 27, 53, 9, 35, 60, 65, 33, 87, 41, 86, 52, 51, 8, 16, 45, 12, 54, 20, 46, 56, 7, 5, 31, 2, 11, 10, 30, 34, 59, 50, 84, 36, 29, 49, 97, 19, 95, 81, 66, 98, 37, 93, 79, 40, 39, 96, 62, 24, 43, 74, 99, 83, 67, 3, 82, 58, 94, 89, 100, 88, 28, 68, 90, 44, 64, 14, 69, 75, 21, 47, 77, 78, 55, 80, 63, 71]项目工期为：412.0；项目成本为：123990.60000000002
染色体结构为:
[25, 61, 1, 13, 32, 4, 76, 91, 38, 18, 42, 70, 23, 26, 6, 22, 9, 85, 65, 53, 48, 27, 60, 35, 41, 33, 86, 17, 87, 51, 73, 92, 57, 15, 8, 52, 72, 54, 16, 45, 12, 20, 46, 5, 31, 7, 56, 11, 40, 39, 2, 68, 98, 10, 62, 69, 34, 99, 59, 30, 50, 84, 36, 29, 95, 97, 49, 37, 19, 93, 81, 66, 96, 43, 83, 24, 79, 67, 74, 3, 82, 94, 58, 89, 88, 28, 64, 44, 90, 100, 21, 75, 14, 47, 78, 77, 80, 63, 55, 71]项目工期为：487.0；项目成本为：117691.90000000001
染色体结构为:
[1, 25, 61, 32, 4, 13, 76, 91, 18, 38, 6, 42, 23, 70, 22, 26, 85, 48, 27, 53, 9, 35, 65, 60, 33, 41, 86, 87, 92, 51, 17, 73, 15, 52, 72, 8, 57, 12, 16, 45, 54, 20, 46, 31, 7, 56, 5, 98, 11, 39, 40, 68, 2, 62, 10, 69, 14, 99, 24, 96, 59, 3, 37, 93, 34, 58, 79, 30, 19, 67, 44, 29, 89, 50, 84, 36, 95, 49, 97, 66, 81, 43, 74, 83, 94, 82, 88, 100, 64, 28, 90, 21, 47, 77, 75, 78, 63, 55, 80, 71]项目工期为：377.0；项目成本为：128579.70000000004
染色体结构为:
[25, 85, 48, 32, 1, 61, 4, 13, 91, 18, 38, 76, 70, 42, 23, 26, 22, 6, 9, 53, 27, 65, 35, 33, 60, 41, 51, 86, 87, 15, 73, 17, 92, 57, 8, 72, 52, 16, 54, 45, 12, 20, 5, 46, 7, 31, 56, 39, 11, 40, 2, 98, 10, 68, 62, 69, 59, 99, 34, 30, 50, 84, 36, 29, 49, 95, 66, 19, 97, 37, 93, 81, 96, 43, 24, 79, 74, 83, 67, 3, 89, 82, 94, 58, 88, 64, 28, 100, 44, 90, 14, 75, 21, 47, 78, 77, 80, 63, 71, 55]项目工期为：507.0；项目成本为：116015.00000000001
染色体结构为:
[25, 32, 48, 27, 26, 85, 60, 53, 9, 6, 23, 65, 87, 35, 33, 86, 24, 51, 41, 1, 16, 61, 45, 34, 59, 11, 91, 10, 98, 5, 57, 15, 73, 17, 4, 92, 52, 72, 8, 70, 12, 46, 20, 54, 30, 38, 2, 56, 50, 13, 7, 18, 22, 42, 99, 31, 76, 36, 62, 29, 3, 44, 39, 37, 43, 79, 21, 49, 19, 68, 28, 14, 94, 89, 83, 81, 95, 77, 75, 100, 93, 90, 80, 67, 58, 40, 64, 69, 96, 78, 66, 63, 74, 71, 84, 47, 82, 88, 97, 55]项目工期为：329.0；项目成本为：135583.99999999997
染色体结构为:
[1, 25, 61, 32, 4, 13, 91, 76, 18, 38, 42, 6, 23, 70, 22, 26, 27, 85, 48, 53, 65, 9, 33, 60, 35, 87, 41, 86, 51, 92, 73, 17, 72, 15, 57, 52, 8, 16, 12, 45, 46, 54, 56, 20, 5, 31, 7, 11, 39, 98, 40, 2, 10, 62, 68, 69, 99, 96, 14, 34, 24, 59, 3, 37, 58, 93, 30, 79, 19, 44, 67, 89, 29, 49, 21, 83, 95, 77, 84, 100, 81, 50, 94, 36, 74, 90, 66, 43, 78, 64, 28, 80, 75, 63, 71, 97, 82, 88, 47, 55]项目工期为：340.0；项目成本为：133434.30000000002
染色体结构为:
[25, 61, 32, 1, 4, 13, 18, 91, 38, 76, 42, 23, 26, 70, 22, 6, 85, 48, 9, 53, 65, 27, 35, 33, 60, 41, 86, 51, 87, 17, 15, 92, 73, 57, 8, 52, 16, 72, 54, 12, 45, 5, 20, 46, 56, 7, 31, 11, 39, 40, 98, 2, 68, 10, 62, 69, 34, 99, 59, 30, 50, 29, 84, 36, 49, 19, 95, 97, 66, 93, 37, 96, 43, 81, 83, 79, 24, 3, 74, 67, 82, 94, 58, 89, 88, 100, 28, 64, 44, 90, 14, 21, 47, 75, 78, 77, 63, 80, 55, 71]项目工期为：492.0；项目成本为：117526.90000000002
染色体结构为:
[1, 25, 61, 32, 4, 13, 76, 91, 38, 18, 6, 42, 23, 22, 70, 26, 85, 48, 27, 53, 35, 9, 65, 60, 33, 41, 86, 87, 92, 51, 17, 73, 15, 52, 72, 8, 57, 12, 16, 45, 54, 20, 31, 46, 7, 56, 5, 98, 11, 39, 40, 68, 2, 10, 62, 69, 99, 14, 24, 96, 59, 37, 3, 93, 34, 58, 79, 30, 19, 67, 44, 29, 89, 50, 84, 36, 95, 49, 97, 66, 81, 43, 74, 83, 94, 82, 88, 100, 28, 64, 90, 21, 47, 77, 75, 78, 63, 55, 80, 71]项目工期为：371.0；项目成本为：129281.70000000004
染色体结构为:
[76, 25, 1, 32, 61, 45, 53, 11, 27, 16, 59, 91, 41, 9, 98, 34, 10, 51, 5, 4, 73, 24, 92, 57, 72, 13, 38, 18, 42, 70, 6, 22, 23, 48, 85, 26, 65, 35, 60, 33, 87, 86, 15, 17, 8, 52, 12, 54, 20, 31, 46, 7, 56, 39, 40, 2, 68, 62, 69, 99, 96, 3, 14, 93, 58, 30, 37, 79, 19, 67, 29, 44, 89, 21, 95, 100, 49, 77, 83, 81, 94, 84, 50, 74, 43, 36, 66, 90, 82, 75, 78, 64, 88, 28, 63, 47, 71, 80, 55, 97]项目工期为：398.0；项目成本为：125702.60000000002
染色体结构为:
[1, 25, 61, 32, 4, 13, 91, 76, 18, 38, 42, 6, 23, 70, 26, 22, 85, 27, 48, 53, 9, 65, 33, 35, 60, 87, 41, 86, 51, 73, 92, 17, 72, 15, 57, 52, 8, 12, 16, 45, 46, 54, 56, 20, 5, 31, 11, 7, 39, 98, 40, 2, 10, 68, 62, 69, 99, 96, 34, 14, 24, 59, 3, 37, 58, 93, 30, 79, 19, 67, 44, 89, 29, 49, 21, 83, 95, 84, 77, 100, 50, 81, 94, 74, 90, 66, 36, 43, 78, 64, 28, 80, 75, 63, 71, 82, 97, 47, 55, 88]项目工期为：353.0；项目成本为：131868.1
染色体结构为:
[25, 1, 4, 32, 61, 13, 76, 91, 42, 6, 18, 38, 22, 70, 23, 85, 48, 26, 73, 92, 72, 15, 52, 57, 17, 12, 16, 8, 35, 31, 99, 30, 41, 45, 54, 20, 46, 56, 86, 10, 11, 53, 5, 50, 7, 9, 60, 65, 27, 36, 87, 33, 39, 81, 40, 2, 59, 98, 24, 19, 34, 3, 21, 51, 67, 43, 66, 94, 96, 58, 29, 64, 83, 47, 100, 28, 90, 93, 55, 44, 62, 69, 68, 37, 49, 14, 78, 77, 80, 75, 79, 84, 63, 89, 95, 97, 71, 74, 82, 88]项目工期为：299.0；项目成本为：140864.90000000002
染色体结构为:
[65, 92, 5, 7, 45, 48, 31, 26, 1, 85, 27, 53, 60, 9, 32, 23, 6, 41, 33, 35, 51, 87, 86, 24, 73, 20, 15, 10, 36, 29, 70, 42, 62, 40, 61, 52, 2, 99, 4, 37, 25, 18, 34, 66, 96, 17, 13, 54, 22, 91, 83, 11, 72, 67, 44, 93, 43, 30, 8, 81, 58, 76, 79, 14, 78, 12, 57, 50, 59, 89, 3, 38, 69, 39, 90, 64, 98, 19, 21, 49, 94, 16, 68, 95, 46, 28, 75, 100, 77, 80, 56, 63, 74, 84, 71, 97, 82, 47, 88, 55]项目工期为：295.0；项目成本为：141990.7
染色体结构为:
[25, 61, 1, 13, 4, 32, 76, 91, 38, 18, 42, 70, 23, 26, 6, 22, 85, 9, 65, 53, 48, 27, 60, 35, 41, 33, 17, 86, 51, 73, 87, 92, 15, 57, 8, 52, 72, 54, 16, 45, 12, 20, 46, 5, 31, 7, 56, 11, 40, 39, 2, 98, 68, 10, 62, 69, 34, 59, 99, 30, 50, 84, 36, 29, 95, 97, 49, 37, 19, 93, 81, 66, 96, 43, 83, 24, 79, 67, 74, 3, 82, 94, 89, 58, 88, 64, 28, 44, 90, 100, 21, 14, 75, 78, 47, 77, 80, 63, 55, 71]项目工期为：487.0；项目成本为：117691.90000000001
染色体结构为:
[25, 32, 1, 61, 4, 13, 91, 18, 76, 42, 38, 70, 6, 22, 23, 26, 48, 85, 53, 9, 27, 35, 60, 33, 65, 41, 87, 51, 92, 17, 73, 52, 86, 57, 15, 72, 8, 16, 12, 54, 45, 20, 46, 56, 31, 5, 7, 39, 11, 2, 40, 98, 10, 68, 62, 99, 69, 34, 96, 24, 14, 3, 59, 37, 30, 93, 58, 79, 44, 19, 67, 49, 29, 89, 21, 95, 77, 83, 36, 50, 43, 90, 74, 66, 64, 100, 78, 80, 81, 47, 84, 75, 28, 94, 82, 63, 55, 88, 97, 71]项目工期为：361.0；项目成本为：130175.40000000001
染色体结构为:
[32, 25, 4, 61, 1, 13, 76, 91, 42, 18, 38, 6, 70, 23, 48, 26, 9, 22, 65, 53, 27, 85, 60, 33, 35, 87, 41, 51, 86, 10, 11, 24, 16, 45, 59, 98, 34, 57, 7, 3, 5, 37, 73, 99, 31, 92, 14, 2, 72, 93, 46, 40, 54, 30, 58, 39, 44, 17, 19, 8, 29, 79, 21, 67, 49, 89, 95, 15, 56, 12, 52, 20, 83, 77, 36, 96, 50, 43, 100, 66, 90, 81, 64, 62, 78, 80, 69, 68, 84, 74, 28, 75, 94, 82, 47, 63, 55, 97, 88, 71]项目工期为：309.0；项目成本为：139141.19999999998
染色体结构为:
[25, 32, 13, 61, 4, 1, 91, 76, 18, 42, 38, 26, 6, 70, 23, 22, 27, 48, 85, 9, 53, 35, 65, 60, 33, 86, 92, 87, 51, 41, 17, 15, 73, 72, 57, 8, 12, 45, 52, 16, 54, 20, 46, 5, 56, 31, 11, 7, 39, 98, 40, 2, 68, 10, 99, 62, 69, 96, 14, 24, 34, 93, 30, 3, 59, 37, 44, 58, 79, 19, 67, 89, 49, 21, 29, 95, 83, 77, 84, 50, 100, 94, 74, 43, 81, 90, 82, 36, 66, 88, 28, 75, 64, 47, 55, 78, 80, 63, 71, 97]项目工期为：314.0；项目成本为：138078.50000000003
染色体结构为:
[53, 16, 27, 59, 45, 41, 91, 11, 34, 4, 10, 98, 5, 57, 9, 51, 7, 24, 85, 3, 61, 99, 32, 73, 13, 2, 37, 14, 22, 42, 40, 65, 46, 60, 33, 92, 12, 31, 96, 19, 17, 94, 18, 86, 23, 38, 58, 76, 25, 39, 20, 70, 48, 6, 21, 67, 15, 26, 43, 87, 72, 47, 1, 8, 81, 90, 93, 52, 28, 54, 35, 100, 56, 55, 62, 29, 44, 66, 95, 49, 69, 64, 89, 50, 63, 78, 77, 74, 82, 83, 84, 71, 88, 79, 36, 30, 80, 68, 75, 97]项目工期为：281.0；项目成本为：145217.60000000003
染色体结构为:
[25, 1, 61, 32, 4, 13, 76, 91, 18, 42, 38, 6, 70, 23, 22, 26, 27, 85, 9, 48, 53, 65, 35, 60, 33, 87, 86, 51, 92, 73, 41, 17, 72, 15, 57, 52, 8, 16, 12, 45, 46, 54, 56, 20, 5, 11, 31, 7, 39, 98, 2, 40, 10, 68, 99, 62, 69, 14, 96, 34, 59, 24, 37, 3, 93, 30, 58, 79, 67, 19, 44, 89, 29, 21, 49, 95, 83, 77, 100, 81, 84, 50, 74, 94, 36, 90, 66, 43, 78, 64, 28, 80, 75, 63, 71, 97, 82, 88, 47, 55]项目工期为：337.0；项目成本为：133999.30000000002
染色体结构为:
[25, 1, 4, 32, 61, 13, 91, 18, 38, 76, 42, 23, 70, 26, 22, 6, 85, 9, 53, 48, 27, 65, 35, 60, 33, 86, 41, 87, 51, 15, 17, 73, 92, 57, 8, 72, 52, 16, 54, 45, 12, 20, 46, 5, 7, 39, 56, 31, 11, 40, 98, 2, 62, 68, 10, 69, 99, 34, 59, 30, 84, 50, 29, 49, 36, 95, 19, 66, 97, 37, 93, 81, 96, 24, 43, 83, 79, 3, 74, 82, 67, 58, 94, 89, 100, 28, 88, 64, 44, 21, 90, 14, 47, 75, 78, 77, 63, 80, 55, 71]项目工期为：480.0；项目成本为：118039.50000000003
染色体结构为:
[25, 61, 13, 32, 1, 4, 76, 18, 91, 42, 38, 70, 26, 23, 6, 22, 53, 85, 65, 48, 27, 9, 35, 60, 33, 41, 87, 86, 51, 92, 73, 57, 17, 52, 15, 8, 72, 54, 45, 16, 5, 46, 56, 20, 31, 12, 7, 11, 39, 40, 10, 68, 62, 2, 98, 69, 34, 99, 50, 59, 84, 30, 29, 36, 95, 66, 49, 19, 97, 81, 37, 93, 79, 96, 43, 74, 24, 83, 67, 82, 3, 94, 58, 89, 100, 88, 90, 44, 28, 64, 21, 47, 14, 77, 63, 75, 78, 80, 71, 55]项目工期为：439.0；项目成本为：121697.30000000003
染色体结构为:
[1, 25, 32, 61, 4, 13, 18, 91, 76, 42, 38, 70, 23, 22, 26, 9, 85, 6, 48, 65, 35, 27, 53, 60, 41, 87, 33, 86, 51, 17, 92, 15, 73, 57, 8, 52, 54, 16, 72, 45, 12, 20, 7, 5, 46, 31, 39, 56, 11, 98, 40, 68, 10, 2, 62, 69, 99, 34, 30, 50, 59, 29, 84, 95, 36, 49, 97, 66, 19, 37, 96, 93, 24, 81, 43, 83, 79, 3, 74, 94, 82, 89, 67, 100, 58, 88, 28, 64, 44, 90, 21, 47, 75, 78, 14, 77, 80, 63, 55, 71]项目工期为：564.0；项目成本为：113381.3
染色体结构为:
[25, 61, 13, 32, 1, 4, 76, 18, 91, 42, 38, 70, 23, 26, 6, 22, 53, 85, 9, 48, 65, 27, 35, 33, 60, 87, 41, 51, 86, 17, 15, 92, 57, 73, 52, 8, 72, 16, 54, 12, 45, 20, 5, 46, 56, 7, 31, 39, 11, 40, 98, 2, 68, 10, 62, 34, 69, 99, 59, 30, 50, 29, 84, 36, 49, 95, 19, 66, 97, 96, 37, 93, 81, 43, 24, 83, 79, 3, 74, 67, 82, 94, 89, 100, 58, 88, 28, 64, 44, 90, 21, 47, 14, 75, 78, 77, 80, 55, 63, 71]项目工期为：495.0；项目成本为：117191.8
染色体结构为:
[25, 1, 32, 61, 4, 13, 91, 18, 76, 38, 42, 23, 70, 26, 22, 85, 6, 48, 9, 15, 65, 92, 73, 72, 57, 17, 27, 60, 35, 33, 53, 41, 87, 86, 52, 8, 51, 12, 16, 45, 20, 54, 46, 56, 7, 5, 2, 31, 11, 30, 10, 59, 50, 34, 84, 36, 29, 49, 97, 19, 95, 66, 81, 98, 37, 93, 79, 40, 39, 96, 24, 99, 43, 62, 74, 83, 67, 3, 82, 94, 58, 89, 88, 100, 28, 68, 90, 64, 44, 14, 21, 75, 69, 78, 77, 47, 80, 63, 71, 55]项目工期为：428.0；项目成本为：122689.30000000003
染色体结构为:
[25, 1, 32, 61, 4, 13, 91, 42, 18, 76, 38, 23, 26, 70, 6, 22, 9, 85, 48, 53, 65, 27, 35, 60, 33, 87, 41, 73, 86, 17, 51, 15, 92, 57, 52, 8, 72, 16, 54, 45, 12, 20, 46, 5, 56, 39, 11, 7, 31, 40, 98, 30, 68, 2, 10, 50, 84, 34, 59, 36, 29, 95, 19, 49, 97, 37, 24, 79, 3, 81, 99, 89, 83, 14, 62, 96, 58, 69, 93, 67, 77, 44, 100, 21, 74, 66, 82, 94, 88, 64, 75, 28, 43, 90, 78, 47, 63, 55, 80, 71]项目工期为：374.0；项目成本为：128797.50000000003
染色体结构为:
[25, 76, 1, 32, 61, 45, 53, 27, 11, 16, 59, 41, 91, 9, 34, 98, 51, 10, 5, 24, 4, 73, 92, 57, 72, 13, 38, 18, 42, 70, 6, 22, 23, 48, 85, 26, 65, 35, 60, 33, 87, 86, 15, 8, 17, 52, 12, 20, 54, 46, 31, 7, 56, 39, 40, 68, 2, 62, 99, 69, 96, 3, 14, 93, 58, 37, 30, 79, 19, 29, 67, 44, 89, 95, 21, 49, 100, 77, 83, 94, 81, 50, 84, 43, 74, 36, 90, 66, 82, 75, 78, 88, 64, 28, 47, 63, 71, 80, 55, 97]项目工期为：388.0；项目成本为：126762.70000000001
染色体结构为:
[25, 61, 1, 4, 32, 13, 18, 91, 76, 38, 42, 6, 23, 48, 22, 70, 26, 85, 27, 35, 53, 9, 60, 65, 41, 33, 86, 87, 51, 92, 72, 73, 17, 57, 15, 52, 8, 16, 12, 45, 54, 20, 31, 46, 5, 7, 11, 56, 39, 40, 98, 2, 68, 10, 62, 96, 69, 14, 99, 24, 59, 93, 3, 58, 34, 37, 30, 79, 19, 44, 67, 89, 29, 95, 77, 49, 21, 100, 83, 81, 50, 84, 94, 74, 36, 66, 43, 90, 78, 75, 82, 88, 80, 47, 64, 28, 55, 63, 97, 71]项目工期为：383.0；项目成本为：127552.70000000001
染色体结构为:
[25, 61, 1, 4, 91, 32, 13, 38, 18, 76, 42, 70, 23, 26, 85, 6, 22, 9, 53, 48, 27, 35, 65, 60, 33, 86, 41, 51, 15, 87, 73, 92, 17, 57, 8, 72, 52, 54, 45, 16, 20, 12, 7, 46, 5, 56, 31, 11, 39, 40, 98, 2, 62, 68, 10, 69, 99, 34, 59, 30, 84, 50, 29, 36, 49, 95, 19, 66, 97, 93, 37, 81, 96, 24, 43, 79, 83, 3, 74, 58, 67, 82, 94, 89, 28, 88, 100, 64, 90, 44, 21, 14, 47, 77, 78, 75, 80, 63, 55, 71]项目工期为：474.0；项目成本为：118454.10000000002
染色体结构为:
[25, 1, 32, 61, 13, 76, 4, 91, 18, 38, 6, 23, 70, 42, 26, 22, 48, 85, 27, 9, 53, 35, 60, 65, 33, 41, 86, 87, 92, 73, 51, 15, 17, 72, 52, 8, 16, 12, 57, 54, 45, 20, 31, 46, 56, 7, 98, 11, 5, 40, 39, 68, 2, 62, 10, 69, 14, 24, 99, 59, 96, 3, 34, 93, 37, 58, 30, 79, 19, 67, 44, 29, 89, 50, 84, 36, 95, 49, 97, 66, 74, 81, 43, 82, 83, 94, 28, 88, 100, 64, 90, 21, 47, 77, 75, 63, 78, 80, 55, 71]项目工期为：381.0；项目成本为：127750.90000000002
染色体结构为:
[25, 85, 48, 27, 32, 72, 26, 17, 9, 15, 20, 39, 76, 11, 16, 92, 52, 73, 57, 12, 35, 45, 8, 70, 6, 54, 30, 86, 4, 46, 5, 56, 10, 1, 61, 13, 42, 91, 18, 22, 23, 38, 40, 41, 81, 98, 99, 7, 2, 24, 53, 34, 19, 59, 60, 3, 21, 51, 87, 65, 43, 67, 33, 31, 66, 96, 94, 58, 64, 29, 83, 47, 28, 100, 90, 93, 55, 44, 62, 68, 69, 14, 37, 49, 36, 77, 78, 50, 75, 79, 80, 63, 89, 84, 95, 71, 97, 74, 82, 88]项目工期为：277.0；项目成本为：145887.5
染色体结构为:
[25, 61, 1, 32, 4, 13, 18, 38, 91, 76, 42, 70, 23, 26, 85, 6, 22, 9, 53, 27, 48, 65, 33, 35, 60, 51, 86, 41, 87, 73, 15, 17, 92, 57, 8, 52, 72, 16, 45, 54, 12, 20, 5, 46, 31, 56, 7, 39, 11, 40, 98, 2, 10, 68, 62, 69, 59, 99, 34, 30, 84, 50, 36, 29, 95, 49, 66, 19, 97, 37, 93, 81, 43, 96, 24, 83, 74, 79, 67, 3, 82, 94, 89, 58, 88, 64, 28, 100, 90, 44, 14, 21, 75, 47, 78, 77, 80, 63, 71, 55]项目工期为：493.0；项目成本为：117292.30000000002
染色体结构为:
[11, 72, 17, 39, 20, 42, 76, 15, 86, 23, 29, 8, 46, 40, 73, 99, 37, 13, 91, 1, 79, 7, 85, 61, 81, 57, 56, 45, 59, 25, 58, 92, 36, 100, 90, 4, 22, 24, 83, 6, 60, 98, 64, 65, 28, 34, 33, 54, 16, 53, 27, 41, 5, 9, 10, 3, 51, 26, 19, 70, 2, 32, 12, 18, 38, 35, 48, 66, 52, 62, 31, 44, 43, 30, 77, 89, 69, 87, 49, 14, 93, 50, 80, 67, 68, 84, 21, 95, 47, 78, 55, 74, 63, 75, 96, 82, 94, 88, 97, 71]项目工期为：254.0；项目成本为：152306.00000000003
染色体结构为:
[76, 25, 1, 32, 61, 45, 53, 11, 27, 16, 59, 91, 41, 9, 98, 34, 10, 51, 5, 4, 24, 73, 92, 57, 72, 13, 38, 18, 42, 70, 6, 22, 23, 48, 85, 26, 65, 35, 33, 60, 87, 86, 15, 8, 17, 52, 12, 54, 20, 31, 46, 7, 39, 56, 40, 2, 68, 62, 69, 96, 99, 3, 14, 93, 58, 30, 37, 79, 19, 67, 44, 29, 89, 21, 100, 95, 49, 77, 83, 94, 81, 84, 74, 50, 43, 36, 66, 90, 82, 75, 78, 88, 64, 28, 63, 47, 71, 55, 80, 97]项目工期为：398.0；项目成本为：125702.60000000002
染色体结构为:
[61, 25, 13, 32, 1, 91, 4, 18, 38, 42, 76, 23, 70, 26, 22, 6, 85, 53, 9, 48, 27, 35, 65, 60, 33, 86, 87, 41, 51, 15, 17, 73, 92, 57, 8, 72, 52, 16, 54, 45, 12, 20, 46, 5, 7, 56, 39, 31, 11, 40, 98, 2, 62, 68, 10, 69, 99, 34, 59, 30, 50, 84, 29, 49, 36, 95, 19, 66, 97, 37, 81, 93, 24, 96, 43, 79, 83, 3, 74, 82, 67, 94, 58, 89, 100, 88, 28, 64, 44, 90, 21, 47, 14, 75, 78, 77, 63, 80, 55, 71]项目工期为：480.0；项目成本为：118039.50000000003
染色体结构为:
[32, 25, 4, 1, 61, 76, 91, 13, 42, 38, 18, 70, 6, 23, 26, 48, 22, 9, 85, 65, 27, 53, 60, 87, 33, 35, 41, 51, 86, 24, 10, 16, 11, 45, 59, 98, 34, 57, 7, 5, 3, 37, 73, 31, 14, 99, 92, 72, 2, 93, 46, 40, 54, 39, 30, 58, 19, 44, 17, 8, 29, 79, 67, 21, 89, 49, 95, 15, 56, 12, 52, 20, 36, 83, 77, 96, 50, 43, 66, 90, 100, 64, 81, 62, 69, 78, 80, 74, 68, 28, 84, 94, 47, 75, 82, 55, 63, 97, 88, 71]项目工期为：317.0；项目成本为：137174.6
染色体结构为:
[25, 32, 13, 61, 1, 4, 76, 91, 18, 42, 38, 26, 6, 70, 23, 22, 27, 48, 85, 9, 35, 53, 65, 60, 33, 86, 92, 87, 51, 41, 17, 15, 72, 73, 57, 8, 45, 12, 52, 16, 54, 20, 46, 5, 56, 31, 7, 39, 11, 98, 40, 2, 68, 10, 99, 62, 69, 96, 14, 24, 34, 93, 30, 3, 37, 59, 44, 58, 79, 19, 67, 89, 49, 21, 29, 95, 83, 77, 84, 50, 100, 94, 74, 43, 81, 90, 82, 36, 66, 88, 28, 75, 64, 47, 55, 78, 80, 63, 71, 97]项目工期为：314.0；项目成本为：138078.50000000003
染色体结构为:
[25, 1, 61, 32, 4, 13, 91, 18, 76, 38, 42, 23, 70, 26, 22, 85, 6, 48, 9, 15, 65, 92, 73, 72, 57, 17, 27, 35, 60, 53, 33, 87, 41, 52, 86, 8, 51, 12, 16, 45, 20, 46, 54, 56, 7, 5, 2, 31, 11, 30, 10, 59, 50, 34, 84, 36, 29, 49, 97, 95, 19, 66, 81, 98, 37, 93, 79, 40, 96, 39, 24, 99, 62, 43, 74, 83, 67, 3, 82, 94, 58, 89, 88, 100, 28, 68, 90, 64, 44, 14, 21, 75, 69, 78, 77, 47, 80, 63, 71, 55]项目工期为：428.0；项目成本为：122689.30000000003
染色体结构为:
[32, 1, 25, 4, 13, 61, 91, 76, 18, 42, 73, 85, 92, 15, 57, 17, 72, 38, 6, 23, 70, 22, 26, 27, 48, 53, 9, 35, 60, 87, 65, 33, 86, 41, 52, 51, 8, 16, 12, 45, 20, 46, 54, 56, 5, 7, 31, 2, 10, 11, 30, 59, 34, 84, 50, 29, 36, 49, 97, 19, 95, 81, 98, 66, 37, 93, 79, 39, 40, 96, 24, 43, 99, 62, 74, 83, 3, 67, 94, 82, 89, 88, 58, 100, 28, 90, 64, 68, 44, 21, 47, 69, 14, 77, 75, 55, 78, 63, 80, 71]项目工期为：420.0；项目成本为：123405.00000000003
染色体结构为:
[1, 25, 61, 32, 4, 13, 91, 18, 76, 42, 38, 23, 70, 26, 6, 9, 22, 85, 53, 48, 65, 33, 27, 35, 60, 87, 86, 41, 73, 17, 51, 15, 92, 57, 52, 8, 72, 54, 45, 12, 20, 16, 46, 5, 56, 7, 39, 31, 11, 40, 98, 68, 30, 10, 2, 50, 84, 34, 59, 36, 29, 95, 19, 97, 49, 37, 24, 79, 89, 3, 81, 99, 62, 83, 14, 96, 58, 69, 93, 67, 44, 77, 100, 21, 74, 66, 82, 88, 94, 75, 64, 28, 90, 78, 43, 47, 55, 80, 63, 71]项目工期为：400.0；项目成本为：125455.00000000003
染色体结构为:
[25, 32, 61, 1, 13, 4, 18, 91, 76, 48, 26, 85, 9, 27, 53, 60, 6, 23, 87, 33, 65, 86, 35, 41, 51, 16, 24, 59, 45, 34, 10, 11, 98, 5, 57, 73, 17, 15, 92, 52, 72, 8, 12, 70, 46, 54, 20, 30, 38, 2, 56, 7, 50, 22, 99, 42, 31, 36, 29, 44, 3, 62, 37, 39, 43, 21, 79, 19, 49, 28, 68, 14, 94, 81, 89, 83, 95, 77, 93, 100, 75, 90, 80, 67, 58, 40, 96, 64, 69, 78, 66, 63, 71, 74, 82, 84, 47, 55, 88, 97]项目工期为：338.0；项目成本为：133813.6
染色体结构为:
[32, 25, 4, 61, 1, 13, 76, 91, 42, 38, 18, 70, 6, 48, 23, 26, 9, 22, 65, 53, 27, 85, 33, 60, 35, 41, 87, 51, 86, 10, 11, 24, 16, 45, 59, 98, 34, 57, 7, 3, 5, 37, 73, 99, 31, 92, 14, 72, 2, 93, 46, 40, 30, 54, 58, 39, 44, 17, 19, 8, 29, 79, 21, 67, 89, 49, 95, 15, 56, 12, 52, 20, 83, 77, 36, 96, 50, 43, 100, 66, 90, 81, 64, 62, 78, 80, 69, 68, 84, 74, 28, 75, 94, 82, 47, 63, 55, 97, 88, 71]项目工期为：309.0；项目成本为：139141.19999999998
染色体结构为:
[1, 25, 61, 32, 4, 91, 13, 76, 18, 38, 42, 70, 23, 26, 6, 9, 85, 22, 53, 48, 33, 65, 27, 35, 60, 87, 86, 41, 73, 17, 51, 92, 15, 57, 8, 52, 72, 54, 45, 12, 20, 16, 46, 5, 56, 39, 7, 31, 11, 40, 98, 30, 68, 2, 10, 50, 84, 34, 59, 36, 29, 95, 19, 97, 49, 37, 24, 79, 89, 81, 99, 3, 62, 83, 14, 96, 58, 69, 93, 67, 44, 77, 100, 21, 74, 66, 82, 88, 94, 75, 64, 28, 90, 43, 78, 47, 55, 80, 63, 71]项目工期为：394.0；项目成本为：126003.50000000004
染色体结构为:
[1, 25, 61, 32, 13, 4, 91, 18, 42, 76, 38, 23, 70, 26, 6, 22, 9, 85, 48, 53, 65, 27, 33, 35, 60, 87, 86, 41, 73, 17, 15, 51, 92, 57, 52, 8, 72, 16, 54, 45, 12, 20, 46, 5, 7, 56, 39, 11, 31, 40, 98, 68, 30, 2, 10, 50, 84, 34, 59, 36, 29, 95, 97, 19, 49, 37, 24, 79, 89, 81, 3, 62, 99, 83, 96, 14, 58, 69, 93, 67, 44, 100, 77, 21, 74, 66, 82, 88, 94, 64, 75, 28, 90, 43, 78, 47, 63, 55, 80, 71]项目工期为：392.0；项目成本为：126503.00000000003
染色体结构为:
[1, 25, 61, 32, 4, 13, 76, 91, 38, 18, 6, 23, 42, 22, 26, 70, 85, 48, 27, 53, 35, 9, 65, 60, 33, 41, 86, 87, 92, 51, 17, 73, 52, 15, 72, 8, 57, 12, 16, 45, 54, 20, 46, 31, 7, 56, 5, 98, 11, 39, 40, 2, 68, 10, 62, 99, 69, 14, 24, 59, 96, 37, 3, 34, 93, 58, 79, 30, 19, 44, 67, 29, 89, 50, 84, 95, 36, 49, 66, 97, 81, 43, 74, 83, 94, 82, 88, 100, 28, 64, 90, 21, 77, 47, 75, 78, 63, 55, 80, 71]项目工期为：371.0；项目成本为：129281.70000000004
染色体结构为:
[25, 85, 48, 32, 1, 61, 4, 13, 91, 38, 18, 76, 70, 42, 23, 22, 26, 6, 9, 53, 27, 65, 35, 33, 60, 51, 41, 86, 87, 15, 17, 73, 92, 57, 8, 72, 52, 16, 54, 45, 12, 20, 5, 46, 7, 31, 56, 39, 11, 40, 2, 98, 10, 68, 62, 69, 59, 99, 34, 30, 50, 84, 36, 49, 29, 66, 95, 19, 97, 37, 93, 81, 43, 96, 24, 79, 83, 74, 67, 89, 3, 82, 94, 58, 88, 64, 28, 100, 44, 90, 14, 21, 75, 47, 78, 77, 80, 63, 71, 55]项目工期为：507.0；项目成本为：116015.00000000001
染色体结构为:
[32, 25, 61, 1, 91, 4, 13, 18, 76, 42, 85, 73, 15, 92, 72, 57, 17, 38, 70, 6, 23, 48, 22, 26, 27, 9, 53, 65, 60, 35, 33, 87, 41, 51, 86, 52, 8, 16, 46, 12, 45, 20, 54, 56, 7, 5, 31, 2, 11, 34, 30, 10, 50, 59, 29, 84, 36, 95, 49, 97, 19, 81, 98, 66, 93, 37, 79, 40, 39, 96, 62, 43, 24, 99, 74, 83, 82, 67, 3, 89, 94, 58, 88, 100, 28, 90, 68, 69, 14, 64, 78, 44, 75, 21, 47, 63, 55, 77, 80, 71]项目工期为：442.0；项目成本为：121457.20000000001
染色体结构为:
[25, 1, 32, 61, 13, 76, 91, 4, 18, 38, 6, 23, 42, 70, 26, 22, 48, 85, 27, 9, 53, 35, 60, 65, 33, 41, 86, 87, 92, 73, 51, 15, 17, 72, 52, 8, 16, 12, 57, 54, 45, 20, 46, 31, 56, 7, 98, 11, 5, 40, 39, 68, 2, 62, 10, 69, 14, 24, 99, 59, 96, 3, 34, 93, 37, 58, 30, 79, 19, 67, 29, 44, 89, 50, 84, 36, 95, 49, 66, 97, 74, 81, 43, 82, 83, 94, 28, 100, 64, 88, 21, 90, 47, 75, 77, 63, 78, 80, 55, 71]项目工期为：381.0；项目成本为：127750.90000000002
染色体结构为:
[25, 1, 61, 32, 4, 13, 76, 91, 38, 42, 6, 18, 22, 70, 23, 26, 85, 9, 27, 53, 48, 60, 35, 33, 65, 41, 87, 86, 51, 92, 73, 17, 57, 15, 52, 8, 16, 45, 72, 12, 46, 54, 56, 20, 7, 5, 31, 11, 39, 10, 98, 40, 2, 62, 68, 69, 14, 99, 96, 34, 37, 59, 24, 30, 3, 93, 58, 19, 79, 67, 89, 29, 44, 49, 21, 95, 77, 83, 100, 81, 50, 84, 90, 94, 74, 36, 43, 66, 64, 78, 28, 63, 80, 75, 71, 97, 82, 47, 88, 55]项目工期为：312.0；项目成本为：138165.60000000003
染色体结构为:
[32, 1, 25, 72, 17, 11, 20, 42, 39, 15, 8, 76, 23, 86, 40, 29, 73, 46, 99, 37, 91, 13, 61, 85, 79, 81, 57, 7, 56, 59, 92, 45, 58, 36, 100, 90, 4, 22, 24, 83, 60, 6, 64, 65, 98, 54, 33, 28, 34, 16, 53, 41, 27, 10, 9, 5, 3, 26, 19, 51, 2, 70, 18, 12, 38, 35, 66, 52, 48, 31, 62, 43, 89, 44, 77, 30, 69, 49, 93, 87, 14, 50, 80, 67, 21, 84, 68, 47, 75, 95, 78, 55, 74, 96, 63, 97, 82, 88, 71, 94]项目工期为：266.0；项目成本为：149207.3
染色体结构为:
[1, 61, 25, 32, 13, 4, 76, 91, 18, 38, 6, 42, 23, 70, 22, 26, 85, 48, 27, 53, 9, 35, 65, 60, 33, 41, 86, 87, 92, 51, 17, 73, 15, 52, 72, 8, 57, 12, 16, 54, 45, 20, 46, 31, 7, 56, 5, 98, 11, 39, 40, 68, 2, 10, 62, 69, 14, 24, 96, 99, 59, 3, 37, 93, 34, 58, 79, 30, 19, 67, 44, 29, 89, 50, 84, 36, 95, 49, 97, 66, 81, 43, 74, 83, 94, 82, 88, 100, 64, 28, 90, 21, 47, 77, 75, 78, 63, 55, 80, 71]项目工期为：377.0；项目成本为：128579.70000000004
染色体结构为:
[61, 25, 13, 32, 4, 1, 18, 38, 76, 42, 91, 23, 70, 26, 6, 22, 85, 53, 48, 27, 9, 35, 65, 60, 41, 33, 86, 87, 51, 92, 73, 17, 52, 57, 8, 15, 72, 16, 54, 45, 5, 20, 12, 46, 56, 31, 7, 11, 39, 40, 10, 98, 68, 62, 69, 34, 2, 99, 50, 59, 30, 84, 29, 36, 95, 19, 49, 97, 66, 81, 37, 79, 93, 96, 43, 74, 24, 83, 67, 82, 3, 94, 58, 14, 44, 89, 64, 88, 100, 28, 90, 21, 47, 77, 75, 78, 55, 63, 80, 71]项目工期为：433.0；项目成本为：122144.20000000001
染色体结构为:
[25, 1, 32, 61, 13, 76, 4, 91, 38, 42, 18, 6, 70, 23, 22, 26, 85, 27, 9, 53, 48, 35, 65, 60, 33, 86, 87, 41, 92, 51, 73, 17, 57, 15, 52, 72, 16, 8, 45, 12, 54, 46, 56, 5, 20, 7, 31, 11, 39, 10, 98, 40, 2, 68, 62, 69, 14, 99, 96, 34, 24, 59, 3, 37, 93, 30, 58, 79, 19, 67, 44, 89, 49, 29, 21, 95, 83, 100, 77, 84, 50, 81, 94, 74, 36, 90, 66, 43, 78, 64, 28, 80, 75, 63, 97, 71, 82, 88, 47, 55]项目工期为：357.0；项目成本为：130699.3
染色体结构为:
[72, 11, 20, 39, 17, 42, 76, 8, 32, 1, 25, 61, 4, 13, 91, 18, 73, 38, 70, 23, 26, 22, 6, 85, 48, 9, 15, 65, 92, 27, 57, 53, 60, 35, 33, 87, 41, 51, 86, 54, 52, 16, 45, 46, 56, 5, 12, 7, 31, 10, 40, 68, 98, 62, 69, 2, 34, 99, 50, 59, 30, 84, 29, 36, 49, 95, 66, 19, 81, 97, 93, 37, 79, 43, 96, 24, 74, 67, 83, 94, 82, 3, 58, 88, 89, 100, 28, 90, 44, 64, 21, 47, 14, 77, 75, 63, 78, 80, 55, 71]项目工期为：380.0；项目成本为：127973.00000000003
染色体结构为:
[25, 61, 13, 32, 1, 4, 76, 18, 91, 42, 38, 70, 23, 26, 22, 6, 53, 85, 48, 27, 65, 9, 35, 41, 60, 33, 87, 86, 92, 51, 73, 52, 17, 8, 57, 15, 72, 54, 16, 45, 46, 20, 5, 12, 56, 31, 7, 11, 10, 39, 40, 68, 62, 98, 69, 34, 2, 99, 50, 59, 30, 84, 29, 95, 36, 49, 66, 19, 97, 37, 81, 93, 79, 96, 43, 74, 24, 83, 67, 82, 94, 58, 3, 89, 88, 100, 90, 28, 44, 64, 21, 47, 14, 75, 77, 63, 78, 80, 55, 71]项目工期为：458.0；项目成本为：120041.10000000002
染色体结构为:
[25, 1, 32, 61, 13, 76, 4, 91, 38, 18, 6, 42, 70, 23, 22, 26, 85, 27, 9, 48, 53, 35, 65, 60, 33, 86, 87, 41, 92, 51, 17, 73, 15, 52, 57, 72, 16, 8, 45, 12, 54, 46, 56, 5, 20, 7, 31, 11, 39, 10, 98, 40, 2, 68, 62, 69, 14, 99, 96, 34, 24, 59, 3, 37, 93, 30, 58, 79, 19, 67, 44, 89, 49, 29, 21, 95, 83, 100, 77, 84, 50, 81, 94, 36, 74, 66, 90, 43, 78, 64, 28, 80, 75, 63, 97, 71, 82, 88, 47, 55]项目工期为：357.0；项目成本为：130699.3
染色体结构为:
[1, 25, 61, 32, 13, 4, 76, 18, 6, 38, 91, 23, 42, 70, 22, 48, 26, 85, 9, 65, 27, 53, 35, 60, 87, 41, 33, 86, 51, 17, 15, 73, 92, 57, 52, 72, 8, 45, 16, 20, 12, 54, 46, 31, 7, 56, 5, 98, 39, 11, 40, 2, 68, 62, 69, 10, 99, 14, 96, 24, 59, 3, 93, 37, 34, 30, 58, 79, 19, 44, 67, 89, 29, 21, 95, 77, 100, 83, 49, 81, 94, 50, 84, 74, 43, 36, 90, 66, 75, 78, 82, 88, 80, 64, 28, 47, 63, 97, 71, 55]项目工期为：387.0；项目成本为：127469.20000000003
染色体结构为:
[25, 13, 1, 61, 32, 4, 18, 76, 91, 42, 38, 23, 70, 26, 6, 22, 85, 53, 48, 65, 27, 35, 9, 60, 33, 41, 87, 86, 92, 51, 17, 73, 57, 52, 8, 15, 54, 16, 72, 45, 5, 46, 12, 20, 56, 31, 7, 11, 39, 40, 10, 68, 62, 98, 69, 34, 2, 99, 50, 59, 30, 84, 29, 36, 95, 49, 66, 19, 97, 81, 37, 93, 96, 79, 43, 74, 24, 67, 82, 83, 94, 3, 58, 89, 88, 100, 90, 28, 44, 21, 64, 47, 14, 78, 75, 63, 55, 77, 71, 80]项目工期为：437.0；项目成本为：121799.10000000003
染色体结构为:
[25, 1, 61, 4, 32, 13, 76, 91, 38, 18, 6, 42, 70, 22, 23, 27, 85, 26, 9, 48, 53, 35, 65, 33, 60, 86, 87, 41, 92, 51, 73, 17, 72, 57, 8, 15, 52, 16, 45, 12, 46, 54, 56, 5, 20, 31, 11, 7, 40, 39, 98, 2, 10, 68, 62, 69, 99, 14, 96, 24, 34, 59, 37, 3, 93, 30, 58, 79, 19, 44, 67, 89, 49, 29, 95, 21, 77, 83, 100, 50, 84, 81, 74, 94, 36, 90, 66, 64, 43, 78, 28, 75, 80, 63, 97, 71, 82, 88, 47, 55]项目工期为：342.0；项目成本为：132666.0
染色体结构为:
[1, 25, 61, 32, 4, 13, 76, 91, 18, 38, 6, 42, 23, 70, 22, 26, 85, 48, 27, 53, 9, 35, 65, 60, 33, 41, 86, 87, 92, 51, 17, 73, 15, 52, 72, 57, 8, 12, 16, 45, 54, 20, 46, 31, 7, 56, 5, 98, 11, 39, 40, 68, 2, 62, 10, 69, 14, 99, 96, 59, 24, 3, 37, 93, 34, 58, 79, 30, 19, 67, 44, 29, 89, 50, 84, 36, 95, 49, 97, 66, 81, 43, 74, 83, 94, 82, 88, 100, 64, 28, 90, 21, 47, 77, 75, 78, 55, 63, 80, 71]项目工期为：377.0；项目成本为：128579.70000000004
染色体结构为:
[25, 32, 1, 4, 61, 13, 91, 18, 76, 42, 38, 70, 23, 26, 9, 22, 85, 6, 48, 65, 53, 35, 27, 33, 60, 41, 87, 86, 51, 17, 15, 57, 73, 92, 52, 8, 72, 16, 54, 12, 45, 20, 5, 46, 7, 31, 11, 56, 39, 40, 98, 2, 68, 10, 34, 62, 69, 30, 99, 50, 84, 59, 36, 29, 95, 49, 19, 97, 66, 96, 37, 93, 24, 81, 83, 43, 3, 79, 74, 82, 94, 67, 89, 58, 88, 28, 100, 64, 44, 90, 21, 47, 75, 14, 77, 78, 80, 63, 71, 55]项目工期为：556.0；项目成本为：113954.40000000001
染色体结构为:
[17, 72, 11, 20, 42, 39, 76, 8, 15, 86, 23, 29, 40, 46, 99, 73, 91, 37, 13, 1, 61, 85, 79, 7, 81, 57, 59, 56, 92, 36, 45, 58, 25, 100, 4, 90, 22, 83, 6, 24, 60, 64, 98, 65, 28, 34, 54, 33, 16, 27, 53, 41, 9, 5, 10, 3, 51, 19, 26, 70, 32, 2, 12, 18, 38, 35, 48, 66, 52, 31, 62, 43, 44, 77, 89, 30, 69, 49, 87, 93, 14, 50, 80, 67, 68, 84, 21, 95, 47, 78, 55, 75, 74, 96, 94, 63, 71, 97, 82, 88]项目工期为：251.0；项目成本为：153305.80000000002
染色体结构为:
[1, 25, 61, 32, 4, 13, 91, 76, 18, 38, 42, 6, 23, 70, 26, 22, 85, 27, 48, 53, 65, 9, 33, 60, 35, 87, 41, 51, 86, 73, 92, 17, 72, 15, 57, 52, 8, 12, 16, 45, 46, 54, 56, 20, 5, 11, 7, 31, 39, 98, 40, 2, 10, 62, 68, 69, 99, 96, 14, 34, 24, 59, 37, 3, 93, 58, 30, 79, 19, 67, 44, 89, 29, 49, 83, 21, 95, 84, 77, 100, 50, 81, 94, 74, 90, 36, 66, 43, 78, 28, 64, 80, 75, 63, 97, 47, 71, 82, 55, 88]项目工期为：330.0；项目成本为：135449.5
染色体结构为:
[32, 25, 1, 4, 61, 13, 91, 76, 18, 42, 73, 85, 15, 57, 92, 72, 17, 38, 6, 70, 22, 23, 26, 48, 27, 53, 9, 35, 60, 65, 33, 41, 87, 86, 52, 51, 8, 16, 45, 12, 54, 20, 46, 56, 7, 5, 31, 2, 11, 10, 30, 34, 59, 50, 84, 36, 29, 49, 97, 19, 95, 81, 66, 98, 93, 37, 79, 40, 96, 39, 62, 24, 43, 99, 74, 83, 67, 3, 82, 58, 94, 89, 100, 88, 28, 68, 90, 44, 64, 14, 69, 75, 21, 77, 47, 78, 55, 80, 63, 71]项目工期为：412.0；项目成本为：123990.60000000002
染色体结构为:
[25, 61, 13, 32, 1, 4, 76, 18, 91, 42, 38, 70, 23, 26, 6, 22, 85, 48, 53, 65, 27, 9, 35, 60, 41, 33, 87, 86, 92, 51, 17, 73, 52, 8, 57, 15, 72, 16, 54, 46, 45, 5, 20, 12, 56, 31, 7, 11, 39, 40, 10, 68, 62, 98, 69, 2, 34, 50, 99, 59, 30, 84, 29, 95, 49, 66, 36, 19, 97, 81, 37, 79, 93, 96, 43, 74, 24, 83, 67, 82, 94, 58, 3, 88, 89, 100, 90, 28, 44, 21, 64, 47, 14, 77, 75, 63, 78, 80, 55, 71]项目工期为：446.0；项目成本为：120983.30000000003
染色体结构为:
[1, 25, 61, 4, 32, 13, 91, 18, 76, 70, 42, 38, 26, 23, 22, 85, 6, 9, 48, 65, 73, 92, 15, 72, 57, 17, 60, 27, 53, 35, 87, 33, 41, 86, 52, 51, 8, 12, 16, 45, 46, 54, 20, 56, 7, 5, 2, 31, 30, 11, 10, 59, 34, 84, 36, 50, 49, 97, 29, 95, 19, 81, 66, 98, 93, 37, 79, 40, 96, 39, 24, 43, 99, 62, 74, 67, 83, 3, 94, 82, 58, 89, 88, 100, 28, 68, 90, 64, 14, 69, 44, 75, 21, 47, 78, 77, 63, 80, 55, 71]项目工期为：462.0；项目成本为：119355.30000000003
染色体结构为:
[32, 26, 48, 9, 27, 85, 60, 53, 6, 87, 23, 65, 35, 86, 33, 41, 51, 24, 16, 1, 25, 61, 45, 59, 11, 91, 34, 10, 5, 98, 4, 57, 73, 15, 17, 92, 72, 8, 70, 52, 12, 46, 54, 38, 20, 2, 56, 30, 7, 50, 18, 22, 13, 31, 29, 99, 76, 36, 42, 62, 44, 3, 39, 37, 43, 79, 21, 19, 49, 14, 68, 94, 28, 81, 89, 83, 77, 95, 75, 93, 100, 90, 40, 80, 64, 58, 67, 96, 69, 66, 63, 78, 71, 74, 84, 47, 82, 88, 55, 97]项目工期为：321.0；项目成本为：136500.4
染色体结构为:
[25, 61, 91, 85, 57, 73, 17, 92, 15, 72, 26, 52, 35, 8, 32, 27, 48, 9, 39, 20, 11, 76, 16, 6, 12, 45, 70, 30, 54, 4, 86, 5, 46, 56, 10, 1, 13, 42, 18, 38, 23, 22, 40, 41, 81, 99, 2, 7, 98, 59, 24, 53, 34, 19, 60, 3, 21, 51, 43, 65, 67, 87, 33, 96, 66, 31, 94, 64, 58, 29, 83, 47, 90, 28, 55, 100, 44, 93, 62, 69, 68, 49, 37, 77, 14, 36, 80, 50, 78, 75, 79, 89, 63, 84, 95, 97, 71, 74, 82, 88]项目工期为：284.0；项目成本为：144949.30000000002
染色体结构为:
[25, 1, 4, 32, 61, 13, 18, 38, 91, 76, 42, 23, 70, 26, 22, 6, 85, 53, 9, 27, 65, 48, 60, 33, 35, 86, 41, 87, 51, 15, 17, 73, 92, 57, 8, 72, 52, 16, 54, 45, 20, 12, 7, 5, 46, 31, 39, 98, 56, 11, 40, 68, 2, 10, 62, 69, 99, 34, 30, 50, 59, 84, 29, 95, 49, 36, 97, 19, 66, 37, 96, 93, 24, 81, 43, 83, 79, 3, 74, 94, 82, 67, 89, 58, 100, 88, 28, 64, 44, 90, 21, 75, 47, 78, 14, 77, 80, 55, 63, 71]项目工期为：505.0；项目成本为：116295.0
染色体结构为:
[11, 72, 17, 39, 20, 76, 42, 86, 15, 23, 29, 8, 46, 40, 73, 99, 37, 13, 91, 1, 79, 7, 61, 85, 81, 57, 56, 45, 59, 25, 92, 58, 100, 36, 4, 90, 22, 24, 6, 83, 60, 98, 64, 65, 28, 34, 33, 16, 54, 53, 27, 41, 5, 9, 10, 3, 51, 26, 19, 70, 32, 2, 12, 18, 38, 35, 48, 66, 52, 62, 31, 44, 43, 30, 77, 89, 69, 87, 49, 14, 93, 50, 80, 67, 68, 21, 84, 95, 47, 78, 55, 74, 75, 63, 96, 82, 94, 88, 97, 71]项目工期为：254.0；项目成本为：152306.00000000003
染色体结构为:
[61, 25, 13, 32, 4, 1, 18, 76, 38, 42, 91, 23, 70, 26, 6, 22, 85, 53, 48, 27, 65, 9, 60, 41, 35, 33, 86, 87, 51, 92, 73, 17, 52, 57, 15, 8, 72, 54, 16, 45, 20, 5, 12, 46, 56, 31, 7, 11, 39, 40, 10, 98, 68, 62, 2, 69, 34, 50, 99, 59, 30, 84, 29, 95, 36, 49, 19, 97, 66, 81, 37, 79, 93, 96, 43, 74, 24, 83, 67, 82, 94, 3, 58, 14, 44, 89, 64, 88, 100, 28, 90, 21, 47, 77, 75, 78, 63, 55, 80, 71]项目工期为：449.0；项目成本为：120680.40000000001
染色体结构为:
[61, 85, 91, 73, 57, 17, 92, 26, 15, 72, 52, 35, 8, 32, 27, 48, 39, 20, 9, 11, 16, 76, 6, 12, 45, 30, 25, 70, 54, 4, 86, 5, 46, 10, 56, 1, 13, 42, 18, 38, 23, 22, 40, 41, 81, 99, 2, 7, 98, 59, 24, 53, 34, 19, 60, 3, 51, 21, 65, 43, 67, 87, 66, 33, 96, 31, 94, 58, 29, 64, 83, 47, 28, 90, 100, 44, 55, 62, 93, 68, 69, 49, 37, 14, 50, 77, 80, 78, 36, 75, 89, 79, 63, 84, 97, 71, 95, 74, 82, 88]项目工期为：285.0；项目成本为：144072.7
染色体结构为:
[32, 25, 4, 1, 61, 76, 91, 13, 18, 38, 42, 6, 23, 70, 85, 22, 27, 26, 65, 48, 53, 9, 60, 33, 35, 41, 92, 87, 51, 73, 86, 17, 72, 52, 57, 15, 16, 8, 12, 45, 54, 46, 5, 56, 20, 31, 7, 39, 98, 11, 40, 2, 10, 62, 68, 69, 99, 96, 34, 14, 24, 37, 3, 59, 30, 93, 58, 79, 67, 44, 19, 89, 29, 49, 83, 21, 95, 77, 84, 100, 50, 74, 81, 94, 66, 36, 90, 78, 43, 80, 64, 28, 63, 75, 71, 97, 82, 88, 47, 55]项目工期为：349.0；项目成本为：132023.2
染色体结构为:
[25, 61, 13, 32, 1, 4, 76, 18, 91, 42, 38, 70, 23, 26, 6, 85, 22, 48, 53, 27, 65, 35, 9, 60, 41, 33, 87, 86, 92, 51, 17, 73, 52, 8, 57, 15, 72, 16, 54, 46, 45, 5, 20, 12, 56, 31, 7, 11, 39, 40, 10, 68, 62, 69, 98, 2, 34, 50, 99, 59, 30, 29, 84, 95, 49, 66, 36, 19, 81, 97, 37, 79, 93, 96, 43, 74, 24, 67, 83, 82, 94, 58, 3, 88, 89, 100, 90, 28, 21, 64, 47, 44, 14, 77, 63, 75, 78, 80, 55, 71]项目工期为：425.0；项目成本为：122920.40000000002
染色体结构为:
[25, 1, 61, 4, 32, 13, 91, 76, 18, 42, 73, 85, 57, 92, 15, 38, 72, 17, 6, 70, 23, 22, 26, 48, 53, 27, 9, 60, 65, 35, 87, 41, 33, 86, 52, 51, 8, 16, 45, 54, 20, 12, 46, 56, 7, 5, 31, 2, 11, 30, 10, 34, 59, 50, 84, 29, 49, 36, 95, 19, 97, 81, 98, 93, 37, 66, 39, 79, 40, 96, 24, 43, 99, 83, 62, 67, 74, 3, 94, 82, 89, 100, 88, 58, 68, 90, 64, 28, 21, 44, 47, 14, 77, 75, 78, 69, 55, 63, 71, 80]项目工期为：427.0；项目成本为：122919.10000000002
染色体结构为:
[32, 25, 1, 72, 13, 17, 11, 20, 39, 42, 8, 15, 76, 86, 73, 23, 40, 29, 46, 91, 99, 37, 61, 85, 7, 79, 59, 81, 57, 56, 36, 45, 58, 92, 4, 90, 100, 22, 83, 24, 6, 64, 60, 54, 98, 65, 33, 16, 28, 34, 41, 53, 9, 10, 27, 5, 3, 70, 51, 18, 26, 19, 12, 2, 35, 38, 48, 62, 52, 31, 66, 77, 43, 44, 30, 89, 87, 49, 69, 93, 50, 14, 80, 67, 68, 21, 47, 84, 95, 78, 55, 75, 96, 74, 97, 82, 63, 94, 88, 71]项目工期为：260.0；项目成本为：150994.19999999995
染色体结构为:
[65, 7, 92, 45, 5, 48, 31, 1, 26, 27, 85, 53, 9, 60, 32, 23, 33, 6, 35, 87, 41, 86, 51, 24, 73, 20, 10, 70, 15, 36, 29, 42, 62, 40, 61, 52, 99, 2, 4, 25, 18, 37, 17, 66, 34, 96, 54, 13, 22, 91, 83, 11, 72, 67, 44, 93, 43, 8, 58, 81, 76, 30, 14, 79, 12, 78, 57, 50, 59, 89, 38, 90, 69, 3, 64, 39, 98, 19, 21, 49, 94, 16, 68, 28, 95, 46, 100, 75, 77, 80, 63, 56, 74, 71, 84, 97, 82, 88, 47, 55]项目工期为：292.0；项目成本为：143167.9
染色体结构为:
[1, 25, 32, 61, 13, 4, 91, 18, 76, 42, 70, 38, 26, 23, 22, 85, 6, 9, 48, 65, 73, 15, 92, 72, 57, 17, 60, 53, 27, 87, 33, 35, 41, 86, 52, 51, 8, 12, 16, 45, 54, 46, 20, 56, 7, 5, 2, 31, 30, 11, 10, 59, 39, 40, 98, 68, 84, 50, 34, 36, 29, 19, 95, 97, 49, 37, 24, 79, 89, 3, 81, 99, 62, 83, 96, 58, 14, 69, 67, 44, 93, 77, 21, 100, 74, 66, 82, 94, 88, 64, 75, 28, 78, 90, 47, 43, 55, 63, 80, 71]项目工期为：379.0；项目成本为：128408.10000000005
染色体结构为:
[25, 32, 13, 61, 1, 4, 76, 91, 18, 42, 38, 6, 26, 23, 70, 27, 48, 22, 85, 9, 35, 65, 53, 60, 33, 86, 92, 87, 51, 41, 17, 15, 72, 73, 57, 8, 45, 12, 52, 16, 54, 20, 46, 5, 56, 31, 7, 39, 11, 98, 40, 2, 68, 10, 99, 62, 69, 96, 14, 24, 34, 93, 3, 30, 59, 37, 44, 58, 79, 19, 89, 67, 49, 21, 29, 95, 77, 83, 84, 50, 100, 94, 74, 43, 90, 81, 36, 82, 66, 88, 28, 75, 64, 47, 55, 78, 63, 80, 71, 97]项目工期为：314.0；项目成本为：138078.50000000003
染色体结构为:
[25, 1, 61, 4, 32, 13, 91, 76, 18, 42, 73, 85, 57, 15, 92, 38, 72, 17, 6, 70, 23, 22, 26, 48, 53, 27, 9, 60, 65, 35, 87, 41, 33, 86, 52, 51, 8, 16, 45, 54, 20, 12, 46, 7, 56, 5, 31, 2, 11, 30, 10, 50, 34, 59, 29, 36, 84, 95, 49, 19, 97, 98, 81, 66, 37, 93, 79, 40, 39, 96, 62, 43, 24, 99, 74, 82, 83, 67, 3, 89, 94, 58, 88, 100, 28, 68, 90, 69, 14, 64, 78, 44, 75, 21, 47, 63, 55, 77, 80, 71]项目工期为：416.0；项目成本为：123530.50000000001
染色体结构为:
[61, 91, 85, 73, 92, 17, 57, 72, 15, 26, 52, 35, 8, 32, 27, 48, 9, 39, 20, 76, 11, 16, 6, 12, 45, 70, 30, 25, 54, 4, 86, 5, 46, 10, 56, 13, 42, 1, 18, 38, 23, 22, 40, 41, 81, 99, 2, 7, 98, 59, 24, 53, 34, 19, 60, 3, 51, 21, 43, 65, 67, 87, 33, 96, 66, 31, 94, 64, 58, 83, 29, 47, 90, 28, 55, 44, 100, 93, 62, 69, 68, 49, 37, 14, 77, 36, 80, 50, 78, 75, 79, 89, 63, 84, 95, 97, 71, 74, 82, 88]项目工期为：283.0；项目成本为：145151.30000000002
染色体结构为:
[72, 17, 11, 39, 42, 20, 76, 25, 32, 13, 61, 4, 1, 91, 18, 38, 26, 6, 70, 22, 23, 27, 48, 9, 53, 85, 65, 35, 60, 33, 86, 87, 92, 51, 41, 15, 73, 57, 8, 52, 12, 45, 16, 54, 46, 5, 56, 31, 98, 7, 40, 68, 2, 10, 62, 99, 69, 96, 14, 24, 3, 34, 93, 59, 30, 37, 44, 58, 79, 19, 67, 89, 21, 49, 29, 77, 95, 83, 100, 84, 50, 74, 94, 81, 43, 36, 90, 66, 82, 28, 88, 75, 47, 64, 78, 55, 80, 63, 97, 71]项目工期为：315.0；项目成本为：137996.60000000003
染色体结构为:
[32, 4, 25, 1, 61, 76, 91, 18, 13, 42, 6, 38, 23, 70, 22, 85, 27, 26, 65, 48, 53, 9, 60, 33, 35, 41, 92, 87, 51, 86, 73, 17, 72, 52, 57, 15, 16, 8, 12, 45, 54, 5, 46, 56, 20, 31, 7, 39, 98, 11, 40, 10, 2, 68, 62, 99, 69, 96, 34, 14, 24, 37, 59, 3, 30, 93, 79, 58, 67, 44, 19, 89, 29, 49, 83, 21, 77, 95, 84, 100, 50, 81, 74, 94, 66, 36, 90, 78, 43, 80, 64, 28, 63, 75, 71, 97, 82, 88, 47, 55]项目工期为：349.0；项目成本为：132023.2
染色体结构为:
[32, 25, 4, 61, 1, 13, 76, 91, 18, 42, 38, 6, 70, 23, 48, 26, 22, 9, 65, 85, 53, 27, 60, 33, 35, 87, 41, 51, 86, 10, 24, 11, 16, 45, 59, 98, 34, 57, 7, 5, 3, 37, 73, 99, 31, 92, 14, 72, 2, 93, 46, 54, 40, 30, 58, 39, 44, 17, 19, 8, 79, 29, 21, 89, 67, 49, 95, 15, 56, 52, 12, 20, 83, 77, 36, 96, 50, 43, 100, 66, 90, 64, 81, 62, 78, 80, 69, 74, 68, 84, 75, 28, 94, 82, 47, 55, 63, 97, 88, 71]项目工期为：310.0；项目成本为：138777.0
染色体结构为:
[25, 1, 61, 32, 4, 13, 91, 42, 18, 76, 38, 23, 26, 70, 6, 22, 9, 85, 48, 53, 65, 27, 35, 60, 33, 87, 41, 73, 86, 17, 51, 15, 92, 57, 52, 8, 72, 54, 16, 45, 12, 20, 46, 5, 56, 39, 11, 7, 31, 40, 98, 30, 68, 2, 10, 50, 84, 59, 34, 36, 29, 95, 19, 97, 49, 37, 24, 3, 81, 79, 89, 99, 83, 14, 62, 96, 58, 69, 93, 67, 77, 44, 100, 74, 21, 66, 82, 94, 88, 64, 75, 28, 43, 90, 78, 47, 63, 55, 80, 71]项目工期为：374.0；项目成本为：128797.50000000003
染色体结构为:
[32, 4, 25, 1, 61, 76, 91, 18, 42, 13, 6, 38, 23, 70, 22, 85, 26, 27, 65, 48, 53, 9, 60, 33, 87, 35, 86, 51, 92, 41, 73, 17, 72, 15, 57, 8, 52, 16, 12, 45, 46, 54, 20, 56, 5, 11, 31, 7, 39, 98, 40, 10, 68, 2, 62, 99, 69, 14, 96, 34, 59, 24, 93, 37, 3, 30, 58, 67, 79, 19, 44, 89, 29, 21, 49, 95, 77, 83, 84, 100, 50, 81, 94, 74, 66, 90, 36, 43, 78, 28, 64, 80, 75, 63, 71, 97, 82, 88, 47, 55]项目工期为：333.0；项目成本为：134696.50000000003
染色体结构为:
[25, 72, 11, 17, 39, 20, 76, 42, 15, 8, 86, 23, 29, 46, 40, 73, 91, 37, 99, 61, 1, 13, 85, 81, 79, 7, 56, 57, 45, 59, 92, 100, 58, 36, 4, 22, 83, 90, 6, 24, 60, 64, 98, 65, 28, 54, 34, 33, 53, 16, 41, 27, 9, 5, 10, 51, 19, 26, 3, 70, 2, 32, 12, 38, 18, 35, 48, 52, 66, 62, 43, 31, 44, 77, 89, 69, 30, 49, 93, 87, 14, 67, 80, 50, 84, 21, 68, 47, 95, 78, 55, 75, 74, 96, 82, 63, 88, 94, 97, 71]项目工期为：256.0；项目成本为：151686.3
染色体结构为:
[25, 61, 13, 1, 32, 4, 76, 18, 91, 42, 38, 26, 70, 23, 6, 22, 53, 85, 48, 27, 65, 9, 35, 60, 33, 41, 86, 87, 92, 73, 17, 51, 52, 8, 15, 57, 72, 16, 45, 54, 46, 5, 12, 20, 56, 31, 7, 11, 39, 10, 40, 62, 68, 69, 98, 2, 34, 99, 50, 30, 59, 84, 29, 95, 36, 49, 66, 97, 81, 37, 19, 93, 96, 79, 43, 74, 24, 83, 67, 82, 94, 3, 89, 58, 88, 100, 90, 44, 14, 28, 21, 64, 77, 47, 75, 78, 80, 55, 63, 71]项目工期为：471.0；项目成本为：119052.80000000002
染色体结构为:
[25, 1, 4, 32, 61, 13, 42, 76, 6, 91, 18, 38, 22, 70, 48, 23, 85, 73, 26, 92, 72, 57, 15, 12, 52, 17, 16, 8, 35, 31, 99, 30, 41, 54, 45, 20, 46, 56, 86, 10, 11, 53, 5, 50, 9, 7, 65, 27, 60, 33, 87, 36, 39, 40, 81, 2, 98, 59, 24, 19, 34, 3, 51, 21, 43, 96, 67, 58, 66, 94, 29, 83, 64, 47, 28, 100, 93, 90, 55, 44, 62, 69, 68, 37, 49, 14, 77, 78, 80, 79, 75, 84, 89, 63, 95, 71, 97, 74, 82, 88]项目工期为：296.0；项目成本为：141457.90000000002
染色体结构为:
[25, 48, 85, 32, 27, 26, 17, 9, 72, 15, 20, 11, 39, 76, 16, 73, 92, 52, 57, 35, 12, 45, 8, 70, 6, 30, 54, 86, 4, 46, 5, 56, 10, 1, 61, 13, 42, 91, 18, 22, 23, 38, 40, 41, 81, 98, 7, 99, 2, 53, 24, 34, 19, 60, 59, 3, 21, 65, 51, 87, 43, 33, 67, 31, 66, 96, 58, 94, 29, 47, 83, 64, 28, 90, 100, 55, 93, 62, 44, 68, 69, 14, 37, 36, 49, 78, 75, 77, 50, 79, 80, 89, 84, 63, 95, 71, 97, 74, 82, 88]项目工期为：275.0；项目成本为：146235.1
染色体结构为:
[25, 61, 32, 13, 4, 91, 1, 76, 42, 18, 38, 70, 23, 26, 6, 85, 22, 48, 9, 53, 27, 65, 35, 60, 33, 87, 41, 17, 51, 86, 92, 73, 15, 8, 57, 52, 72, 54, 16, 45, 12, 5, 20, 7, 46, 31, 56, 39, 11, 40, 98, 10, 68, 62, 2, 69, 99, 34, 30, 50, 59, 29, 84, 95, 36, 49, 97, 66, 19, 37, 93, 24, 96, 83, 43, 81, 3, 79, 74, 82, 94, 89, 67, 100, 88, 28, 58, 64, 90, 21, 47, 44, 75, 78, 77, 80, 14, 63, 55, 71]项目工期为：542.0；项目成本为：114106.1
染色体结构为:
[25, 1, 32, 61, 13, 91, 18, 4, 76, 42, 38, 70, 23, 26, 22, 85, 6, 9, 48, 65, 15, 73, 92, 72, 57, 27, 17, 60, 53, 41, 35, 87, 33, 86, 51, 52, 8, 54, 16, 45, 5, 46, 20, 12, 56, 31, 7, 39, 11, 40, 10, 68, 98, 62, 69, 2, 99, 34, 59, 24, 96, 14, 37, 3, 79, 30, 93, 19, 58, 44, 36, 29, 89, 67, 77, 95, 21, 83, 50, 49, 100, 81, 94, 84, 74, 43, 75, 82, 90, 88, 66, 80, 47, 28, 78, 64, 97, 55, 63, 71]项目工期为：385.0；项目成本为：127524.70000000001
染色体结构为:
[72, 11, 25, 17, 39, 20, 42, 76, 15, 8, 86, 23, 29, 46, 40, 91, 73, 37, 99, 61, 1, 13, 85, 81, 79, 7, 56, 57, 59, 45, 92, 100, 58, 36, 22, 4, 83, 90, 6, 24, 60, 64, 98, 65, 28, 54, 34, 33, 53, 16, 41, 27, 9, 5, 10, 51, 19, 26, 3, 70, 32, 12, 2, 38, 18, 35, 52, 48, 66, 62, 43, 31, 44, 77, 89, 69, 49, 30, 93, 14, 87, 67, 80, 50, 84, 21, 68, 47, 95, 78, 55, 75, 74, 96, 82, 63, 88, 94, 97, 71]项目工期为：259.0；项目成本为：151316.4
染色体结构为:
[32, 1, 25, 61, 13, 4, 76, 91, 18, 42, 23, 38, 6, 22, 70, 48, 26, 53, 85, 27, 9, 60, 65, 35, 33, 41, 86, 92, 87, 17, 51, 52, 73, 15, 8, 12, 57, 72, 16, 45, 54, 20, 46, 31, 56, 5, 11, 7, 40, 39, 2, 98, 68, 62, 69, 99, 10, 24, 14, 59, 34, 96, 37, 3, 93, 79, 58, 19, 67, 30, 44, 29, 89, 21, 95, 100, 77, 49, 81, 83, 43, 50, 74, 94, 84, 36, 90, 82, 66, 75, 78, 88, 80, 64, 47, 28, 63, 71, 55, 97]项目工期为：352.0；项目成本为：131887.10000000003
染色体结构为:
[25, 61, 13, 32, 1, 4, 76, 18, 91, 42, 38, 70, 23, 26, 6, 85, 22, 48, 53, 65, 27, 35, 9, 60, 41, 87, 33, 86, 51, 92, 17, 73, 52, 8, 57, 72, 15, 16, 54, 46, 45, 20, 5, 56, 31, 12, 7, 11, 39, 40, 10, 68, 62, 69, 98, 2, 34, 50, 99, 30, 59, 29, 84, 95, 49, 66, 36, 19, 81, 97, 37, 79, 93, 96, 43, 74, 24, 83, 67, 82, 94, 58, 3, 88, 89, 100, 90, 28, 21, 64, 47, 44, 14, 63, 77, 75, 78, 80, 55, 71]项目工期为：421.0；项目成本为：123184.40000000002
染色体结构为:
[1, 25, 61, 32, 13, 4, 76, 91, 18, 42, 38, 6, 26, 23, 70, 27, 48, 22, 85, 9, 35, 65, 53, 60, 33, 86, 92, 87, 51, 41, 17, 15, 72, 73, 57, 8, 45, 12, 52, 16, 54, 20, 46, 5, 56, 31, 7, 39, 11, 98, 40, 2, 68, 10, 99, 62, 69, 96, 24, 34, 93, 14, 3, 30, 37, 59, 58, 79, 44, 19, 89, 67, 49, 21, 29, 95, 77, 83, 84, 50, 94, 100, 74, 43, 90, 81, 36, 82, 66, 88, 28, 75, 64, 47, 55, 78, 80, 63, 71, 97]项目工期为：291.0；项目成本为：143406.50000000003
染色体结构为:
[65, 5, 92, 45, 7, 48, 26, 31, 85, 27, 1, 53, 9, 60, 32, 6, 23, 41, 33, 51, 87, 35, 86, 20, 24, 73, 10, 15, 36, 29, 70, 42, 40, 62, 61, 52, 2, 99, 4, 37, 25, 18, 34, 96, 66, 17, 22, 13, 54, 91, 11, 72, 83, 67, 44, 93, 30, 43, 8, 58, 81, 14, 76, 78, 79, 12, 57, 50, 59, 3, 89, 38, 69, 39, 90, 64, 98, 19, 49, 21, 94, 16, 95, 68, 28, 46, 75, 77, 100, 80, 63, 56, 74, 84, 71, 97, 82, 88, 47, 55]项目工期为：290.0；项目成本为：143753.69999999998
染色体结构为:
[72, 11, 61, 25, 13, 32, 4, 1, 18, 38, 76, 42, 91, 23, 70, 26, 6, 22, 85, 53, 48, 27, 9, 35, 65, 60, 41, 33, 86, 87, 51, 73, 92, 17, 52, 57, 8, 15, 16, 54, 45, 5, 20, 12, 46, 56, 31, 7, 39, 40, 98, 10, 68, 62, 69, 34, 2, 99, 50, 59, 30, 84, 36, 29, 19, 95, 49, 97, 66, 81, 37, 79, 93, 43, 96, 74, 24, 83, 67, 82, 3, 58, 94, 44, 14, 64, 88, 89, 100, 28, 21, 90, 47, 77, 75, 78, 55, 63, 80, 71]项目工期为：444.0；项目成本为：121327.10000000002
染色体结构为:
[25, 13, 32, 61, 4, 76, 1, 18, 42, 91, 38, 70, 23, 26, 6, 22, 53, 85, 48, 65, 27, 35, 9, 60, 41, 33, 87, 86, 92, 51, 73, 17, 52, 57, 8, 15, 72, 16, 45, 54, 46, 5, 20, 12, 56, 31, 7, 11, 39, 10, 40, 68, 62, 98, 69, 2, 34, 99, 50, 59, 30, 84, 29, 95, 49, 36, 19, 66, 81, 37, 97, 79, 93, 96, 43, 74, 24, 83, 67, 82, 58, 94, 3, 89, 88, 100, 28, 90, 44, 21, 64, 47, 14, 77, 63, 75, 78, 80, 55, 71]项目工期为：454.0；项目成本为：120480.1
染色体结构为:
[32, 25, 27, 48, 85, 26, 53, 60, 9, 6, 23, 87, 65, 35, 33, 86, 41, 24, 1, 51, 61, 16, 45, 59, 34, 11, 91, 10, 5, 98, 57, 15, 92, 73, 4, 17, 72, 52, 8, 12, 20, 70, 46, 54, 38, 2, 56, 30, 50, 13, 7, 18, 22, 42, 99, 31, 36, 76, 62, 3, 29, 39, 37, 44, 43, 21, 79, 49, 19, 28, 68, 14, 89, 94, 83, 95, 81, 77, 100, 75, 80, 93, 67, 90, 40, 58, 64, 96, 78, 69, 63, 66, 71, 74, 47, 84, 82, 88, 97, 55]项目工期为：326.0；项目成本为：135725.19999999998
染色体结构为:
[25, 1, 61, 32, 4, 13, 76, 91, 18, 42, 38, 6, 70, 23, 22, 26, 27, 85, 9, 48, 53, 65, 35, 60, 33, 87, 86, 51, 92, 73, 41, 17, 72, 57, 15, 52, 8, 16, 12, 45, 46, 54, 56, 20, 5, 11, 31, 7, 98, 39, 2, 40, 68, 10, 99, 62, 69, 14, 96, 34, 59, 24, 37, 3, 93, 30, 58, 79, 67, 19, 44, 89, 29, 21, 49, 95, 83, 77, 100, 81, 84, 50, 74, 94, 36, 90, 43, 78, 66, 64, 28, 75, 80, 63, 71, 97, 82, 88, 47, 55]项目工期为：337.0；项目成本为：133999.30000000002
染色体结构为:
[76, 1, 25, 45, 61, 32, 53, 27, 59, 16, 11, 91, 98, 41, 9, 34, 5, 51, 10, 24, 73, 4, 92, 57, 72, 13, 38, 42, 23, 18, 22, 70, 85, 6, 48, 26, 35, 65, 60, 87, 86, 33, 17, 15, 52, 8, 54, 12, 20, 46, 7, 56, 39, 40, 68, 31, 2, 62, 69, 99, 96, 14, 37, 3, 79, 30, 19, 93, 58, 44, 36, 89, 67, 77, 29, 95, 21, 83, 49, 50, 100, 81, 94, 84, 74, 43, 75, 90, 82, 88, 66, 80, 47, 28, 78, 64, 55, 97, 63, 71]项目工期为：364.0；项目成本为：129928.0
染色体结构为:
[25, 32, 4, 1, 61, 13, 76, 91, 42, 38, 70, 18, 23, 6, 26, 48, 22, 9, 85, 65, 27, 53, 60, 33, 35, 41, 87, 86, 51, 24, 10, 11, 16, 45, 59, 98, 34, 7, 5, 3, 57, 37, 73, 31, 99, 92, 14, 72, 2, 93, 46, 54, 40, 39, 30, 58, 44, 19, 17, 8, 79, 29, 21, 67, 89, 49, 95, 15, 12, 56, 52, 20, 83, 36, 77, 96, 50, 43, 66, 100, 64, 90, 81, 62, 78, 80, 69, 74, 68, 28, 84, 94, 75, 82, 47, 55, 63, 97, 88, 71]项目工期为：311.0；项目成本为：138166.69999999998
染色体结构为:
[1, 25, 32, 61, 4, 91, 18, 13, 38, 76, 42, 70, 22, 26, 23, 85, 6, 9, 48, 65, 35, 53, 60, 27, 87, 33, 86, 41, 17, 15, 51, 73, 57, 92, 8, 16, 52, 45, 54, 12, 20, 72, 5, 7, 46, 31, 56, 39, 11, 98, 40, 68, 2, 62, 10, 69, 99, 34, 30, 50, 59, 29, 84, 36, 49, 95, 97, 66, 19, 93, 37, 83, 96, 81, 24, 43, 79, 3, 74, 82, 94, 89, 67, 58, 100, 88, 64, 28, 90, 44, 21, 47, 75, 77, 78, 80, 14, 63, 71, 55]项目工期为：568.0；项目成本为：112910.6
染色体结构为:
[25, 61, 13, 1, 32, 4, 91, 18, 76, 38, 42, 70, 23, 26, 22, 85, 6, 9, 48, 65, 15, 73, 92, 72, 57, 27, 17, 60, 53, 41, 35, 87, 33, 51, 86, 52, 8, 16, 54, 5, 20, 45, 46, 12, 56, 31, 7, 11, 39, 40, 10, 68, 98, 62, 69, 2, 34, 99, 50, 59, 30, 29, 84, 36, 95, 66, 19, 49, 81, 97, 37, 93, 79, 96, 74, 24, 43, 83, 67, 82, 94, 3, 58, 89, 100, 88, 28, 90, 44, 64, 21, 14, 47, 77, 75, 63, 78, 80, 55, 71]项目工期为：413.0；项目成本为：123828.70000000001
染色体结构为:
[25, 32, 61, 1, 4, 91, 13, 18, 76, 38, 42, 70, 6, 26, 23, 22, 85, 9, 48, 35, 53, 27, 65, 60, 33, 41, 87, 86, 17, 73, 51, 15, 92, 57, 8, 72, 52, 54, 12, 16, 5, 20, 45, 46, 7, 56, 31, 39, 11, 40, 98, 2, 10, 62, 99, 68, 69, 34, 59, 50, 84, 30, 49, 29, 19, 95, 36, 37, 97, 66, 96, 81, 24, 83, 43, 3, 93, 79, 74, 67, 58, 82, 94, 89, 88, 100, 28, 64, 90, 44, 14, 21, 78, 75, 47, 77, 80, 63, 55, 71]项目工期为：499.0；项目成本为：116583.60000000002
染色体结构为:
[25, 1, 61, 4, 32, 13, 91, 76, 18, 42, 73, 85, 57, 92, 38, 15, 72, 17, 6, 23, 70, 22, 26, 48, 53, 27, 9, 60, 65, 35, 87, 41, 33, 86, 52, 51, 8, 16, 54, 45, 20, 12, 46, 56, 7, 5, 31, 2, 11, 30, 10, 34, 59, 50, 84, 29, 49, 36, 95, 19, 97, 81, 98, 37, 93, 66, 39, 79, 40, 96, 24, 99, 43, 83, 62, 67, 74, 94, 3, 82, 89, 100, 88, 58, 68, 90, 64, 28, 21, 44, 47, 14, 77, 75, 78, 69, 55, 63, 71, 80]项目工期为：415.0；项目成本为：123641.80000000003
染色体结构为:
[32, 4, 25, 1, 13, 61, 76, 91, 73, 42, 18, 85, 92, 15, 57, 72, 17, 70, 38, 23, 6, 22, 48, 26, 27, 53, 35, 9, 60, 65, 87, 41, 86, 33, 8, 51, 52, 12, 16, 45, 54, 46, 56, 20, 5, 7, 31, 10, 11, 2, 30, 59, 34, 84, 50, 36, 29, 49, 97, 19, 95, 81, 66, 98, 93, 37, 79, 39, 40, 24, 96, 43, 99, 74, 62, 83, 3, 67, 89, 94, 58, 82, 88, 28, 100, 90, 64, 68, 21, 44, 69, 47, 14, 77, 75, 55, 78, 63, 71, 80]项目工期为：409.0；项目成本为：124238.5
染色体结构为:
[1, 25, 32, 61, 4, 13, 18, 91, 76, 42, 38, 70, 23, 9, 22, 26, 85, 6, 48, 65, 35, 53, 27, 60, 41, 87, 33, 51, 86, 17, 92, 15, 73, 57, 8, 52, 54, 72, 16, 45, 12, 20, 7, 5, 46, 31, 39, 56, 98, 11, 40, 68, 10, 2, 62, 69, 50, 59, 99, 34, 84, 29, 30, 36, 49, 19, 95, 37, 66, 97, 93, 81, 96, 43, 24, 83, 74, 79, 67, 89, 3, 82, 58, 94, 28, 88, 100, 44, 64, 14, 90, 21, 75, 78, 47, 77, 80, 63, 55, 71]项目工期为：552.0；项目成本为：114023.6
染色体结构为:
[11, 72, 17, 39, 20, 76, 42, 15, 86, 23, 29, 8, 46, 40, 73, 99, 37, 13, 91, 1, 79, 7, 61, 85, 81, 56, 57, 45, 59, 25, 92, 58, 100, 36, 4, 90, 22, 6, 24, 83, 60, 98, 64, 28, 65, 34, 33, 16, 54, 53, 27, 41, 9, 5, 10, 3, 51, 26, 19, 70, 32, 2, 12, 18, 38, 35, 48, 66, 52, 62, 31, 44, 30, 43, 89, 77, 69, 87, 49, 93, 50, 14, 80, 67, 68, 21, 84, 95, 47, 78, 74, 55, 63, 75, 96, 82, 94, 88, 97, 71]项目工期为：254.0；项目成本为：152306.00000000003
染色体结构为:
[25, 32, 4, 61, 1, 76, 13, 91, 18, 42, 38, 6, 70, 23, 48, 26, 9, 22, 65, 53, 27, 85, 60, 33, 35, 87, 41, 51, 10, 86, 11, 24, 16, 45, 59, 98, 34, 7, 57, 3, 5, 37, 73, 99, 31, 92, 14, 2, 72, 93, 46, 40, 30, 54, 58, 39, 44, 17, 19, 8, 29, 21, 79, 49, 67, 95, 15, 89, 56, 12, 52, 20, 77, 83, 36, 96, 50, 43, 100, 66, 90, 81, 64, 62, 78, 69, 80, 84, 68, 74, 28, 75, 94, 82, 47, 63, 55, 97, 88, 71]项目工期为：309.0；项目成本为：139141.19999999998
染色体结构为:
[25, 1, 32, 61, 4, 91, 13, 76, 18, 42, 85, 73, 15, 72, 92, 57, 17, 38, 23, 70, 6, 22, 26, 48, 27, 53, 9, 60, 35, 65, 33, 41, 86, 87, 51, 8, 16, 52, 12, 45, 46, 20, 54, 56, 7, 5, 31, 30, 11, 2, 34, 10, 50, 59, 84, 29, 36, 95, 49, 19, 97, 98, 81, 66, 37, 93, 79, 39, 40, 96, 43, 24, 62, 99, 83, 74, 67, 82, 3, 89, 94, 58, 88, 100, 28, 90, 68, 14, 69, 64, 44, 78, 75, 21, 47, 55, 63, 77, 80, 71]项目工期为：422.0；项目成本为：123079.50000000001
染色体结构为:
[25, 1, 32, 61, 4, 13, 91, 42, 18, 76, 38, 23, 26, 70, 6, 22, 9, 85, 48, 53, 65, 27, 35, 60, 33, 87, 41, 73, 86, 17, 51, 92, 15, 57, 52, 8, 72, 16, 54, 45, 20, 12, 46, 5, 56, 39, 11, 7, 40, 31, 98, 30, 68, 2, 10, 84, 50, 34, 59, 36, 29, 19, 95, 49, 97, 37, 24, 3, 79, 81, 89, 99, 83, 14, 62, 96, 58, 69, 67, 93, 77, 44, 100, 21, 74, 66, 82, 94, 88, 64, 75, 28, 43, 90, 78, 47, 63, 55, 80, 71]项目工期为：372.0；项目成本为：129220.80000000003
染色体结构为:
[1, 25, 61, 32, 91, 13, 85, 73, 92, 57, 15, 72, 17, 26, 35, 52, 8, 12, 16, 70, 45, 54, 20, 6, 30, 4, 34, 46, 37, 33, 79, 7, 41, 18, 56, 53, 24, 86, 36, 23, 27, 9, 22, 10, 89, 39, 3, 81, 51, 83, 19, 2, 11, 38, 99, 98, 5, 50, 60, 59, 76, 42, 65, 31, 40, 48, 62, 96, 14, 68, 69, 58, 93, 67, 44, 21, 29, 49, 95, 77, 84, 100, 74, 87, 82, 88, 66, 94, 64, 75, 90, 28, 47, 43, 97, 78, 63, 55, 80, 71]项目工期为：332.0；项目成本为：134777.0
染色体结构为:
[25, 1, 61, 32, 4, 76, 13, 91, 18, 42, 38, 6, 70, 23, 22, 27, 85, 26, 9, 48, 53, 65, 35, 60, 33, 87, 86, 51, 92, 73, 41, 17, 72, 15, 57, 52, 8, 12, 16, 45, 46, 54, 56, 20, 5, 11, 31, 7, 39, 98, 2, 40, 10, 68, 99, 62, 69, 96, 14, 34, 24, 59, 37, 3, 93, 30, 79, 58, 67, 19, 44, 89, 29, 21, 95, 49, 83, 77, 100, 81, 84, 50, 94, 74, 36, 90, 66, 43, 78, 64, 28, 80, 75, 63, 71, 97, 82, 88, 47, 55]项目工期为：334.0；项目成本为：134177.50000000003
染色体结构为:
[32, 25, 4, 61, 1, 13, 76, 91, 18, 42, 38, 6, 70, 23, 48, 26, 22, 9, 65, 85, 53, 27, 60, 33, 87, 35, 41, 51, 86, 10, 24, 11, 16, 45, 98, 59, 34, 57, 7, 5, 3, 37, 73, 99, 31, 92, 14, 72, 2, 93, 46, 54, 40, 30, 58, 39, 44, 17, 19, 8, 79, 29, 89, 21, 67, 49, 95, 15, 56, 52, 12, 20, 83, 77, 36, 96, 50, 43, 100, 66, 90, 64, 81, 62, 78, 80, 69, 74, 68, 84, 75, 28, 94, 82, 47, 55, 63, 97, 88, 71]项目工期为：310.0；项目成本为：138777.0
染色体结构为:
[25, 1, 32, 61, 4, 91, 13, 76, 18, 42, 85, 73, 92, 15, 72, 57, 17, 70, 38, 23, 6, 26, 22, 48, 27, 53, 9, 60, 35, 33, 41, 65, 87, 86, 51, 8, 52, 16, 45, 12, 46, 20, 54, 56, 7, 5, 31, 11, 30, 2, 34, 10, 50, 59, 84, 29, 36, 95, 49, 19, 97, 98, 81, 66, 93, 37, 79, 39, 40, 96, 43, 62, 24, 99, 83, 74, 67, 82, 3, 89, 94, 58, 88, 100, 28, 90, 68, 14, 69, 64, 44, 78, 75, 21, 47, 55, 63, 77, 80, 71]项目工期为：434.0；项目成本为：122091.30000000003
染色体结构为:
[1, 61, 25, 32, 4, 13, 18, 91, 42, 38, 76, 70, 23, 26, 85, 9, 22, 6, 48, 65, 53, 27, 35, 60, 33, 41, 87, 86, 51, 17, 15, 92, 73, 57, 8, 52, 72, 16, 12, 54, 45, 20, 5, 46, 56, 7, 39, 11, 31, 98, 2, 40, 68, 10, 62, 69, 34, 99, 30, 59, 84, 49, 50, 36, 29, 95, 97, 19, 66, 37, 96, 81, 43, 93, 24, 83, 3, 79, 74, 67, 94, 89, 82, 58, 28, 100, 88, 64, 44, 90, 21, 47, 14, 75, 78, 77, 63, 80, 71, 55]项目工期为：524.0；项目成本为：115018.30000000003
染色体结构为:
[1, 25, 61, 32, 4, 13, 76, 91, 38, 42, 18, 70, 6, 23, 22, 26, 27, 85, 48, 65, 9, 33, 53, 35, 60, 87, 86, 41, 51, 92, 73, 72, 17, 8, 15, 57, 52, 12, 45, 16, 46, 54, 56, 5, 20, 31, 11, 7, 39, 98, 40, 2, 10, 68, 62, 14, 69, 99, 96, 34, 24, 59, 37, 3, 93, 30, 79, 58, 19, 67, 89, 29, 44, 49, 21, 95, 83, 77, 100, 84, 50, 74, 81, 94, 66, 36, 90, 43, 78, 64, 75, 28, 63, 80, 71, 97, 82, 88, 47, 55]项目工期为：346.0；项目成本为：132460.30000000002
染色体结构为:
[25, 1, 61, 32, 4, 76, 13, 91, 18, 42, 38, 6, 70, 23, 22, 27, 85, 26, 9, 48, 53, 65, 35, 60, 33, 87, 86, 51, 92, 73, 41, 17, 72, 15, 57, 52, 8, 12, 16, 45, 46, 54, 56, 20, 5, 11, 31, 7, 39, 98, 2, 40, 10, 68, 99, 62, 69, 96, 14, 34, 24, 59, 37, 93, 3, 30, 79, 67, 58, 19, 44, 89, 29, 21, 95, 83, 49, 77, 100, 81, 84, 50, 94, 74, 36, 66, 90, 43, 78, 64, 28, 80, 75, 63, 71, 97, 82, 88, 47, 55]项目工期为：334.0；项目成本为：134177.50000000003
染色体结构为:
[1, 25, 61, 4, 32, 13, 18, 91, 76, 42, 38, 70, 23, 22, 26, 9, 85, 6, 48, 35, 65, 27, 53, 60, 87, 41, 33, 86, 51, 17, 15, 92, 73, 57, 8, 52, 54, 16, 72, 45, 12, 20, 7, 5, 46, 31, 39, 56, 11, 98, 40, 68, 10, 2, 62, 69, 99, 34, 30, 59, 50, 29, 84, 95, 36, 49, 97, 66, 19, 37, 96, 93, 24, 81, 43, 83, 79, 3, 74, 94, 82, 89, 67, 100, 58, 88, 28, 64, 90, 44, 21, 47, 75, 78, 14, 77, 63, 80, 55, 71]项目工期为：576.0；项目成本为：112831.3
染色体结构为:
[32, 26, 9, 48, 27, 60, 6, 85, 53, 87, 23, 65, 86, 35, 33, 41, 24, 1, 16, 51, 25, 45, 61, 59, 91, 11, 34, 10, 98, 5, 4, 57, 73, 15, 17, 92, 72, 8, 70, 52, 12, 46, 54, 38, 20, 2, 30, 56, 7, 50, 18, 22, 31, 13, 29, 99, 76, 36, 42, 44, 62, 3, 37, 39, 43, 79, 21, 19, 49, 14, 68, 94, 28, 81, 89, 83, 95, 77, 75, 93, 100, 90, 40, 80, 64, 67, 58, 96, 69, 66, 63, 78, 71, 74, 47, 84, 82, 88, 55, 97]项目工期为：324.0；项目成本为：135953.6
染色体结构为:
[1, 25, 32, 61, 91, 4, 13, 18, 76, 42, 85, 73, 92, 15, 72, 57, 17, 70, 38, 23, 6, 26, 22, 48, 27, 53, 9, 60, 35, 33, 41, 65, 87, 86, 51, 8, 52, 16, 45, 12, 46, 20, 54, 56, 7, 5, 31, 11, 30, 34, 2, 10, 50, 59, 29, 84, 36, 95, 49, 19, 97, 98, 81, 93, 66, 37, 79, 39, 40, 96, 62, 43, 24, 99, 74, 83, 67, 82, 3, 94, 89, 58, 88, 100, 28, 90, 68, 69, 14, 64, 78, 44, 75, 21, 47, 55, 63, 77, 80, 71]项目工期为：429.0；项目成本为：122360.40000000004
染色体结构为:
[25, 61, 13, 1, 32, 4, 18, 76, 91, 42, 38, 26, 70, 23, 22, 6, 53, 85, 48, 27, 65, 9, 35, 60, 33, 41, 86, 87, 92, 73, 51, 17, 52, 8, 57, 15, 16, 72, 45, 54, 46, 5, 12, 20, 56, 31, 7, 11, 39, 10, 68, 40, 62, 69, 98, 2, 34, 99, 30, 50, 59, 84, 29, 95, 36, 49, 66, 97, 81, 37, 19, 93, 79, 43, 96, 74, 24, 83, 67, 82, 94, 3, 89, 88, 58, 100, 90, 44, 14, 21, 28, 64, 77, 47, 75, 80, 78, 55, 63, 71]项目工期为：472.0；项目成本为：118703.50000000001
染色体结构为:
[32, 1, 25, 72, 13, 20, 17, 11, 42, 39, 15, 8, 76, 86, 73, 23, 40, 46, 29, 91, 99, 61, 37, 85, 7, 79, 57, 59, 81, 56, 36, 45, 92, 58, 100, 90, 4, 22, 24, 83, 6, 60, 98, 64, 54, 65, 33, 28, 34, 16, 10, 53, 27, 41, 9, 5, 51, 3, 26, 70, 19, 12, 2, 18, 35, 38, 48, 62, 66, 52, 31, 44, 43, 77, 89, 30, 87, 69, 50, 49, 93, 14, 80, 68, 67, 21, 84, 95, 75, 47, 78, 55, 96, 74, 63, 97, 82, 88, 71, 94]项目工期为：263.0；项目成本为：149924.99999999994
染色体结构为:
[1, 25, 32, 61, 4, 13, 91, 76, 38, 42, 18, 70, 23, 26, 6, 85, 22, 9, 48, 53, 27, 65, 35, 60, 33, 87, 41, 51, 17, 86, 92, 73, 15, 57, 8, 72, 52, 16, 54, 12, 5, 45, 20, 7, 46, 56, 39, 31, 11, 40, 98, 10, 68, 62, 69, 99, 2, 34, 50, 30, 29, 59, 84, 95, 49, 36, 97, 19, 66, 93, 37, 24, 96, 43, 83, 81, 3, 79, 74, 82, 89, 94, 100, 67, 28, 88, 58, 64, 21, 90, 47, 75, 44, 78, 77, 80, 14, 63, 55, 71]项目工期为：512.0；项目成本为：115911.70000000001
染色体结构为:
[25, 1, 32, 4, 61, 13, 91, 18, 73, 76, 42, 85, 15, 57, 92, 17, 70, 38, 72, 6, 23, 22, 26, 48, 9, 27, 53, 60, 35, 33, 87, 41, 65, 86, 51, 52, 16, 12, 8, 45, 54, 46, 20, 5, 31, 56, 7, 2, 11, 10, 30, 34, 59, 84, 50, 29, 36, 95, 97, 49, 81, 19, 98, 37, 79, 66, 93, 40, 39, 24, 96, 68, 62, 69, 99, 83, 3, 74, 43, 67, 58, 82, 94, 89, 88, 100, 28, 90, 44, 64, 14, 21, 75, 47, 77, 80, 78, 55, 63, 71]项目工期为：405.0；项目成本为：125186.10000000002
染色体结构为:
[61, 25, 13, 1, 32, 91, 4, 18, 38, 42, 76, 23, 70, 26, 22, 6, 85, 9, 53, 48, 27, 65, 35, 60, 33, 86, 41, 87, 51, 17, 15, 73, 92, 57, 8, 72, 52, 16, 54, 45, 12, 20, 46, 5, 7, 56, 39, 31, 11, 40, 98, 2, 62, 68, 69, 10, 99, 34, 59, 30, 50, 29, 84, 49, 36, 95, 19, 66, 37, 97, 96, 93, 24, 81, 43, 83, 79, 3, 74, 94, 82, 67, 89, 58, 100, 88, 28, 64, 44, 21, 90, 75, 78, 14, 47, 77, 80, 55, 63, 71]项目工期为：486.0；项目成本为：118012.90000000004
染色体结构为:
[4, 32, 25, 61, 76, 1, 13, 91, 42, 38, 18, 6, 70, 23, 26, 48, 9, 22, 65, 85, 27, 53, 60, 87, 33, 35, 41, 51, 86, 16, 24, 10, 11, 59, 45, 98, 34, 5, 57, 7, 3, 37, 73, 31, 99, 14, 92, 72, 93, 2, 54, 46, 40, 39, 30, 58, 19, 8, 44, 17, 67, 79, 21, 29, 89, 49, 95, 15, 12, 56, 83, 52, 20, 77, 36, 96, 50, 43, 66, 90, 100, 64, 62, 78, 80, 69, 81, 68, 74, 84, 28, 94, 75, 82, 47, 55, 63, 97, 88, 71]项目工期为：293.0；项目成本为：142255.5
染色体结构为:
[32, 25, 1, 61, 4, 13, 76, 91, 38, 18, 6, 23, 42, 22, 26, 70, 48, 27, 85, 35, 53, 9, 65, 60, 33, 41, 86, 87, 92, 51, 17, 52, 73, 15, 72, 8, 57, 12, 16, 45, 54, 20, 46, 31, 7, 56, 98, 5, 11, 39, 40, 2, 10, 68, 62, 99, 69, 24, 14, 59, 96, 37, 3, 34, 58, 79, 93, 30, 19, 44, 67, 29, 89, 50, 84, 95, 36, 49, 66, 97, 81, 43, 74, 94, 83, 82, 88, 100, 28, 90, 21, 64, 77, 47, 75, 78, 63, 55, 80, 71]项目工期为：371.0；项目成本为：129281.70000000004
染色体结构为:
[25, 1, 61, 32, 4, 13, 18, 91, 76, 42, 23, 38, 70, 26, 6, 22, 48, 9, 53, 85, 65, 27, 35, 60, 87, 33, 86, 41, 51, 73, 15, 17, 52, 92, 8, 57, 16, 72, 54, 45, 12, 20, 46, 5, 56, 7, 39, 11, 31, 40, 68, 98, 30, 10, 2, 50, 59, 84, 36, 34, 29, 95, 97, 19, 37, 24, 49, 79, 89, 81, 3, 99, 62, 14, 83, 96, 69, 67, 93, 44, 77, 58, 21, 100, 74, 82, 66, 88, 94, 28, 64, 75, 90, 43, 78, 47, 63, 55, 80, 71]项目工期为：406.0；项目成本为：124386.00000000004
染色体结构为:
[1, 61, 25, 32, 13, 76, 4, 91, 38, 6, 18, 23, 42, 70, 22, 26, 85, 48, 27, 53, 9, 35, 65, 60, 33, 41, 86, 87, 51, 92, 17, 73, 15, 52, 72, 8, 57, 12, 16, 54, 45, 20, 46, 31, 7, 5, 56, 98, 11, 39, 68, 40, 2, 10, 62, 69, 14, 24, 96, 99, 59, 3, 93, 37, 58, 34, 79, 30, 19, 67, 29, 89, 44, 50, 84, 36, 95, 49, 97, 66, 81, 43, 74, 83, 94, 82, 88, 100, 64, 28, 21, 90, 47, 77, 75, 78, 63, 55, 80, 71]项目工期为：368.0；项目成本为：129489.30000000003
染色体结构为:
[25, 1, 32, 61, 76, 13, 4, 18, 91, 38, 42, 70, 23, 22, 26, 85, 9, 6, 48, 27, 53, 35, 65, 60, 33, 87, 41, 86, 51, 17, 92, 15, 73, 52, 57, 8, 72, 16, 54, 45, 20, 12, 46, 5, 56, 7, 39, 31, 40, 98, 11, 10, 68, 2, 62, 69, 99, 34, 30, 50, 59, 84, 29, 95, 36, 49, 97, 66, 19, 37, 96, 93, 81, 24, 83, 43, 3, 74, 94, 79, 82, 67, 58, 89, 88, 64, 100, 28, 44, 90, 21, 78, 47, 14, 75, 77, 55, 80, 63, 71]项目工期为：519.0；项目成本为：115285.6
染色体结构为:
[25, 32, 4, 1, 13, 18, 61, 91, 76, 42, 70, 38, 9, 23, 26, 85, 22, 48, 6, 53, 65, 35, 27, 60, 33, 86, 41, 17, 87, 51, 15, 57, 92, 73, 8, 16, 54, 52, 12, 72, 20, 45, 5, 7, 31, 46, 56, 11, 39, 98, 40, 68, 2, 10, 62, 69, 99, 30, 34, 50, 29, 59, 84, 36, 95, 49, 97, 66, 19, 37, 93, 96, 83, 81, 24, 43, 79, 74, 3, 94, 82, 67, 89, 58, 100, 88, 28, 64, 21, 90, 47, 44, 75, 78, 77, 14, 55, 80, 63, 71]项目工期为：609.0；项目成本为：111672.20000000001
染色体结构为:
[25, 1, 61, 4, 32, 13, 76, 91, 38, 42, 6, 18, 22, 23, 70, 26, 85, 9, 27, 53, 48, 60, 35, 33, 65, 41, 87, 86, 51, 92, 73, 17, 57, 15, 52, 8, 16, 45, 72, 12, 46, 54, 56, 20, 7, 5, 31, 11, 39, 10, 98, 40, 2, 62, 68, 69, 14, 99, 96, 34, 37, 59, 24, 30, 3, 93, 19, 79, 58, 67, 29, 89, 44, 49, 21, 95, 77, 83, 100, 81, 84, 50, 90, 94, 36, 74, 43, 64, 66, 78, 28, 80, 63, 75, 71, 97, 82, 47, 88, 55]项目工期为：316.0；项目成本为：137565.90000000002
染色体结构为:
[25, 1, 32, 61, 13, 91, 76, 4, 18, 38, 6, 23, 42, 70, 26, 22, 48, 85, 27, 9, 35, 53, 60, 65, 33, 41, 86, 87, 92, 73, 51, 15, 17, 72, 52, 16, 8, 12, 57, 54, 45, 20, 46, 31, 56, 7, 98, 11, 5, 40, 39, 68, 2, 62, 10, 69, 14, 24, 99, 59, 3, 96, 34, 93, 58, 37, 30, 79, 19, 67, 29, 44, 89, 50, 84, 36, 95, 49, 66, 97, 74, 81, 43, 82, 83, 94, 28, 100, 64, 88, 21, 90, 75, 47, 77, 63, 78, 80, 55, 71]项目工期为：367.0；项目成本为：129600.80000000005
染色体结构为:
[1, 25, 32, 61, 4, 91, 18, 13, 76, 38, 42, 22, 70, 23, 26, 6, 85, 9, 35, 65, 48, 53, 27, 60, 87, 33, 86, 41, 17, 51, 15, 57, 73, 92, 8, 16, 52, 45, 54, 12, 72, 20, 7, 5, 31, 46, 56, 11, 39, 98, 40, 68, 2, 10, 62, 69, 99, 30, 34, 50, 59, 29, 84, 95, 36, 49, 97, 66, 19, 37, 96, 83, 81, 93, 24, 43, 79, 3, 74, 94, 82, 67, 89, 58, 88, 28, 100, 64, 90, 21, 47, 44, 75, 77, 80, 78, 14, 63, 71, 55]项目工期为：585.0；项目成本为：112287.50000000001
染色体结构为:
[17, 72, 11, 39, 20, 42, 15, 76, 23, 8, 86, 40, 29, 73, 46, 91, 99, 37, 1, 61, 13, 85, 57, 79, 81, 7, 92, 59, 56, 45, 25, 58, 36, 4, 100, 22, 90, 83, 24, 6, 98, 64, 60, 65, 54, 28, 33, 34, 16, 41, 53, 27, 10, 9, 3, 26, 51, 5, 19, 32, 2, 70, 18, 12, 38, 35, 66, 48, 52, 62, 31, 89, 43, 30, 44, 77, 69, 49, 87, 93, 14, 50, 80, 67, 21, 68, 84, 47, 95, 75, 78, 55, 74, 96, 63, 97, 82, 88, 71, 94]项目工期为：271.0；项目成本为：147640.09999999998
染色体结构为:
[25, 1, 32, 61, 4, 91, 18, 13, 76, 38, 42, 22, 70, 23, 26, 6, 85, 9, 35, 65, 48, 53, 60, 27, 87, 86, 33, 41, 17, 51, 15, 57, 73, 8, 92, 16, 52, 45, 54, 72, 12, 20, 7, 5, 31, 46, 56, 11, 39, 98, 40, 2, 68, 10, 62, 69, 99, 30, 34, 50, 59, 29, 84, 95, 36, 49, 97, 66, 19, 37, 96, 83, 81, 93, 24, 43, 79, 3, 74, 94, 82, 67, 89, 58, 88, 28, 100, 64, 90, 21, 47, 44, 75, 77, 80, 78, 63, 14, 71, 55]项目工期为：585.0；项目成本为：112287.50000000001
染色体结构为:
[32, 4, 25, 1, 61, 13, 91, 76, 18, 38, 42, 6, 23, 70, 22, 27, 26, 85, 48, 53, 65, 9, 33, 35, 60, 87, 41, 86, 51, 73, 92, 17, 72, 15, 52, 57, 8, 16, 12, 45, 46, 56, 54, 20, 5, 31, 7, 11, 39, 40, 98, 2, 10, 62, 68, 69, 99, 14, 96, 34, 24, 59, 3, 37, 58, 93, 30, 79, 19, 44, 67, 89, 29, 49, 21, 83, 95, 77, 84, 81, 50, 100, 94, 36, 74, 90, 66, 78, 43, 64, 80, 28, 75, 63, 71, 97, 82, 88, 47, 55]项目工期为：331.0；项目成本为：135207.30000000002
染色体结构为:
[65, 92, 5, 7, 45, 48, 31, 1, 26, 85, 27, 60, 53, 9, 23, 32, 6, 41, 33, 35, 51, 87, 86, 24, 73, 20, 15, 10, 36, 29, 70, 42, 62, 40, 52, 61, 2, 99, 4, 37, 25, 18, 34, 66, 17, 96, 13, 54, 22, 91, 11, 83, 72, 67, 44, 93, 43, 30, 8, 81, 58, 79, 76, 78, 14, 12, 57, 50, 59, 89, 3, 38, 69, 39, 90, 64, 98, 19, 21, 49, 94, 16, 68, 95, 46, 28, 75, 100, 77, 80, 56, 63, 74, 84, 71, 97, 82, 47, 88, 55]项目工期为：295.0；项目成本为：141990.7
染色体结构为:
[1, 61, 25, 32, 4, 13, 18, 91, 42, 38, 76, 70, 23, 26, 85, 9, 6, 22, 48, 65, 53, 27, 35, 33, 41, 60, 87, 86, 51, 17, 15, 92, 73, 57, 8, 52, 72, 16, 12, 54, 45, 20, 5, 46, 56, 7, 39, 11, 31, 98, 2, 40, 68, 10, 62, 69, 34, 99, 30, 84, 59, 49, 50, 36, 29, 95, 97, 19, 66, 37, 96, 81, 43, 93, 24, 83, 3, 74, 79, 67, 94, 82, 89, 28, 58, 100, 88, 64, 44, 90, 21, 47, 14, 75, 78, 77, 63, 80, 71, 55]项目工期为：537.0；项目成本为：114451.00000000001
染色体结构为:
[76, 25, 1, 32, 45, 61, 53, 11, 27, 16, 59, 91, 9, 41, 98, 10, 34, 51, 5, 4, 24, 73, 92, 57, 72, 38, 18, 13, 42, 70, 22, 6, 23, 48, 85, 26, 65, 35, 33, 60, 87, 86, 15, 8, 17, 52, 54, 12, 20, 31, 46, 7, 39, 56, 40, 2, 68, 62, 69, 96, 99, 3, 14, 93, 58, 30, 37, 79, 19, 67, 44, 29, 89, 21, 100, 95, 49, 77, 83, 81, 94, 84, 74, 43, 50, 36, 66, 90, 82, 75, 78, 88, 64, 28, 63, 47, 71, 80, 55, 97]项目工期为：389.0；项目成本为：126622.30000000002
染色体结构为:
[25, 1, 61, 32, 4, 13, 18, 91, 76, 42, 38, 23, 70, 6, 22, 26, 9, 48, 53, 85, 65, 27, 60, 35, 87, 33, 86, 41, 51, 15, 73, 17, 52, 92, 8, 57, 16, 72, 45, 54, 12, 20, 46, 5, 56, 7, 39, 11, 31, 40, 68, 98, 30, 10, 2, 50, 84, 59, 36, 34, 29, 95, 97, 19, 37, 24, 49, 79, 89, 81, 3, 99, 62, 14, 83, 96, 69, 67, 93, 44, 77, 58, 21, 100, 74, 82, 66, 88, 94, 28, 64, 75, 90, 43, 78, 47, 63, 55, 80, 71]项目工期为：406.0；项目成本为：124386.00000000004
染色体结构为:
[72, 11, 61, 25, 13, 32, 4, 18, 1, 38, 76, 42, 91, 23, 70, 26, 6, 22, 85, 53, 48, 27, 9, 35, 65, 60, 41, 86, 33, 87, 51, 73, 92, 17, 52, 57, 8, 15, 16, 54, 5, 20, 45, 12, 46, 56, 31, 7, 39, 40, 98, 10, 68, 62, 69, 34, 2, 99, 50, 59, 30, 84, 36, 29, 19, 49, 97, 95, 66, 81, 37, 79, 93, 43, 96, 74, 24, 83, 82, 67, 3, 58, 94, 44, 14, 64, 88, 100, 89, 21, 28, 90, 47, 77, 78, 75, 55, 63, 80, 71]项目工期为：431.0；项目成本为：122333.70000000003
染色体结构为:
[25, 1, 32, 61, 13, 76, 4, 38, 91, 6, 18, 42, 70, 23, 22, 26, 85, 27, 9, 48, 53, 35, 65, 60, 33, 86, 87, 41, 92, 51, 17, 73, 15, 52, 57, 72, 16, 8, 45, 12, 54, 46, 56, 5, 20, 7, 11, 31, 39, 10, 98, 40, 2, 68, 62, 14, 69, 99, 96, 24, 34, 59, 3, 37, 93, 30, 58, 79, 19, 67, 44, 89, 49, 21, 29, 95, 83, 100, 77, 84, 50, 81, 94, 36, 66, 74, 43, 90, 78, 64, 28, 80, 63, 75, 97, 71, 82, 47, 88, 55]项目工期为：357.0；项目成本为：130699.3
染色体结构为:
[25, 1, 61, 4, 32, 13, 91, 76, 18, 42, 85, 73, 57, 92, 38, 15, 72, 17, 6, 23, 70, 22, 26, 48, 27, 53, 9, 60, 65, 35, 87, 41, 33, 86, 52, 51, 16, 8, 54, 45, 20, 12, 46, 56, 5, 7, 2, 31, 11, 10, 30, 34, 59, 50, 84, 29, 49, 95, 36, 19, 97, 98, 81, 37, 93, 66, 39, 79, 40, 96, 24, 99, 43, 83, 62, 67, 74, 94, 3, 82, 89, 100, 88, 68, 58, 90, 28, 64, 21, 44, 47, 14, 77, 78, 75, 69, 55, 63, 71, 80]项目工期为：415.0；项目成本为：123641.80000000003
染色体结构为:
[25, 32, 61, 4, 1, 13, 18, 91, 73, 76, 42, 85, 15, 57, 92, 17, 70, 72, 38, 6, 22, 23, 26, 48, 27, 53, 9, 60, 35, 33, 87, 65, 41, 86, 51, 52, 16, 12, 8, 45, 54, 46, 20, 31, 5, 56, 7, 2, 11, 10, 34, 30, 84, 59, 50, 29, 36, 97, 95, 19, 49, 81, 98, 37, 66, 79, 93, 40, 39, 24, 96, 68, 62, 69, 99, 83, 74, 43, 3, 67, 82, 58, 94, 89, 88, 100, 90, 28, 64, 14, 44, 21, 75, 77, 47, 80, 55, 78, 63, 71]项目工期为：402.0；项目成本为：125265.00000000001
染色体结构为:
[65, 5, 45, 92, 7, 48, 26, 31, 85, 1, 27, 53, 60, 23, 9, 6, 32, 33, 41, 35, 87, 86, 20, 51, 24, 10, 73, 15, 36, 29, 70, 42, 62, 40, 61, 2, 52, 99, 4, 37, 25, 18, 96, 34, 66, 17, 13, 54, 91, 22, 11, 72, 83, 67, 44, 43, 93, 8, 30, 58, 81, 14, 79, 76, 12, 78, 50, 57, 3, 89, 59, 69, 39, 38, 90, 64, 19, 98, 21, 49, 16, 94, 95, 28, 68, 46, 100, 75, 77, 80, 56, 74, 63, 84, 71, 97, 82, 88, 47, 55]项目工期为：294.0；项目成本为：142186.19999999998
染色体结构为:
[61, 85, 91, 73, 57, 92, 17, 26, 15, 72, 52, 35, 8, 32, 27, 48, 39, 20, 9, 11, 16, 6, 76, 45, 12, 30, 25, 70, 54, 4, 86, 5, 46, 10, 56, 1, 13, 42, 18, 38, 23, 22, 40, 41, 81, 99, 2, 7, 98, 59, 24, 53, 34, 19, 60, 3, 51, 21, 65, 43, 67, 87, 66, 33, 96, 31, 94, 58, 29, 64, 83, 47, 90, 28, 100, 44, 62, 55, 68, 69, 93, 49, 37, 14, 50, 77, 80, 78, 36, 75, 89, 79, 63, 84, 97, 71, 95, 74, 82, 88]项目工期为：285.0；项目成本为：144072.7
染色体结构为:
[72, 11, 17, 39, 20, 76, 42, 15, 86, 23, 29, 8, 46, 40, 73, 99, 13, 37, 91, 1, 79, 7, 61, 85, 81, 56, 57, 45, 59, 25, 92, 58, 100, 36, 4, 90, 22, 6, 24, 83, 60, 98, 64, 28, 65, 34, 33, 16, 53, 27, 54, 41, 9, 5, 10, 3, 51, 19, 70, 32, 26, 2, 12, 18, 38, 35, 66, 48, 52, 62, 31, 44, 30, 43, 89, 77, 69, 87, 93, 50, 14, 49, 80, 67, 68, 21, 84, 95, 47, 78, 74, 55, 63, 96, 75, 82, 88, 94, 71, 97]项目工期为：255.0；项目成本为：151983.7
染色体结构为:
[25, 1, 32, 76, 13, 61, 4, 18, 38, 91, 42, 70, 23, 26, 85, 9, 22, 6, 48, 65, 53, 27, 35, 60, 33, 41, 87, 86, 51, 17, 15, 92, 73, 57, 8, 52, 72, 16, 12, 54, 45, 20, 5, 46, 56, 7, 39, 11, 31, 98, 2, 40, 68, 10, 62, 69, 34, 99, 30, 59, 84, 49, 50, 36, 29, 95, 97, 19, 66, 37, 96, 81, 43, 93, 24, 83, 3, 79, 74, 67, 94, 89, 82, 28, 100, 58, 88, 64, 44, 90, 21, 47, 14, 78, 75, 77, 63, 80, 71, 55]项目工期为：518.0；项目成本为：115432.30000000002
染色体结构为:
[25, 72, 11, 17, 39, 20, 76, 42, 15, 8, 86, 23, 46, 40, 29, 73, 91, 37, 99, 61, 1, 13, 85, 81, 79, 7, 56, 57, 45, 59, 92, 58, 100, 36, 4, 22, 83, 90, 6, 24, 64, 60, 98, 65, 28, 34, 54, 53, 16, 33, 41, 27, 9, 5, 10, 51, 19, 26, 3, 70, 2, 32, 12, 38, 18, 35, 48, 52, 66, 62, 43, 31, 44, 77, 89, 69, 30, 49, 93, 87, 67, 14, 80, 50, 84, 21, 68, 47, 95, 78, 75, 55, 74, 96, 82, 88, 63, 94, 97, 71]项目工期为：256.0；项目成本为：151686.3
染色体结构为:
[25, 13, 1, 61, 32, 4, 18, 76, 91, 42, 38, 23, 26, 70, 6, 22, 85, 53, 48, 65, 27, 35, 9, 33, 60, 41, 87, 92, 86, 17, 73, 51, 57, 52, 8, 15, 54, 72, 16, 45, 5, 46, 12, 20, 56, 31, 7, 11, 39, 40, 10, 68, 62, 98, 69, 34, 2, 99, 50, 59, 30, 84, 29, 36, 95, 49, 66, 19, 97, 81, 37, 93, 96, 79, 43, 74, 67, 24, 82, 83, 94, 3, 58, 89, 88, 100, 90, 28, 44, 21, 64, 47, 14, 78, 63, 75, 55, 77, 71, 80]项目工期为：437.0；项目成本为：121799.10000000003
染色体结构为:
[32, 25, 4, 1, 61, 76, 91, 13, 18, 38, 6, 42, 23, 70, 22, 85, 27, 26, 65, 48, 53, 9, 60, 33, 35, 92, 41, 51, 73, 87, 86, 17, 52, 72, 57, 15, 16, 8, 12, 45, 46, 54, 5, 56, 20, 7, 31, 39, 98, 11, 40, 2, 10, 62, 68, 99, 96, 69, 34, 14, 24, 37, 3, 59, 30, 58, 93, 79, 67, 44, 19, 89, 29, 83, 49, 21, 95, 77, 100, 84, 50, 74, 94, 81, 66, 36, 90, 78, 43, 80, 64, 28, 63, 75, 71, 97, 82, 88, 47, 55]项目工期为：349.0；项目成本为：132023.2
染色体结构为:
[32, 4, 25, 1, 76, 13, 61, 91, 42, 18, 38, 70, 23, 6, 26, 48, 22, 9, 85, 65, 27, 60, 33, 53, 87, 35, 41, 24, 51, 86, 16, 10, 11, 45, 98, 57, 59, 34, 5, 7, 3, 37, 73, 31, 99, 14, 92, 2, 72, 93, 46, 54, 39, 30, 40, 58, 44, 19, 17, 8, 79, 67, 29, 89, 21, 95, 49, 15, 56, 12, 52, 20, 83, 36, 77, 96, 50, 43, 66, 100, 64, 90, 62, 78, 80, 81, 69, 68, 74, 84, 28, 94, 75, 82, 47, 55, 63, 97, 88, 71]项目工期为：307.0；项目成本为：139638.1
染色体结构为:
[32, 1, 25, 72, 17, 11, 20, 42, 39, 15, 8, 76, 23, 86, 29, 40, 73, 46, 99, 37, 91, 13, 61, 85, 79, 81, 57, 7, 59, 56, 92, 45, 58, 100, 36, 90, 4, 22, 24, 83, 60, 6, 64, 65, 54, 98, 33, 28, 34, 16, 53, 41, 27, 10, 9, 3, 26, 19, 5, 2, 51, 70, 18, 12, 38, 66, 35, 52, 48, 31, 62, 43, 89, 44, 77, 30, 49, 69, 93, 87, 14, 80, 67, 50, 21, 84, 68, 47, 75, 95, 78, 55, 74, 96, 63, 97, 82, 88, 71, 94]项目工期为：268.0；项目成本为：148218.8
染色体结构为:
[25, 1, 61, 4, 13, 32, 91, 76, 18, 42, 73, 85, 57, 15, 72, 92, 17, 70, 38, 23, 6, 26, 22, 48, 27, 53, 9, 60, 33, 35, 41, 65, 87, 86, 51, 8, 52, 16, 45, 12, 46, 20, 54, 56, 7, 5, 31, 11, 30, 2, 34, 10, 50, 59, 29, 84, 36, 95, 49, 19, 97, 98, 81, 93, 66, 37, 79, 39, 40, 96, 62, 43, 24, 99, 74, 83, 67, 82, 94, 3, 89, 58, 88, 28, 100, 90, 68, 14, 69, 64, 78, 44, 75, 21, 47, 63, 55, 77, 80, 71]项目工期为：452.0；项目成本为：120541.90000000004
染色体结构为:
[25, 32, 61, 1, 4, 91, 13, 18, 76, 38, 42, 70, 6, 26, 23, 22, 85, 9, 48, 35, 53, 27, 65, 60, 33, 41, 87, 86, 17, 73, 51, 15, 92, 57, 8, 72, 52, 54, 16, 12, 5, 20, 45, 46, 7, 56, 31, 39, 11, 40, 98, 2, 10, 62, 68, 99, 69, 34, 50, 84, 30, 59, 49, 29, 19, 36, 95, 37, 97, 66, 96, 81, 24, 83, 43, 3, 93, 79, 74, 67, 58, 94, 82, 89, 88, 100, 64, 28, 90, 44, 14, 21, 78, 75, 47, 77, 80, 63, 55, 71]项目工期为：497.0；项目成本为：116986.20000000004
染色体结构为:
[25, 32, 4, 1, 13, 61, 18, 91, 76, 42, 38, 26, 70, 23, 6, 22, 53, 85, 48, 27, 65, 9, 35, 60, 33, 41, 87, 86, 92, 73, 51, 52, 8, 17, 15, 57, 72, 16, 45, 54, 46, 5, 12, 20, 56, 7, 31, 39, 11, 10, 62, 40, 69, 68, 98, 2, 34, 99, 50, 30, 59, 84, 29, 95, 36, 49, 97, 66, 81, 37, 19, 93, 96, 79, 43, 74, 24, 83, 67, 82, 94, 89, 3, 88, 58, 100, 90, 14, 44, 21, 28, 64, 77, 47, 75, 78, 80, 55, 63, 71]项目工期为：471.0；项目成本为：119052.80000000002
染色体结构为:
[1, 61, 25, 32, 13, 4, 18, 91, 42, 38, 76, 70, 26, 23, 85, 6, 9, 22, 48, 65, 53, 27, 35, 33, 41, 60, 87, 86, 51, 17, 92, 15, 73, 57, 8, 52, 72, 16, 12, 54, 45, 5, 46, 56, 20, 7, 39, 11, 31, 2, 98, 40, 68, 10, 62, 69, 34, 99, 30, 84, 59, 49, 50, 36, 29, 95, 19, 66, 97, 37, 96, 81, 43, 93, 24, 83, 74, 3, 79, 67, 94, 82, 89, 28, 58, 100, 88, 64, 44, 90, 21, 47, 75, 14, 78, 63, 77, 80, 55, 71]项目工期为：537.0；项目成本为：114451.00000000001
染色体结构为:
[32, 25, 4, 61, 13, 1, 76, 91, 42, 18, 6, 38, 23, 70, 48, 26, 22, 9, 65, 27, 53, 85, 60, 33, 35, 87, 51, 41, 86, 10, 11, 24, 16, 59, 45, 98, 34, 57, 3, 7, 5, 37, 73, 99, 31, 92, 14, 2, 72, 93, 46, 40, 54, 30, 39, 58, 44, 17, 19, 8, 29, 79, 21, 49, 67, 95, 89, 15, 56, 12, 52, 20, 83, 77, 96, 36, 50, 100, 43, 66, 81, 90, 62, 78, 64, 69, 80, 84, 68, 74, 28, 75, 94, 82, 47, 63, 97, 55, 71, 88]项目工期为：303.0；项目成本为：139822.59999999998
染色体结构为:
[61, 25, 13, 1, 32, 91, 4, 18, 38, 42, 76, 23, 70, 26, 22, 6, 85, 9, 53, 48, 27, 65, 35, 60, 33, 86, 41, 87, 17, 51, 73, 15, 92, 57, 8, 72, 16, 52, 54, 45, 12, 20, 46, 5, 7, 56, 39, 31, 11, 40, 98, 2, 62, 69, 68, 10, 99, 34, 59, 30, 29, 84, 50, 49, 36, 19, 95, 66, 97, 37, 96, 93, 24, 81, 83, 43, 79, 3, 74, 94, 82, 67, 89, 58, 100, 88, 28, 64, 44, 21, 90, 78, 75, 14, 47, 77, 80, 55, 63, 71]项目工期为：486.0；项目成本为：118012.90000000004
染色体结构为:
[25, 1, 32, 61, 76, 13, 4, 18, 91, 38, 42, 70, 23, 22, 85, 26, 9, 6, 27, 48, 35, 65, 53, 60, 33, 87, 41, 86, 51, 17, 92, 15, 73, 52, 57, 8, 72, 16, 54, 45, 20, 12, 46, 5, 7, 56, 39, 31, 40, 98, 11, 10, 68, 2, 62, 99, 69, 30, 34, 59, 50, 84, 29, 95, 36, 49, 97, 66, 37, 19, 96, 93, 81, 24, 43, 3, 83, 74, 94, 79, 82, 67, 58, 88, 89, 64, 100, 28, 90, 44, 21, 78, 47, 14, 75, 77, 55, 80, 63, 71]项目工期为：509.0；项目成本为：115956.00000000003
染色体结构为:
[25, 1, 32, 61, 76, 13, 4, 91, 18, 42, 6, 38, 70, 23, 48, 26, 9, 22, 65, 53, 85, 27, 60, 33, 35, 87, 41, 51, 10, 86, 24, 11, 16, 45, 98, 59, 34, 7, 57, 3, 5, 73, 37, 99, 31, 92, 14, 2, 72, 93, 46, 40, 30, 54, 58, 39, 44, 17, 19, 8, 29, 79, 21, 49, 67, 95, 15, 89, 56, 12, 52, 77, 20, 83, 36, 96, 50, 43, 100, 90, 66, 81, 64, 62, 78, 69, 80, 84, 68, 74, 28, 75, 94, 82, 47, 55, 63, 97, 88, 71]项目工期为：309.0；项目成本为：139141.19999999998
染色体结构为:
[32, 4, 1, 25, 76, 13, 61, 91, 42, 18, 38, 70, 23, 6, 26, 48, 9, 85, 22, 27, 65, 60, 53, 33, 87, 35, 41, 51, 24, 86, 16, 10, 11, 45, 98, 59, 57, 34, 5, 7, 37, 3, 73, 99, 14, 31, 92, 72, 2, 93, 46, 54, 39, 30, 40, 58, 44, 19, 17, 79, 8, 67, 29, 89, 21, 95, 49, 15, 56, 12, 83, 52, 20, 36, 77, 96, 50, 43, 66, 100, 90, 64, 62, 78, 80, 81, 69, 68, 74, 84, 94, 28, 75, 47, 82, 55, 97, 63, 88, 71]项目工期为：301.0；项目成本为：140019.5
染色体结构为:
[1, 25, 61, 32, 4, 91, 18, 38, 13, 76, 42, 70, 22, 26, 85, 23, 6, 9, 48, 65, 35, 53, 27, 60, 87, 33, 86, 41, 17, 15, 51, 73, 57, 92, 8, 16, 52, 54, 45, 12, 20, 5, 72, 7, 46, 31, 56, 39, 11, 98, 40, 68, 2, 62, 10, 69, 99, 34, 30, 50, 59, 84, 29, 36, 49, 95, 97, 66, 19, 93, 37, 83, 96, 81, 24, 43, 79, 3, 74, 82, 89, 94, 67, 58, 100, 88, 64, 28, 90, 44, 21, 47, 75, 77, 78, 14, 80, 63, 71, 55]项目工期为：558.0；项目成本为：113727.40000000001
染色体结构为:
[53, 16, 27, 59, 45, 41, 91, 11, 34, 4, 98, 10, 5, 57, 9, 7, 51, 24, 3, 85, 99, 61, 32, 73, 13, 2, 37, 14, 22, 40, 65, 46, 42, 60, 33, 12, 92, 31, 19, 96, 17, 94, 18, 86, 23, 38, 58, 76, 39, 25, 20, 70, 48, 21, 6, 15, 26, 67, 43, 87, 72, 47, 1, 8, 81, 90, 93, 52, 28, 54, 35, 100, 56, 55, 62, 29, 44, 66, 95, 49, 69, 64, 89, 50, 63, 78, 77, 74, 82, 83, 84, 71, 88, 79, 36, 30, 80, 68, 75, 97]项目工期为：281.0；项目成本为：145217.60000000003
染色体结构为:
[25, 1, 4, 32, 61, 13, 18, 38, 91, 76, 42, 23, 70, 26, 22, 6, 85, 53, 9, 27, 65, 48, 33, 60, 35, 86, 87, 41, 51, 15, 17, 73, 92, 57, 8, 72, 52, 16, 54, 45, 20, 7, 12, 5, 46, 31, 39, 98, 56, 40, 68, 11, 2, 10, 62, 69, 99, 34, 30, 59, 50, 29, 84, 95, 49, 36, 97, 19, 66, 37, 96, 93, 24, 81, 43, 83, 79, 3, 74, 94, 82, 89, 67, 100, 58, 88, 28, 64, 44, 90, 21, 75, 78, 47, 77, 14, 80, 55, 63, 71]项目工期为：503.0；项目成本为：116463.0
染色体结构为:
[25, 1, 61, 4, 13, 32, 76, 91, 38, 42, 6, 22, 18, 23, 26, 70, 85, 9, 27, 48, 53, 60, 35, 33, 65, 41, 87, 86, 51, 92, 17, 73, 57, 15, 52, 8, 16, 45, 72, 12, 46, 54, 56, 20, 7, 5, 31, 39, 11, 10, 98, 40, 2, 62, 68, 69, 14, 99, 96, 34, 37, 59, 24, 30, 93, 3, 19, 79, 58, 29, 67, 89, 44, 49, 21, 95, 77, 83, 100, 81, 84, 50, 90, 94, 74, 36, 43, 64, 66, 78, 28, 63, 80, 75, 71, 97, 82, 47, 88, 55]项目工期为：316.0；项目成本为：137565.90000000002
染色体结构为:
[1, 25, 61, 32, 4, 13, 76, 91, 38, 42, 18, 70, 23, 6, 22, 26, 27, 85, 48, 65, 9, 33, 53, 35, 60, 87, 41, 86, 51, 92, 73, 72, 17, 8, 15, 57, 52, 12, 45, 16, 46, 56, 54, 5, 20, 31, 11, 7, 98, 39, 40, 2, 68, 10, 62, 14, 69, 99, 96, 34, 24, 59, 37, 3, 30, 93, 58, 79, 19, 89, 67, 29, 44, 49, 21, 95, 83, 77, 100, 84, 50, 74, 81, 94, 36, 66, 90, 43, 78, 64, 75, 28, 63, 80, 71, 97, 82, 88, 47, 55]项目工期为：346.0；项目成本为：132460.30000000002
染色体结构为:
[25, 1, 32, 61, 91, 4, 18, 13, 38, 76, 42, 22, 70, 26, 23, 6, 85, 9, 35, 65, 48, 53, 60, 27, 87, 86, 33, 41, 17, 51, 15, 73, 57, 8, 92, 52, 16, 45, 54, 72, 12, 20, 7, 5, 46, 31, 56, 11, 39, 98, 40, 2, 68, 10, 62, 69, 99, 30, 34, 59, 50, 29, 84, 95, 36, 49, 97, 66, 19, 37, 96, 83, 81, 93, 24, 43, 79, 3, 74, 82, 94, 67, 58, 88, 89, 28, 100, 64, 90, 21, 47, 44, 75, 77, 80, 63, 78, 71, 14, 55]项目工期为：560.0；项目成本为：113663.20000000001
染色体结构为:
[25, 1, 32, 61, 13, 76, 4, 91, 38, 6, 18, 42, 70, 23, 22, 26, 85, 9, 27, 48, 53, 35, 65, 60, 33, 86, 41, 87, 92, 51, 17, 73, 15, 52, 57, 72, 16, 8, 12, 45, 54, 46, 56, 5, 20, 7, 31, 11, 39, 10, 98, 40, 68, 2, 62, 69, 99, 14, 96, 34, 59, 24, 3, 93, 37, 30, 58, 79, 19, 67, 44, 89, 49, 29, 21, 95, 83, 100, 77, 84, 50, 81, 94, 36, 74, 66, 90, 43, 78, 64, 80, 28, 63, 75, 97, 71, 82, 88, 47, 55]项目工期为：356.0；项目成本为：131306.8
染色体结构为:
[25, 1, 61, 32, 4, 13, 91, 18, 76, 38, 42, 23, 70, 26, 22, 85, 6, 48, 15, 65, 9, 92, 73, 72, 57, 17, 27, 35, 60, 53, 33, 87, 41, 86, 52, 8, 51, 12, 16, 45, 20, 46, 56, 54, 7, 5, 31, 2, 11, 30, 10, 59, 50, 34, 84, 36, 29, 49, 97, 95, 19, 66, 98, 81, 37, 93, 79, 40, 96, 39, 24, 99, 62, 43, 74, 83, 67, 3, 82, 94, 89, 58, 88, 100, 28, 68, 90, 64, 44, 14, 21, 75, 69, 78, 77, 47, 80, 63, 71, 55]项目工期为：428.0；项目成本为：122689.30000000003
染色体结构为:
[4, 32, 25, 1, 76, 13, 61, 91, 42, 18, 70, 38, 23, 6, 26, 22, 48, 9, 85, 65, 27, 60, 33, 53, 87, 35, 41, 24, 51, 86, 16, 10, 11, 45, 57, 98, 59, 34, 5, 7, 3, 37, 73, 31, 99, 14, 92, 72, 2, 93, 46, 54, 39, 30, 40, 58, 44, 19, 17, 79, 8, 29, 67, 89, 21, 95, 49, 15, 56, 12, 52, 20, 83, 36, 77, 96, 50, 43, 66, 64, 100, 90, 62, 78, 80, 81, 69, 68, 84, 74, 28, 75, 82, 94, 47, 55, 63, 97, 88, 71]项目工期为：307.0；项目成本为：139638.1
染色体结构为:
[1, 25, 32, 61, 4, 76, 13, 91, 38, 42, 18, 70, 6, 23, 22, 26, 27, 85, 48, 65, 9, 33, 53, 35, 60, 87, 86, 41, 92, 51, 73, 72, 17, 15, 8, 57, 52, 12, 45, 16, 46, 54, 56, 5, 20, 31, 11, 7, 39, 98, 40, 2, 10, 62, 68, 14, 99, 69, 96, 34, 24, 59, 37, 3, 93, 30, 79, 58, 19, 67, 29, 89, 44, 21, 95, 49, 83, 77, 100, 50, 74, 84, 81, 94, 66, 36, 90, 43, 78, 64, 75, 28, 63, 80, 71, 82, 97, 88, 47, 55]项目工期为：346.0；项目成本为：132460.30000000002
染色体结构为:
[1, 61, 25, 32, 4, 13, 91, 76, 18, 38, 6, 42, 23, 22, 70, 26, 48, 85, 27, 53, 9, 35, 65, 60, 33, 41, 86, 92, 87, 51, 17, 73, 52, 15, 8, 72, 57, 12, 16, 45, 54, 20, 46, 31, 7, 56, 5, 98, 11, 39, 40, 2, 62, 10, 68, 14, 69, 99, 24, 96, 59, 3, 37, 93, 58, 34, 79, 30, 19, 67, 29, 44, 89, 50, 84, 36, 95, 49, 97, 66, 81, 43, 74, 83, 94, 82, 88, 100, 28, 64, 90, 21, 47, 75, 77, 78, 63, 55, 71, 80]项目工期为：377.0；项目成本为：128579.70000000004
染色体结构为:
[25, 13, 1, 61, 32, 4, 18, 76, 91, 38, 70, 42, 23, 26, 6, 9, 85, 53, 22, 48, 33, 65, 27, 35, 60, 87, 86, 41, 73, 17, 51, 15, 92, 57, 8, 52, 72, 54, 45, 12, 20, 16, 46, 5, 56, 39, 7, 31, 40, 11, 98, 30, 68, 2, 10, 84, 50, 34, 59, 36, 29, 95, 19, 97, 49, 37, 24, 79, 89, 81, 99, 3, 62, 83, 14, 96, 58, 69, 93, 67, 44, 77, 100, 21, 74, 66, 82, 88, 94, 75, 28, 64, 90, 43, 78, 47, 55, 80, 63, 71]项目工期为：396.0；项目成本为：125958.40000000004
染色体结构为:
[65, 7, 92, 45, 5, 48, 31, 1, 27, 26, 85, 9, 53, 60, 32, 23, 33, 6, 35, 87, 41, 86, 51, 24, 73, 10, 20, 70, 15, 36, 29, 62, 42, 40, 52, 61, 99, 2, 4, 25, 18, 17, 37, 66, 34, 96, 54, 13, 22, 91, 11, 83, 72, 44, 67, 93, 43, 8, 58, 81, 30, 14, 76, 79, 12, 78, 57, 50, 89, 59, 38, 90, 69, 3, 39, 64, 19, 98, 21, 49, 94, 16, 68, 28, 95, 46, 100, 75, 77, 80, 63, 56, 74, 71, 84, 97, 82, 88, 47, 55]项目工期为：292.0；项目成本为：143167.9
染色体结构为:
[25, 1, 61, 4, 13, 32, 91, 76, 18, 73, 42, 85, 57, 15, 72, 92, 70, 17, 38, 23, 6, 26, 22, 48, 27, 53, 9, 60, 33, 41, 35, 65, 87, 86, 51, 8, 52, 16, 45, 12, 46, 20, 54, 56, 7, 5, 31, 11, 30, 2, 34, 10, 50, 59, 29, 84, 95, 36, 49, 19, 97, 98, 81, 66, 93, 37, 79, 39, 40, 96, 62, 24, 43, 99, 74, 83, 67, 82, 94, 3, 89, 58, 88, 28, 100, 90, 68, 14, 69, 64, 78, 44, 75, 21, 47, 63, 55, 77, 80, 71]项目工期为：455.0；项目成本为：120289.50000000003
MID=0.8427070541413483
DM=41635.139161050014
SNS=0.11677949727194059
SM=0.8353240981140537
2.0240284315651022E-5
182
共计用时：7秒
