染色体结构为:
[68, 59, 69, 84, 74, 30, 22, 26, 75, 76, 45, 66, 21, 62, 3, 29, 17, 58, 73, 39, 83, 80, 61, 67, 35, 12, 44, 15, 78, 18, 25, 77, 63, 42, 48, 41, 31, 11, 8, 50, 72, 16, 43, 64, 49, 32, 79, 1, 2, 36, 23, 24, 40, 60, 9, 71, 82, 51, 27, 28, 65, 37, 33, 38, 10, 46, 4, 7, 5, 47, 6, 14, 81, 52, 19, 13, 53, 54, 55, 20, 34, 56, 57, 70]项目工期为：209.0；项目成本为：40015.80000000001
染色体结构为:
[68, 59, 69, 84, 74, 30, 22, 26, 75, 76, 45, 66, 21, 62, 3, 29, 58, 17, 73, 39, 80, 83, 67, 61, 12, 35, 44, 78, 18, 25, 15, 63, 77, 42, 48, 41, 31, 11, 8, 72, 50, 16, 43, 64, 49, 32, 79, 1, 2, 36, 23, 24, 40, 60, 9, 71, 51, 82, 27, 28, 65, 37, 33, 38, 10, 46, 4, 7, 5, 47, 6, 14, 52, 81, 13, 53, 19, 55, 20, 54, 34, 56, 57, 70]项目工期为：206.0；项目成本为：40553.799999999996
染色体结构为:
[26, 75, 74, 72, 22, 84, 76, 62, 45, 66, 21, 69, 73, 68, 29, 17, 83, 3, 58, 80, 31, 1, 2, 79, 43, 39, 12, 67, 61, 15, 35, 18, 78, 44, 30, 25, 42, 48, 41, 63, 59, 77, 64, 11, 50, 16, 8, 36, 49, 23, 32, 24, 40, 60, 9, 71, 82, 27, 51, 37, 28, 65, 46, 4, 38, 33, 10, 7, 47, 5, 6, 81, 14, 52, 53, 13, 19, 55, 20, 34, 54, 56, 57, 70]项目工期为：183.0；项目成本为：43542.7
染色体结构为:
[68, 84, 59, 69, 30, 11, 63, 74, 73, 76, 43, 26, 10, 18, 72, 22, 75, 45, 62, 66, 21, 29, 83, 80, 17, 3, 58, 31, 79, 1, 2, 39, 61, 67, 12, 15, 35, 78, 42, 44, 25, 48, 77, 64, 41, 8, 16, 49, 50, 32, 36, 23, 60, 24, 40, 71, 82, 9, 27, 37, 51, 28, 46, 65, 33, 81, 38, 4, 14, 6, 47, 7, 5, 13, 19, 20, 34, 52, 53, 54, 70, 55, 57, 56]项目工期为：239.0；项目成本为：37506.40000000001
染色体结构为:
[84, 68, 59, 69, 77, 73, 43, 74, 63, 30, 10, 76, 45, 75, 18, 26, 83, 1, 17, 2, 40, 11, 4, 27, 61, 5, 25, 21, 22, 62, 29, 66, 39, 80, 58, 12, 44, 78, 3, 35, 67, 15, 48, 42, 8, 36, 72, 31, 41, 79, 64, 50, 60, 32, 16, 23, 49, 71, 24, 9, 51, 37, 38, 65, 82, 28, 46, 7, 33, 47, 81, 14, 13, 52, 53, 19, 20, 34, 55, 6, 57, 56, 54, 70]项目工期为：170.0；项目成本为：44969.9
染色体结构为:
[59, 68, 30, 69, 84, 11, 74, 73, 77, 43, 10, 63, 76, 26, 75, 45, 18, 83, 2, 40, 1, 27, 17, 4, 5, 61, 25, 21, 22, 62, 29, 66, 39, 58, 80, 78, 12, 44, 3, 67, 35, 42, 15, 8, 36, 72, 48, 79, 31, 41, 50, 64, 60, 16, 32, 23, 49, 71, 9, 24, 51, 37, 38, 65, 82, 46, 28, 7, 33, 81, 47, 14, 52, 19, 13, 53, 20, 34, 57, 55, 6, 54, 70, 56]项目工期为：180.0；项目成本为：43609.2
染色体结构为:
[26, 22, 72, 62, 74, 75, 76, 84, 68, 59, 69, 77, 73, 63, 43, 10, 30, 45, 18, 83, 1, 2, 17, 40, 11, 27, 4, 61, 5, 21, 25, 66, 29, 58, 39, 80, 44, 12, 78, 35, 3, 67, 48, 42, 15, 36, 8, 31, 79, 41, 50, 64, 60, 32, 16, 49, 23, 71, 9, 24, 51, 37, 38, 65, 82, 28, 46, 33, 7, 47, 14, 81, 13, 52, 53, 19, 34, 20, 57, 55, 56, 6, 54, 70]项目工期为：173.0；项目成本为：44369.30000000001
染色体结构为:
[68, 59, 84, 30, 69, 63, 74, 11, 76, 73, 43, 18, 26, 72, 10, 22, 75, 62, 66, 21, 45, 29, 83, 80, 17, 3, 31, 58, 1, 79, 39, 2, 61, 12, 67, 15, 35, 78, 42, 44, 48, 64, 25, 41, 16, 77, 8, 49, 50, 36, 32, 60, 23, 24, 40, 82, 9, 71, 27, 51, 37, 28, 46, 81, 65, 33, 38, 4, 14, 6, 47, 13, 7, 5, 20, 19, 34, 52, 53, 54, 70, 55, 57, 56]项目工期为：229.0；项目成本为：38605.700000000004
染色体结构为:
[75, 26, 84, 76, 22, 21, 74, 45, 66, 29, 68, 62, 80, 69, 17, 73, 3, 58, 39, 83, 12, 72, 36, 43, 31, 1, 79, 2, 15, 63, 35, 78, 67, 18, 42, 44, 48, 25, 61, 8, 41, 30, 11, 50, 77, 16, 64, 60, 49, 32, 23, 24, 71, 9, 51, 40, 27, 59, 82, 28, 37, 38, 4, 65, 46, 33, 6, 10, 47, 7, 81, 5, 14, 13, 52, 19, 53, 54, 20, 57, 70, 56, 34, 55]项目工期为：149.0；项目成本为：49253.899999999994
染色体结构为:
[59, 68, 69, 30, 84, 11, 43, 74, 63, 73, 18, 26, 10, 76, 22, 77, 75, 21, 62, 29, 66, 45, 17, 39, 80, 58, 3, 83, 61, 67, 15, 44, 12, 25, 42, 78, 41, 48, 35, 31, 8, 72, 50, 64, 79, 16, 2, 1, 49, 23, 36, 40, 24, 32, 60, 82, 9, 71, 27, 37, 51, 28, 65, 38, 46, 4, 33, 6, 7, 81, 13, 47, 14, 20, 5, 19, 52, 34, 53, 54, 55, 70, 57, 56]项目工期为：275.0；项目成本为：35819.200000000004
染色体结构为:
[68, 59, 69, 84, 30, 22, 74, 26, 75, 76, 45, 66, 21, 62, 29, 3, 58, 17, 73, 39, 67, 80, 83, 12, 61, 35, 78, 25, 18, 44, 15, 77, 42, 63, 41, 48, 11, 31, 72, 8, 50, 16, 64, 43, 49, 32, 79, 1, 2, 36, 23, 60, 24, 9, 40, 71, 82, 27, 51, 28, 65, 33, 37, 38, 10, 4, 46, 7, 5, 47, 6, 14, 52, 81, 13, 19, 53, 20, 55, 54, 34, 56, 57, 70]项目工期为：197.0；项目成本为：41559.299999999996
染色体结构为:
[68, 84, 59, 69, 11, 63, 30, 74, 73, 76, 43, 26, 10, 18, 72, 22, 45, 62, 75, 29, 66, 21, 80, 83, 58, 17, 3, 79, 2, 31, 39, 1, 61, 67, 12, 35, 15, 78, 42, 25, 44, 48, 77, 41, 64, 8, 49, 16, 50, 32, 36, 60, 23, 40, 24, 82, 71, 9, 27, 37, 51, 28, 65, 46, 33, 81, 38, 4, 14, 6, 7, 47, 5, 13, 20, 19, 52, 34, 53, 54, 70, 55, 57, 56]项目工期为：232.0；项目成本为：38313.70000000001
染色体结构为:
[84, 68, 59, 69, 77, 73, 43, 74, 63, 30, 45, 10, 76, 75, 18, 26, 83, 2, 1, 17, 40, 4, 11, 5, 27, 61, 25, 22, 21, 29, 62, 66, 39, 80, 12, 44, 58, 3, 78, 67, 35, 15, 48, 8, 42, 36, 31, 72, 41, 79, 50, 64, 60, 16, 23, 32, 24, 49, 71, 9, 51, 37, 38, 65, 82, 28, 33, 46, 7, 47, 81, 14, 13, 52, 19, 53, 20, 34, 57, 6, 54, 56, 55, 70]项目工期为：167.0；项目成本为：45394.9
染色体结构为:
[75, 84, 26, 22, 76, 21, 74, 45, 66, 29, 68, 62, 80, 17, 69, 73, 3, 39, 58, 83, 12, 72, 36, 43, 31, 1, 79, 2, 15, 63, 35, 78, 67, 42, 18, 44, 48, 25, 61, 8, 30, 41, 11, 50, 77, 16, 64, 60, 49, 32, 23, 24, 71, 9, 51, 40, 27, 82, 28, 59, 37, 38, 4, 46, 65, 33, 6, 47, 10, 7, 5, 81, 14, 19, 13, 52, 53, 54, 20, 57, 70, 56, 34, 55]项目工期为：151.0；项目成本为：48772.99999999999
染色体结构为:
[59, 30, 68, 69, 11, 84, 43, 73, 63, 74, 18, 26, 10, 76, 75, 77, 22, 66, 21, 62, 17, 29, 45, 80, 39, 83, 58, 3, 67, 61, 44, 15, 12, 25, 78, 42, 41, 48, 35, 8, 31, 50, 64, 79, 72, 1, 2, 16, 49, 23, 24, 36, 40, 32, 60, 9, 27, 82, 71, 37, 65, 28, 51, 33, 46, 4, 38, 7, 81, 6, 13, 20, 47, 14, 5, 19, 34, 52, 53, 55, 54, 56, 70, 57]项目工期为：288.0；项目成本为：35745.700000000004
染色体结构为:
[36, 72, 74, 26, 31, 43, 1, 75, 69, 12, 68, 2, 63, 15, 79, 35, 76, 45, 66, 21, 22, 80, 29, 3, 62, 17, 73, 67, 83, 61, 39, 58, 18, 78, 44, 42, 25, 8, 30, 41, 77, 48, 10, 84, 27, 40, 11, 33, 4, 5, 16, 6, 46, 71, 19, 32, 51, 9, 14, 7, 49, 28, 60, 64, 59, 23, 37, 47, 50, 65, 82, 13, 52, 24, 38, 81, 53, 57, 56, 54, 55, 34, 70, 20]项目工期为：156.0；项目成本为：47527.700000000004
染色体结构为:
[59, 68, 2, 84, 77, 22, 30, 83, 11, 12, 31, 72, 61, 33, 45, 79, 10, 46, 69, 4, 40, 9, 71, 78, 75, 51, 80, 26, 43, 58, 21, 23, 48, 29, 82, 17, 47, 8, 42, 6, 1, 74, 49, 7, 35, 36, 62, 16, 25, 15, 44, 18, 73, 81, 66, 32, 76, 39, 14, 5, 3, 27, 28, 24, 13, 19, 67, 20, 37, 60, 41, 52, 38, 50, 63, 53, 64, 65, 34, 57, 56, 54, 55, 70]项目工期为：137.0；项目成本为：52008.00000000002
染色体结构为:
[84, 68, 59, 30, 11, 74, 69, 73, 43, 76, 63, 26, 22, 10, 18, 75, 72, 77, 45, 62, 21, 29, 66, 17, 83, 80, 3, 58, 79, 1, 31, 39, 2, 61, 78, 67, 42, 12, 15, 44, 35, 25, 48, 41, 8, 49, 16, 64, 50, 36, 23, 32, 27, 24, 60, 40, 71, 82, 28, 51, 33, 9, 81, 65, 37, 38, 4, 46, 7, 6, 14, 13, 20, 5, 47, 19, 52, 34, 53, 55, 54, 70, 56, 57]项目工期为：249.0；项目成本为：37125.4
染色体结构为:
[68, 59, 30, 84, 69, 11, 43, 74, 73, 26, 63, 76, 18, 10, 22, 77, 75, 21, 45, 62, 29, 17, 66, 80, 58, 39, 3, 83, 67, 44, 61, 15, 12, 25, 78, 42, 41, 48, 8, 35, 31, 50, 64, 72, 79, 1, 16, 2, 23, 49, 24, 36, 32, 40, 60, 82, 9, 71, 27, 51, 28, 37, 65, 33, 38, 46, 4, 7, 81, 6, 13, 20, 14, 47, 5, 19, 52, 34, 53, 55, 54, 56, 70, 57]项目工期为：314.0；项目成本为：34453.5
染色体结构为:
[84, 68, 59, 69, 43, 77, 74, 73, 63, 30, 10, 45, 75, 76, 18, 26, 83, 2, 1, 40, 17, 4, 11, 5, 61, 27, 25, 22, 21, 29, 62, 66, 39, 80, 12, 44, 78, 3, 58, 67, 35, 15, 48, 42, 8, 36, 31, 72, 41, 79, 50, 64, 60, 16, 23, 32, 49, 24, 71, 51, 9, 37, 38, 65, 82, 28, 46, 33, 7, 47, 81, 14, 52, 13, 19, 53, 20, 34, 57, 6, 54, 56, 55, 70]项目工期为：169.0；项目成本为：45169.3
染色体结构为:
[59, 84, 2, 68, 22, 77, 11, 30, 12, 31, 83, 61, 79, 72, 33, 69, 45, 46, 4, 40, 10, 9, 71, 51, 75, 78, 26, 21, 43, 58, 23, 80, 48, 17, 29, 47, 6, 8, 42, 82, 1, 74, 49, 7, 16, 62, 36, 35, 18, 15, 44, 25, 73, 81, 32, 66, 76, 14, 39, 3, 27, 5, 19, 24, 28, 13, 37, 20, 67, 60, 52, 50, 41, 63, 38, 64, 53, 34, 65, 57, 55, 56, 54, 70]项目工期为：148.0；项目成本为：49932.40000000001
染色体结构为:
[59, 68, 84, 2, 77, 22, 30, 11, 83, 12, 72, 31, 61, 33, 79, 45, 10, 46, 69, 4, 40, 9, 71, 78, 75, 51, 80, 43, 26, 58, 21, 23, 48, 29, 82, 17, 47, 8, 42, 74, 6, 1, 49, 7, 35, 36, 16, 62, 25, 44, 15, 73, 18, 66, 81, 32, 39, 76, 14, 5, 3, 27, 24, 28, 13, 19, 67, 20, 37, 60, 41, 38, 52, 50, 63, 53, 64, 34, 57, 65, 56, 54, 55, 70]项目工期为：140.0；项目成本为：50246.600000000006
染色体结构为:
[59, 68, 84, 69, 74, 30, 75, 22, 26, 45, 76, 66, 21, 29, 62, 3, 58, 17, 73, 39, 80, 83, 61, 35, 12, 67, 44, 18, 15, 77, 25, 78, 63, 42, 48, 31, 41, 8, 11, 50, 72, 16, 64, 43, 49, 79, 32, 1, 2, 36, 23, 24, 40, 60, 9, 71, 51, 82, 27, 28, 37, 33, 65, 10, 4, 46, 7, 38, 47, 5, 6, 81, 14, 13, 19, 52, 53, 55, 54, 56, 57, 34, 20, 70]项目工期为：187.0；项目成本为：42734.60000000002
染色体结构为:
[84, 59, 68, 30, 69, 74, 11, 73, 77, 63, 10, 43, 76, 45, 26, 75, 18, 2, 83, 1, 40, 17, 27, 4, 5, 25, 61, 21, 22, 62, 66, 39, 29, 80, 78, 44, 58, 12, 3, 67, 35, 42, 15, 8, 36, 48, 72, 31, 79, 41, 50, 64, 16, 60, 32, 23, 49, 71, 9, 24, 37, 51, 65, 38, 82, 46, 28, 33, 7, 47, 14, 81, 13, 52, 53, 19, 57, 34, 20, 55, 6, 56, 54, 70]项目工期为：178.0；项目成本为：43977.1
染色体结构为:
[68, 84, 11, 59, 30, 69, 73, 74, 43, 76, 18, 26, 63, 22, 10, 75, 72, 77, 45, 62, 21, 29, 66, 83, 80, 17, 3, 58, 79, 1, 31, 2, 39, 78, 61, 12, 67, 42, 44, 15, 35, 25, 48, 41, 8, 64, 16, 49, 50, 36, 32, 23, 24, 40, 60, 82, 27, 71, 28, 9, 65, 33, 51, 81, 37, 38, 4, 6, 7, 46, 13, 20, 47, 5, 14, 19, 52, 34, 53, 54, 55, 70, 56, 57]项目工期为：255.0；项目成本为：36799.700000000004
染色体结构为:
[68, 59, 69, 84, 74, 30, 22, 26, 75, 76, 45, 21, 3, 66, 62, 29, 58, 17, 73, 39, 80, 83, 67, 61, 12, 35, 44, 78, 18, 25, 15, 63, 77, 42, 48, 41, 31, 11, 72, 8, 50, 16, 43, 64, 32, 49, 1, 79, 36, 2, 23, 24, 40, 60, 9, 71, 51, 82, 27, 65, 28, 37, 33, 38, 10, 46, 4, 7, 5, 6, 14, 47, 52, 81, 13, 53, 19, 55, 20, 54, 34, 56, 70, 57]项目工期为：198.0；项目成本为：41004.200000000004
染色体结构为:
[68, 59, 84, 69, 30, 63, 11, 74, 76, 73, 43, 18, 10, 26, 72, 22, 75, 45, 62, 66, 21, 29, 83, 17, 3, 80, 31, 58, 1, 79, 39, 2, 61, 67, 12, 15, 35, 78, 42, 44, 48, 25, 64, 41, 16, 77, 8, 49, 50, 32, 36, 60, 23, 24, 40, 82, 9, 71, 27, 51, 28, 37, 46, 81, 65, 33, 4, 38, 14, 6, 47, 7, 13, 5, 19, 20, 34, 52, 53, 54, 70, 55, 57, 56]项目工期为：238.0；项目成本为：38053.7
染色体结构为:
[59, 68, 69, 30, 84, 11, 43, 74, 63, 18, 73, 10, 26, 76, 22, 77, 75, 21, 62, 29, 66, 45, 17, 39, 80, 58, 3, 61, 83, 67, 44, 15, 12, 25, 42, 78, 41, 48, 35, 31, 8, 72, 50, 64, 79, 2, 16, 1, 49, 23, 36, 24, 40, 32, 82, 60, 9, 71, 27, 51, 37, 28, 65, 46, 4, 38, 33, 6, 81, 7, 13, 20, 47, 5, 14, 19, 52, 34, 53, 55, 54, 70, 56, 57]项目工期为：270.0；项目成本为：36442.20000000001
染色体结构为:
[59, 68, 69, 74, 84, 30, 22, 26, 75, 76, 45, 66, 21, 62, 3, 29, 17, 58, 73, 39, 83, 80, 61, 67, 35, 12, 44, 15, 78, 18, 25, 77, 63, 42, 48, 41, 31, 11, 8, 50, 72, 16, 64, 43, 49, 32, 79, 1, 2, 36, 23, 24, 60, 40, 9, 82, 71, 51, 27, 28, 65, 37, 33, 38, 10, 46, 4, 5, 7, 47, 6, 14, 81, 52, 19, 13, 53, 54, 55, 20, 34, 56, 57, 70]项目工期为：209.0；项目成本为：40015.80000000001
染色体结构为:
[26, 75, 74, 72, 22, 84, 76, 62, 45, 66, 21, 69, 73, 68, 17, 29, 83, 3, 58, 80, 31, 2, 1, 79, 43, 39, 67, 12, 61, 15, 35, 78, 18, 44, 30, 25, 48, 42, 41, 59, 63, 77, 64, 11, 50, 16, 8, 36, 49, 23, 32, 24, 40, 60, 71, 9, 82, 27, 37, 51, 28, 65, 46, 4, 38, 33, 10, 7, 47, 5, 6, 81, 14, 52, 53, 13, 19, 55, 20, 34, 54, 56, 57, 70]项目工期为：183.0；项目成本为：43542.7
染色体结构为:
[75, 84, 26, 22, 21, 76, 74, 45, 66, 29, 68, 62, 80, 69, 17, 73, 3, 58, 39, 83, 12, 72, 36, 43, 1, 31, 79, 2, 15, 35, 63, 78, 67, 18, 42, 44, 48, 61, 25, 8, 41, 11, 30, 50, 77, 16, 64, 32, 60, 49, 23, 24, 71, 9, 40, 27, 51, 82, 28, 59, 37, 38, 4, 46, 65, 6, 33, 10, 47, 7, 5, 81, 14, 19, 13, 52, 53, 54, 20, 57, 70, 56, 34, 55]项目工期为：153.0；项目成本为：48592.1
染色体结构为:
[36, 26, 72, 74, 1, 31, 75, 69, 68, 43, 2, 12, 79, 63, 15, 35, 76, 66, 22, 45, 29, 21, 80, 73, 62, 3, 83, 67, 17, 61, 58, 18, 39, 78, 42, 44, 25, 30, 8, 41, 48, 77, 10, 11, 4, 40, 84, 27, 5, 33, 16, 46, 71, 6, 32, 9, 19, 7, 51, 28, 14, 49, 60, 59, 23, 64, 37, 47, 82, 24, 65, 50, 13, 52, 38, 53, 56, 81, 54, 57, 70, 55, 34, 20]项目工期为：157.0；项目成本为：46794.400000000016
染色体结构为:
[68, 59, 84, 69, 30, 63, 74, 11, 76, 43, 73, 26, 18, 72, 10, 22, 75, 62, 66, 45, 29, 21, 83, 80, 17, 3, 31, 58, 1, 39, 79, 2, 61, 12, 15, 67, 35, 78, 42, 44, 48, 64, 25, 41, 16, 8, 77, 50, 49, 36, 32, 23, 60, 24, 40, 82, 9, 71, 27, 51, 37, 28, 46, 81, 33, 65, 38, 4, 14, 6, 47, 7, 5, 13, 20, 19, 34, 52, 53, 54, 70, 55, 57, 56]项目工期为：225.0；项目成本为：38835.700000000004
染色体结构为:
[68, 59, 84, 30, 69, 11, 43, 74, 73, 76, 63, 18, 26, 22, 10, 77, 75, 45, 72, 62, 21, 66, 29, 83, 3, 80, 17, 58, 31, 79, 1, 39, 61, 12, 2, 78, 67, 15, 42, 35, 44, 48, 25, 8, 41, 64, 16, 49, 36, 50, 23, 32, 24, 60, 40, 9, 82, 71, 27, 51, 28, 37, 65, 38, 33, 46, 4, 7, 81, 6, 13, 20, 5, 14, 47, 19, 52, 53, 34, 55, 54, 70, 56, 57]项目工期为：271.0；项目成本为：36109.100000000006
染色体结构为:
[68, 84, 59, 69, 30, 11, 63, 74, 76, 43, 73, 26, 10, 18, 72, 22, 75, 45, 62, 66, 21, 29, 83, 80, 17, 31, 58, 3, 1, 79, 39, 2, 61, 67, 12, 15, 35, 78, 42, 44, 25, 48, 77, 64, 41, 16, 8, 49, 32, 50, 36, 23, 60, 24, 82, 40, 9, 71, 27, 51, 37, 28, 46, 65, 33, 81, 38, 4, 14, 6, 47, 7, 13, 5, 20, 19, 52, 34, 53, 54, 70, 55, 56, 57]项目工期为：247.0；项目成本为：37274.50000000001
染色体结构为:
[68, 69, 59, 84, 30, 22, 74, 26, 75, 76, 45, 66, 21, 62, 3, 58, 29, 73, 17, 80, 39, 83, 61, 12, 67, 44, 78, 18, 35, 25, 63, 15, 77, 42, 41, 48, 8, 31, 11, 72, 50, 16, 43, 64, 32, 49, 2, 79, 36, 23, 1, 24, 40, 9, 71, 51, 60, 82, 27, 28, 65, 33, 37, 38, 4, 10, 46, 5, 47, 7, 6, 14, 81, 52, 13, 53, 19, 55, 20, 54, 34, 57, 56, 70]项目工期为：208.0；项目成本为：40333.00000000001
染色体结构为:
[59, 2, 84, 68, 22, 77, 11, 12, 83, 30, 31, 61, 72, 79, 33, 69, 45, 46, 4, 40, 10, 9, 71, 51, 78, 75, 43, 26, 21, 58, 23, 80, 48, 17, 29, 47, 6, 82, 8, 42, 74, 1, 49, 7, 16, 62, 36, 35, 15, 18, 44, 25, 73, 32, 81, 66, 76, 39, 14, 3, 27, 5, 24, 28, 19, 37, 13, 67, 60, 20, 52, 41, 50, 38, 63, 64, 53, 34, 57, 65, 56, 55, 54, 70]项目工期为：138.0；项目成本为：51491.70000000002
染色体结构为:
[59, 84, 69, 68, 30, 74, 11, 73, 26, 63, 43, 10, 18, 76, 22, 75, 45, 72, 62, 66, 29, 83, 21, 17, 3, 31, 80, 58, 2, 1, 79, 39, 61, 12, 78, 67, 35, 25, 15, 42, 44, 77, 48, 41, 64, 16, 49, 8, 50, 32, 23, 36, 24, 60, 9, 82, 40, 71, 51, 37, 27, 28, 46, 33, 38, 65, 81, 4, 7, 6, 14, 13, 47, 20, 5, 19, 34, 52, 53, 54, 55, 56, 70, 57]项目工期为：221.0；项目成本为：38884.7
染色体结构为:
[59, 68, 84, 30, 43, 69, 73, 74, 11, 63, 18, 26, 10, 76, 75, 22, 77, 21, 62, 66, 29, 17, 39, 80, 45, 3, 58, 83, 67, 44, 15, 12, 61, 25, 78, 48, 42, 41, 35, 31, 8, 50, 72, 79, 64, 2, 1, 16, 49, 36, 23, 60, 24, 40, 32, 82, 71, 51, 27, 9, 28, 33, 37, 65, 38, 46, 4, 7, 81, 13, 20, 6, 14, 5, 47, 19, 34, 52, 53, 55, 54, 56, 70, 57]项目工期为：336.0；项目成本为：34180.600000000006
染色体结构为:
[59, 68, 84, 69, 74, 30, 75, 22, 26, 45, 76, 66, 21, 29, 62, 3, 58, 17, 73, 80, 83, 39, 35, 61, 12, 67, 44, 18, 15, 77, 25, 78, 63, 42, 48, 41, 31, 11, 50, 8, 72, 16, 64, 49, 43, 79, 32, 1, 2, 36, 23, 24, 60, 40, 9, 71, 51, 27, 82, 28, 33, 37, 10, 65, 4, 46, 7, 38, 47, 6, 5, 14, 81, 13, 19, 52, 53, 54, 55, 56, 57, 34, 20, 70]项目工期为：186.0；项目成本为：43101.500000000015
染色体结构为:
[22, 75, 76, 26, 84, 45, 62, 66, 74, 69, 21, 73, 29, 68, 83, 17, 3, 80, 58, 1, 31, 79, 2, 43, 39, 61, 12, 67, 15, 44, 18, 35, 78, 42, 30, 48, 41, 63, 11, 77, 25, 8, 59, 16, 50, 49, 72, 32, 64, 36, 60, 9, 71, 23, 24, 51, 40, 27, 28, 82, 33, 37, 65, 4, 81, 10, 5, 38, 46, 7, 14, 47, 52, 13, 20, 6, 53, 56, 54, 19, 57, 34, 55, 70]项目工期为：189.0；项目成本为：42387.200000000004
染色体结构为:
[68, 59, 84, 69, 30, 63, 74, 11, 76, 43, 73, 26, 18, 72, 10, 22, 75, 62, 66, 45, 29, 21, 80, 17, 83, 3, 58, 31, 1, 39, 2, 79, 61, 15, 12, 67, 35, 78, 44, 42, 48, 64, 25, 41, 16, 8, 77, 50, 49, 36, 23, 32, 60, 24, 40, 9, 71, 82, 27, 51, 37, 28, 46, 81, 33, 65, 38, 4, 14, 6, 47, 7, 5, 13, 19, 20, 34, 52, 53, 54, 70, 55, 56, 57]项目工期为：216.0；项目成本为：39277.00000000001
染色体结构为:
[68, 59, 69, 84, 74, 30, 22, 26, 75, 76, 45, 21, 3, 62, 66, 29, 17, 58, 73, 39, 80, 83, 67, 61, 12, 35, 44, 78, 18, 25, 15, 63, 77, 48, 42, 41, 31, 11, 72, 8, 50, 43, 16, 64, 32, 49, 1, 79, 36, 2, 23, 24, 40, 60, 9, 71, 51, 82, 27, 65, 28, 37, 33, 38, 10, 46, 4, 7, 5, 6, 14, 47, 52, 13, 53, 81, 19, 55, 20, 54, 34, 56, 70, 57]项目工期为：191.0；项目成本为：42306.4
染色体结构为:
[68, 84, 59, 69, 11, 63, 30, 74, 73, 43, 76, 10, 26, 22, 18, 75, 77, 72, 62, 45, 29, 21, 17, 66, 83, 3, 80, 58, 79, 31, 39, 2, 1, 61, 78, 12, 42, 67, 44, 15, 35, 25, 48, 41, 16, 8, 49, 64, 36, 50, 23, 24, 32, 27, 40, 60, 82, 28, 71, 51, 9, 33, 65, 81, 37, 38, 4, 7, 46, 6, 14, 13, 5, 20, 47, 52, 19, 34, 53, 54, 55, 56, 70, 57]项目工期为：251.0；项目成本为：37118.10000000001
染色体结构为:
[68, 59, 69, 74, 84, 30, 22, 26, 75, 76, 45, 3, 21, 66, 62, 29, 58, 73, 17, 39, 80, 83, 67, 61, 12, 35, 44, 78, 18, 25, 63, 15, 77, 42, 48, 41, 31, 11, 8, 72, 50, 16, 43, 64, 32, 49, 1, 36, 79, 23, 2, 40, 24, 60, 71, 9, 82, 51, 27, 65, 28, 33, 37, 38, 10, 46, 4, 7, 5, 6, 14, 47, 52, 81, 53, 13, 19, 55, 20, 54, 34, 56, 70, 57]项目工期为：193.0；项目成本为：42001.8
染色体结构为:
[75, 84, 26, 22, 76, 21, 74, 45, 66, 29, 68, 62, 80, 17, 69, 73, 39, 3, 58, 83, 12, 72, 43, 36, 31, 1, 79, 2, 15, 63, 35, 78, 67, 42, 18, 44, 48, 25, 61, 8, 30, 41, 11, 50, 16, 77, 64, 60, 49, 32, 23, 24, 71, 9, 51, 40, 27, 82, 28, 59, 37, 38, 4, 46, 33, 65, 6, 47, 10, 7, 5, 81, 19, 14, 13, 52, 53, 54, 20, 57, 56, 70, 34, 55]项目工期为：151.0；项目成本为：48772.99999999999
染色体结构为:
[36, 26, 72, 74, 1, 31, 69, 68, 75, 43, 2, 12, 79, 63, 15, 35, 76, 66, 22, 45, 29, 21, 73, 80, 62, 3, 67, 83, 17, 58, 61, 18, 39, 42, 78, 44, 25, 8, 30, 41, 48, 77, 10, 11, 4, 40, 84, 27, 5, 33, 16, 46, 71, 6, 9, 32, 19, 7, 51, 28, 14, 49, 60, 23, 59, 64, 37, 47, 82, 65, 24, 13, 50, 52, 38, 53, 56, 54, 81, 57, 70, 34, 55, 20]项目工期为：154.0；项目成本为：47751.20000000001
染色体结构为:
[84, 68, 59, 11, 30, 74, 69, 43, 76, 73, 18, 63, 26, 22, 10, 75, 45, 77, 21, 62, 66, 29, 80, 58, 17, 39, 83, 67, 3, 44, 61, 15, 12, 25, 78, 42, 41, 48, 31, 35, 8, 50, 72, 64, 79, 2, 1, 49, 16, 36, 23, 24, 60, 40, 32, 82, 27, 71, 51, 28, 33, 9, 37, 38, 65, 46, 4, 7, 81, 13, 14, 6, 20, 5, 47, 52, 19, 34, 53, 55, 56, 54, 70, 57]项目工期为：316.0；项目成本为：34406.200000000004
染色体结构为:
[68, 84, 59, 69, 30, 63, 11, 74, 73, 43, 22, 26, 75, 76, 45, 66, 21, 62, 3, 29, 17, 58, 39, 83, 80, 61, 35, 67, 12, 44, 15, 78, 18, 25, 77, 42, 48, 41, 31, 8, 50, 16, 72, 64, 49, 32, 79, 1, 2, 36, 23, 24, 60, 40, 9, 71, 51, 82, 27, 28, 65, 37, 33, 38, 4, 46, 7, 10, 5, 47, 6, 14, 81, 52, 19, 13, 53, 54, 55, 34, 20, 56, 57, 70]项目工期为：205.0；项目成本为：40619.100000000006
染色体结构为:
[68, 59, 30, 69, 11, 84, 43, 73, 74, 63, 26, 76, 18, 10, 77, 22, 75, 62, 21, 29, 66, 17, 80, 39, 58, 83, 45, 3, 67, 15, 61, 44, 25, 12, 78, 42, 41, 35, 48, 64, 31, 8, 50, 72, 79, 1, 23, 49, 2, 16, 36, 32, 24, 82, 9, 40, 60, 27, 71, 51, 37, 28, 33, 38, 65, 46, 4, 7, 81, 6, 13, 5, 14, 20, 19, 47, 52, 34, 53, 55, 56, 54, 70, 57]项目工期为：323.0；项目成本为：34404.70000000001
染色体结构为:
[68, 59, 30, 69, 84, 11, 43, 74, 73, 26, 76, 63, 18, 10, 77, 22, 75, 21, 45, 62, 29, 17, 66, 80, 39, 58, 3, 67, 83, 44, 15, 12, 61, 78, 42, 25, 41, 48, 8, 31, 35, 64, 72, 50, 79, 16, 1, 2, 23, 49, 24, 36, 32, 40, 60, 82, 71, 9, 27, 51, 28, 65, 33, 37, 46, 38, 4, 7, 6, 81, 13, 20, 14, 47, 5, 19, 52, 34, 53, 55, 56, 54, 57, 70]项目工期为：296.0；项目成本为：34487.200000000004
染色体结构为:
[59, 84, 68, 30, 43, 69, 73, 74, 11, 63, 18, 10, 26, 76, 75, 22, 77, 62, 21, 66, 29, 17, 39, 80, 45, 3, 58, 83, 67, 44, 15, 12, 61, 78, 25, 48, 42, 35, 31, 41, 8, 50, 72, 79, 64, 2, 1, 16, 49, 36, 23, 60, 40, 24, 32, 82, 71, 51, 27, 9, 28, 33, 37, 65, 38, 46, 4, 7, 81, 13, 20, 14, 6, 5, 47, 19, 34, 52, 53, 55, 54, 56, 70, 57]项目工期为：336.0；项目成本为：34180.600000000006
染色体结构为:
[59, 84, 68, 69, 30, 63, 74, 11, 43, 76, 73, 26, 18, 10, 72, 22, 75, 45, 62, 21, 29, 66, 83, 17, 3, 80, 31, 1, 58, 79, 39, 2, 61, 12, 67, 15, 35, 78, 42, 44, 48, 25, 64, 41, 16, 77, 8, 49, 50, 32, 36, 60, 23, 24, 40, 9, 82, 71, 27, 51, 28, 37, 46, 65, 81, 33, 4, 14, 38, 6, 47, 7, 13, 5, 20, 19, 34, 52, 53, 54, 70, 55, 57, 56]项目工期为：236.0；项目成本为：38075.1
染色体结构为:
[68, 59, 30, 69, 84, 11, 43, 73, 74, 26, 63, 76, 18, 10, 77, 22, 75, 21, 45, 62, 29, 66, 17, 80, 39, 58, 3, 67, 83, 44, 15, 12, 61, 42, 78, 25, 41, 48, 8, 31, 35, 64, 72, 50, 79, 16, 1, 2, 23, 49, 24, 36, 32, 40, 60, 82, 71, 9, 27, 51, 28, 65, 33, 37, 46, 4, 38, 7, 6, 81, 13, 20, 14, 47, 5, 19, 52, 34, 53, 55, 56, 54, 57, 70]项目工期为：289.0；项目成本为：35440.600000000006
染色体结构为:
[68, 69, 59, 84, 30, 11, 43, 63, 74, 18, 73, 26, 10, 76, 77, 22, 75, 21, 62, 29, 66, 45, 17, 39, 80, 58, 3, 61, 83, 67, 44, 15, 12, 25, 42, 78, 41, 48, 35, 31, 8, 72, 50, 64, 2, 79, 16, 1, 49, 23, 36, 24, 40, 32, 82, 60, 9, 71, 27, 51, 37, 28, 65, 46, 4, 38, 6, 33, 81, 7, 13, 20, 47, 5, 14, 19, 34, 52, 53, 55, 54, 70, 56, 57]项目工期为：259.0；项目成本为：36456.000000000015
染色体结构为:
[68, 59, 69, 84, 74, 30, 75, 26, 22, 45, 76, 62, 66, 21, 3, 29, 58, 17, 73, 39, 80, 83, 61, 35, 12, 67, 44, 15, 18, 25, 77, 78, 63, 42, 48, 41, 31, 8, 11, 16, 50, 72, 64, 49, 43, 79, 32, 1, 23, 2, 36, 24, 60, 40, 9, 71, 51, 82, 27, 37, 28, 65, 33, 10, 4, 46, 38, 7, 5, 6, 47, 81, 14, 13, 52, 19, 53, 55, 54, 57, 56, 34, 20, 70]项目工期为：184.0；项目成本为：43189.700000000004
染色体结构为:
[72, 26, 84, 74, 68, 59, 77, 69, 30, 43, 36, 31, 75, 1, 2, 12, 63, 79, 15, 76, 35, 45, 66, 29, 21, 22, 62, 3, 73, 80, 17, 83, 58, 67, 61, 39, 78, 18, 42, 25, 44, 48, 8, 41, 11, 10, 40, 27, 4, 5, 16, 46, 33, 71, 19, 6, 32, 9, 51, 14, 7, 28, 49, 60, 23, 64, 82, 37, 47, 24, 50, 65, 52, 13, 38, 53, 56, 57, 54, 81, 70, 55, 20, 34]项目工期为：165.0；项目成本为：46360.600000000006
染色体结构为:
[68, 59, 30, 69, 84, 11, 43, 74, 73, 26, 76, 63, 18, 10, 77, 75, 22, 21, 45, 29, 62, 17, 66, 80, 39, 58, 3, 67, 83, 44, 15, 12, 61, 78, 42, 25, 41, 48, 8, 31, 35, 64, 72, 50, 79, 16, 1, 2, 23, 24, 49, 32, 36, 40, 60, 82, 71, 9, 27, 51, 28, 65, 33, 37, 46, 38, 4, 7, 6, 81, 13, 20, 14, 5, 47, 19, 52, 34, 53, 55, 54, 56, 57, 70]项目工期为：294.0；项目成本为：35146.90000000001
染色体结构为:
[68, 59, 84, 30, 69, 11, 43, 74, 73, 26, 63, 76, 18, 10, 22, 77, 75, 21, 45, 62, 29, 66, 80, 58, 17, 39, 83, 67, 3, 61, 44, 15, 12, 42, 25, 78, 48, 31, 41, 35, 8, 50, 72, 64, 79, 2, 1, 49, 16, 36, 23, 24, 60, 32, 82, 40, 27, 71, 28, 51, 9, 37, 33, 38, 65, 46, 4, 7, 81, 13, 14, 6, 20, 5, 47, 52, 19, 53, 34, 55, 56, 54, 70, 57]项目工期为：347.0；项目成本为：33835.90000000001
染色体结构为:
[68, 59, 84, 30, 11, 69, 43, 74, 73, 26, 63, 18, 10, 76, 22, 77, 75, 21, 45, 62, 17, 29, 66, 80, 58, 39, 3, 67, 83, 44, 12, 15, 61, 25, 42, 78, 41, 48, 8, 35, 31, 64, 50, 72, 79, 1, 16, 2, 23, 49, 24, 36, 32, 40, 60, 82, 9, 71, 27, 51, 28, 65, 37, 33, 38, 46, 4, 7, 81, 6, 13, 20, 47, 14, 5, 19, 52, 34, 53, 55, 54, 56, 70, 57]项目工期为：343.0；项目成本为：34044.3
染色体结构为:
[59, 68, 30, 84, 69, 11, 74, 73, 77, 43, 10, 76, 63, 26, 75, 45, 18, 83, 2, 40, 1, 27, 17, 4, 5, 61, 25, 21, 22, 62, 29, 66, 39, 58, 80, 78, 12, 44, 3, 67, 35, 42, 15, 8, 36, 72, 48, 79, 31, 41, 50, 64, 60, 16, 32, 23, 49, 71, 9, 24, 51, 37, 38, 65, 82, 46, 28, 7, 81, 33, 47, 14, 52, 19, 13, 53, 20, 34, 57, 55, 6, 54, 70, 56]项目工期为：177.0；项目成本为：44075.700000000004
染色体结构为:
[68, 30, 59, 11, 84, 69, 43, 74, 73, 63, 26, 76, 18, 10, 22, 77, 75, 62, 21, 29, 66, 17, 80, 39, 58, 83, 45, 67, 3, 61, 44, 25, 15, 12, 78, 48, 42, 31, 41, 35, 8, 50, 79, 72, 64, 2, 1, 16, 49, 36, 23, 24, 60, 40, 82, 71, 32, 27, 9, 51, 37, 28, 33, 38, 65, 4, 46, 7, 81, 13, 20, 6, 14, 5, 19, 47, 34, 52, 53, 54, 55, 56, 70, 57]项目工期为：350.0；项目成本为：33612.600000000006
染色体结构为:
[72, 26, 36, 74, 31, 1, 43, 68, 75, 69, 2, 12, 79, 63, 15, 76, 35, 45, 66, 29, 21, 22, 73, 62, 80, 3, 17, 83, 67, 61, 58, 18, 39, 78, 42, 44, 25, 48, 30, 41, 8, 77, 11, 10, 84, 4, 40, 27, 5, 46, 16, 33, 71, 32, 19, 6, 9, 51, 7, 14, 28, 49, 59, 60, 64, 23, 82, 37, 47, 24, 65, 50, 52, 13, 38, 53, 56, 81, 57, 54, 55, 70, 20, 34]项目工期为：162.0；项目成本为：46371.00000000001
染色体结构为:
[68, 30, 69, 59, 84, 43, 11, 74, 73, 26, 63, 76, 18, 10, 77, 22, 62, 21, 75, 29, 17, 66, 80, 39, 58, 83, 67, 45, 3, 61, 44, 15, 25, 12, 42, 78, 35, 41, 48, 8, 31, 64, 79, 72, 50, 1, 16, 23, 2, 49, 36, 24, 60, 32, 40, 9, 27, 82, 71, 51, 37, 33, 28, 46, 65, 38, 4, 7, 81, 6, 13, 20, 47, 5, 14, 19, 52, 34, 53, 55, 56, 54, 57, 70]项目工期为：348.0；项目成本为：33655.40000000001
染色体结构为:
[68, 2, 84, 22, 59, 30, 11, 77, 83, 12, 61, 31, 72, 79, 33, 69, 45, 10, 46, 4, 40, 71, 75, 9, 51, 78, 26, 43, 58, 80, 48, 23, 17, 29, 21, 47, 82, 8, 6, 74, 42, 1, 7, 49, 16, 62, 35, 15, 36, 25, 73, 18, 66, 44, 81, 32, 3, 76, 39, 14, 24, 27, 28, 5, 13, 19, 37, 67, 20, 60, 52, 50, 41, 38, 63, 64, 53, 34, 65, 57, 56, 54, 55, 70]项目工期为：139.0；项目成本为：51294.90000000001
染色体结构为:
[59, 68, 84, 69, 30, 63, 74, 11, 76, 43, 73, 26, 72, 18, 10, 22, 75, 62, 66, 45, 29, 21, 80, 17, 83, 3, 58, 31, 39, 1, 2, 79, 61, 15, 12, 35, 67, 78, 44, 42, 48, 64, 25, 41, 16, 8, 77, 50, 49, 36, 23, 32, 60, 24, 40, 9, 82, 27, 71, 51, 37, 46, 28, 81, 33, 65, 38, 4, 14, 6, 47, 7, 5, 13, 19, 20, 34, 52, 53, 54, 70, 55, 56, 57]项目工期为：214.0；项目成本为：39821.600000000006
染色体结构为:
[59, 68, 69, 84, 74, 30, 75, 22, 26, 45, 66, 76, 21, 29, 62, 58, 3, 17, 73, 39, 80, 83, 35, 61, 12, 67, 44, 18, 15, 77, 78, 25, 63, 42, 48, 41, 31, 11, 50, 8, 72, 64, 16, 43, 49, 79, 32, 1, 2, 23, 36, 24, 60, 40, 71, 9, 51, 82, 27, 28, 37, 33, 10, 65, 4, 46, 7, 38, 47, 6, 5, 14, 81, 13, 19, 52, 53, 55, 54, 56, 57, 34, 70, 20]项目工期为：182.0；项目成本为：43581.400000000016
染色体结构为:
[59, 84, 68, 30, 43, 69, 73, 74, 11, 63, 18, 10, 26, 76, 75, 22, 77, 62, 21, 66, 45, 29, 80, 58, 17, 39, 83, 67, 3, 61, 44, 15, 12, 25, 42, 78, 48, 31, 35, 41, 8, 50, 72, 64, 79, 1, 49, 2, 16, 36, 23, 24, 60, 32, 82, 40, 27, 71, 28, 9, 51, 37, 33, 38, 65, 4, 46, 7, 81, 14, 13, 6, 20, 5, 47, 52, 19, 53, 34, 55, 56, 54, 70, 57]项目工期为：333.0；项目成本为：34308.50000000001
染色体结构为:
[59, 68, 84, 2, 77, 22, 30, 83, 12, 11, 72, 31, 61, 33, 79, 45, 10, 69, 46, 4, 9, 40, 71, 78, 75, 51, 80, 43, 26, 58, 21, 23, 48, 29, 82, 17, 47, 8, 42, 74, 6, 1, 49, 7, 35, 16, 36, 62, 25, 44, 15, 18, 66, 73, 81, 32, 39, 76, 14, 3, 5, 24, 27, 28, 13, 19, 67, 20, 37, 60, 41, 38, 52, 50, 63, 53, 64, 34, 57, 65, 56, 54, 55, 70]项目工期为：146.0；项目成本为：49973.000000000015
MID=3.5541076909573
DM=18396.633120220682
SNS=0.30200712448042394
SM=0.675676398304039
1.9319337770838066E-4
69
共计用时：6秒
