染色体结构为:
[21, 35, 47, 95, 1, 97, 11, 29, 74, 68, 41, 30, 6, 9, 40, 34, 22, 32, 63, 10, 64, 79, 26, 65, 61, 13, 99, 33, 75, 100, 52, 5, 88, 69, 48, 96, 98, 73, 70, 28, 50, 58, 84, 87, 77, 25, 4, 7, 67, 19, 76, 46, 49, 81, 91, 3, 71, 44, 51, 36, 23, 14, 72, 54, 2, 37, 45, 60, 93, 39, 16, 94, 38, 53, 18, 8, 15, 24, 83, 27, 12, 82, 59, 56, 31, 57, 66, 85, 86, 92, 55, 20, 62, 42, 43, 17, 80, 78, 90, 89]项目工期为：348.0；项目成本为：97697.2
染色体结构为:
[35, 21, 47, 95, 1, 97, 11, 29, 68, 74, 41, 30, 6, 9, 40, 34, 22, 32, 63, 10, 79, 64, 26, 61, 65, 99, 13, 33, 75, 100, 52, 5, 88, 69, 48, 98, 96, 73, 70, 28, 50, 58, 77, 84, 87, 25, 4, 67, 7, 19, 46, 76, 49, 81, 91, 3, 71, 44, 51, 36, 23, 14, 72, 2, 54, 37, 60, 45, 93, 39, 38, 94, 16, 53, 8, 18, 15, 24, 27, 83, 12, 82, 59, 31, 56, 57, 85, 66, 86, 55, 92, 62, 20, 42, 43, 17, 80, 78, 90, 89]项目工期为：336.0；项目成本为：100718.0
染色体结构为:
[35, 95, 47, 11, 21, 61, 1, 99, 63, 88, 28, 23, 7, 96, 72, 36, 2, 14, 81, 54, 45, 37, 84, 60, 100, 41, 39, 93, 94, 33, 38, 16, 3, 6, 97, 22, 9, 26, 65, 74, 53, 44, 75, 71, 69, 79, 52, 98, 18, 24, 58, 5, 32, 46, 34, 83, 31, 15, 30, 4, 70, 85, 29, 50, 87, 92, 68, 73, 8, 27, 59, 49, 56, 91, 12, 76, 86, 20, 17, 10, 40, 77, 66, 42, 64, 48, 78, 67, 19, 43, 55, 25, 62, 82, 51, 57, 90, 89, 13, 80]项目工期为：300.0；项目成本为：111293.99999999999
染色体结构为:
[35, 95, 21, 1, 47, 97, 11, 29, 74, 68, 6, 41, 30, 9, 40, 22, 32, 34, 63, 10, 64, 79, 26, 61, 13, 65, 99, 33, 75, 52, 100, 5, 88, 48, 69, 98, 96, 73, 70, 28, 50, 58, 77, 84, 87, 25, 67, 4, 7, 19, 46, 49, 76, 81, 91, 3, 71, 44, 51, 36, 23, 14, 72, 54, 2, 37, 60, 45, 39, 93, 38, 16, 94, 8, 18, 53, 15, 24, 27, 83, 82, 12, 59, 56, 31, 57, 85, 66, 86, 55, 20, 92, 62, 42, 43, 17, 80, 78, 90, 89]项目工期为：337.0；项目成本为：100548.59999999998
染色体结构为:
[9, 22, 6, 26, 61, 75, 74, 53, 36, 70, 29, 5, 71, 84, 48, 79, 35, 68, 21, 12, 2, 76, 13, 91, 41, 14, 24, 16, 63, 1, 54, 49, 95, 93, 23, 100, 37, 58, 88, 7, 8, 34, 85, 33, 47, 94, 30, 15, 98, 20, 19, 83, 40, 52, 97, 50, 82, 62, 11, 3, 92, 32, 73, 17, 38, 72, 10, 96, 56, 99, 25, 4, 39, 18, 59, 28, 67, 42, 69, 45, 64, 51, 87, 60, 78, 77, 31, 46, 65, 43, 80, 55, 27, 57, 81, 86, 66, 90, 89, 44]项目工期为：270.0；项目成本为：119142.00000000004
染色体结构为:
[74, 47, 11, 35, 1, 21, 95, 88, 99, 61, 28, 63, 96, 7, 23, 72, 14, 2, 36, 81, 37, 45, 54, 84, 60, 41, 100, 94, 93, 38, 39, 33, 16, 97, 3, 6, 22, 26, 75, 9, 65, 53, 44, 71, 69, 79, 98, 52, 58, 32, 18, 24, 5, 46, 83, 31, 34, 30, 15, 29, 4, 70, 50, 85, 92, 87, 68, 8, 59, 73, 27, 49, 56, 12, 20, 76, 17, 91, 10, 77, 86, 40, 42, 66, 64, 78, 48, 67, 19, 25, 43, 62, 57, 55, 82, 51, 89, 13, 90, 80]项目工期为：275.0；项目成本为：118192.1
染色体结构为:
[74, 30, 35, 47, 95, 11, 21, 1, 99, 61, 63, 88, 96, 23, 7, 28, 72, 14, 36, 81, 2, 45, 37, 84, 54, 60, 41, 100, 93, 94, 33, 39, 38, 16, 97, 3, 6, 9, 22, 75, 26, 53, 65, 44, 71, 52, 69, 79, 98, 24, 18, 58, 32, 5, 46, 83, 34, 15, 31, 29, 70, 85, 50, 87, 4, 68, 8, 73, 92, 27, 59, 56, 49, 76, 12, 91, 20, 86, 17, 40, 10, 42, 77, 64, 43, 66, 48, 55, 67, 78, 82, 19, 25, 62, 57, 90, 51, 89, 13, 80]项目工期为：301.0；项目成本为：110917.2
染色体结构为:
[9, 22, 6, 97, 74, 75, 61, 26, 53, 30, 29, 41, 32, 34, 36, 5, 70, 71, 35, 84, 48, 79, 68, 21, 12, 2, 13, 91, 76, 14, 24, 63, 16, 1, 54, 49, 23, 93, 100, 95, 37, 88, 7, 58, 85, 8, 33, 47, 94, 15, 20, 83, 98, 40, 52, 19, 82, 50, 62, 3, 92, 11, 73, 17, 38, 96, 10, 72, 99, 56, 25, 4, 39, 18, 59, 28, 67, 42, 45, 69, 64, 51, 87, 60, 78, 77, 46, 31, 65, 43, 80, 27, 55, 57, 81, 66, 86, 90, 89, 44]项目工期为：265.0；项目成本为：121138.10000000002
染色体结构为:
[9, 6, 61, 22, 75, 65, 74, 13, 26, 33, 52, 99, 88, 100, 5, 48, 29, 41, 97, 68, 32, 30, 79, 34, 63, 3, 40, 53, 25, 64, 10, 71, 76, 12, 47, 94, 98, 15, 96, 70, 28, 73, 69, 35, 58, 50, 87, 4, 21, 84, 77, 95, 49, 11, 67, 46, 7, 36, 14, 1, 81, 23, 37, 72, 54, 2, 45, 93, 19, 39, 44, 91, 51, 38, 60, 16, 8, 83, 27, 24, 56, 59, 57, 18, 66, 31, 82, 92, 85, 86, 78, 20, 62, 43, 17, 89, 90, 42, 55, 80]项目工期为：428.0；项目成本为：84557.50000000001
染色体结构为:
[9, 22, 6, 26, 61, 75, 53, 74, 36, 29, 5, 70, 71, 84, 48, 79, 35, 68, 21, 12, 2, 76, 13, 91, 41, 14, 16, 24, 63, 54, 1, 49, 95, 93, 23, 100, 37, 58, 88, 7, 8, 34, 85, 33, 47, 94, 30, 15, 98, 20, 19, 83, 52, 40, 97, 50, 82, 62, 11, 3, 92, 32, 73, 17, 38, 72, 10, 96, 56, 25, 99, 4, 18, 39, 59, 28, 67, 42, 69, 45, 64, 51, 87, 60, 78, 77, 46, 31, 65, 43, 55, 80, 27, 57, 81, 86, 66, 90, 89, 44]项目工期为：270.0；项目成本为：119142.00000000004
染色体结构为:
[9, 22, 6, 74, 61, 97, 47, 30, 29, 34, 41, 32, 68, 79, 3, 63, 40, 64, 25, 71, 53, 10, 88, 12, 76, 15, 26, 94, 33, 65, 70, 99, 52, 75, 13, 35, 11, 95, 100, 48, 21, 5, 96, 73, 98, 58, 28, 69, 50, 87, 84, 77, 4, 49, 46, 7, 1, 67, 36, 23, 14, 72, 81, 37, 54, 93, 2, 39, 60, 44, 45, 16, 38, 83, 19, 8, 91, 59, 51, 27, 24, 56, 18, 31, 57, 20, 92, 82, 85, 66, 78, 86, 62, 17, 43, 89, 42, 80, 90, 55]项目工期为：422.0；项目成本为：84941.2
染色体结构为:
[9, 22, 6, 74, 61, 97, 30, 47, 29, 34, 41, 32, 68, 79, 3, 63, 40, 64, 25, 53, 71, 10, 12, 88, 76, 15, 26, 94, 33, 65, 70, 99, 52, 75, 13, 35, 11, 95, 100, 21, 48, 5, 96, 73, 98, 58, 28, 69, 50, 87, 84, 77, 4, 49, 46, 7, 1, 67, 36, 23, 14, 72, 81, 37, 54, 93, 2, 39, 60, 44, 45, 16, 38, 83, 19, 8, 91, 59, 51, 27, 24, 56, 18, 31, 57, 20, 92, 82, 85, 66, 78, 86, 62, 17, 43, 89, 80, 90, 42, 55]项目工期为：429.0；项目成本为：84545.09999999999
染色体结构为:
[22, 6, 65, 61, 9, 26, 74, 75, 33, 13, 30, 99, 97, 35, 95, 21, 47, 11, 1, 88, 63, 96, 7, 28, 14, 23, 2, 36, 72, 45, 81, 54, 37, 84, 60, 41, 94, 39, 38, 100, 16, 93, 3, 53, 71, 44, 98, 15, 79, 69, 52, 58, 70, 18, 32, 83, 24, 5, 68, 31, 46, 4, 34, 17, 8, 20, 76, 29, 92, 25, 91, 49, 19, 10, 62, 73, 85, 55, 82, 64, 57, 27, 50, 67, 51, 78, 48, 87, 56, 40, 42, 77, 43, 89, 86, 80, 59, 12, 66, 90]项目工期为：250.0；项目成本为：125086.09999999998
染色体结构为:
[6, 61, 9, 75, 22, 74, 65, 13, 33, 26, 52, 99, 100, 88, 48, 29, 5, 41, 68, 97, 32, 30, 34, 79, 63, 40, 3, 53, 64, 71, 25, 76, 47, 10, 12, 15, 94, 98, 70, 96, 73, 28, 69, 58, 35, 50, 87, 84, 4, 21, 95, 11, 77, 49, 7, 67, 14, 46, 1, 23, 36, 72, 81, 37, 54, 2, 39, 45, 93, 60, 38, 19, 16, 44, 83, 91, 27, 59, 24, 51, 8, 56, 31, 57, 18, 82, 92, 85, 66, 78, 20, 17, 62, 42, 86, 43, 89, 90, 80, 55]项目工期为：446.0；项目成本为：82185.8
染色体结构为:
[9, 22, 6, 65, 61, 26, 75, 74, 33, 99, 13, 97, 30, 32, 41, 29, 34, 68, 63, 79, 40, 25, 64, 3, 10, 53, 71, 76, 88, 15, 12, 47, 94, 100, 52, 48, 70, 73, 5, 98, 28, 96, 69, 50, 35, 58, 84, 87, 4, 77, 21, 46, 7, 95, 11, 1, 49, 67, 23, 14, 81, 2, 36, 45, 37, 39, 72, 38, 44, 93, 60, 54, 51, 19, 91, 27, 59, 8, 16, 18, 83, 24, 56, 82, 57, 66, 31, 86, 62, 85, 42, 20, 92, 55, 17, 80, 43, 89, 78, 90]项目工期为：394.0；项目成本为：87774.79999999999
染色体结构为:
[9, 22, 6, 74, 61, 26, 97, 53, 75, 41, 30, 34, 29, 68, 64, 32, 79, 3, 40, 63, 25, 71, 88, 10, 65, 13, 33, 99, 100, 52, 5, 69, 48, 98, 73, 96, 47, 70, 28, 50, 58, 35, 84, 77, 87, 67, 4, 7, 21, 76, 49, 19, 46, 81, 91, 36, 44, 51, 11, 95, 1, 72, 23, 14, 54, 2, 37, 45, 60, 39, 93, 38, 94, 16, 15, 8, 18, 83, 27, 12, 24, 82, 59, 56, 57, 31, 66, 85, 92, 86, 55, 20, 62, 42, 17, 43, 78, 80, 90, 89]项目工期为：349.0；项目成本为：96750.50000000001
染色体结构为:
[9, 22, 74, 97, 6, 75, 61, 26, 53, 30, 41, 32, 29, 34, 64, 68, 79, 63, 40, 3, 88, 25, 10, 71, 76, 12, 15, 94, 47, 33, 13, 70, 65, 100, 99, 52, 98, 48, 96, 73, 5, 35, 58, 28, 69, 50, 87, 4, 77, 84, 7, 21, 46, 95, 67, 49, 23, 72, 11, 1, 14, 36, 2, 81, 37, 54, 45, 39, 60, 38, 93, 19, 51, 16, 44, 8, 83, 18, 91, 27, 56, 24, 59, 57, 31, 82, 66, 85, 86, 92, 17, 20, 78, 43, 62, 42, 89, 80, 55, 90]项目工期为：358.0；项目成本为：94924.20000000003
染色体结构为:
[35, 21, 95, 47, 1, 11, 61, 99, 63, 88, 28, 23, 14, 96, 72, 7, 54, 36, 2, 81, 45, 84, 60, 37, 100, 41, 94, 39, 33, 93, 38, 16, 97, 3, 53, 9, 71, 44, 98, 69, 52, 79, 74, 26, 18, 32, 46, 24, 22, 58, 5, 83, 30, 15, 31, 70, 34, 4, 29, 85, 50, 65, 6, 87, 68, 92, 27, 8, 73, 49, 76, 59, 56, 20, 75, 12, 17, 86, 10, 91, 77, 42, 40, 66, 78, 64, 43, 48, 67, 55, 82, 25, 19, 62, 57, 51, 90, 89, 13, 80]项目工期为：305.0；项目成本为：109122.29999999997
染色体结构为:
[6, 61, 9, 75, 22, 74, 65, 13, 33, 52, 26, 99, 88, 100, 48, 5, 29, 41, 97, 68, 32, 34, 30, 63, 79, 3, 40, 53, 71, 64, 25, 76, 47, 10, 12, 98, 15, 94, 70, 96, 73, 28, 69, 58, 35, 50, 87, 4, 84, 21, 77, 95, 11, 49, 7, 67, 14, 46, 1, 36, 81, 23, 72, 2, 37, 54, 39, 45, 93, 60, 38, 16, 19, 44, 83, 91, 27, 59, 24, 51, 8, 56, 31, 18, 57, 82, 92, 85, 66, 20, 78, 17, 62, 86, 42, 43, 89, 90, 80, 55]项目工期为：484.0；项目成本为：79014.49999999996
染色体结构为:
[22, 9, 6, 97, 30, 74, 68, 29, 41, 34, 32, 63, 40, 64, 3, 79, 25, 10, 53, 71, 76, 88, 26, 15, 65, 99, 33, 61, 75, 12, 94, 47, 52, 70, 100, 48, 73, 13, 5, 98, 96, 28, 69, 50, 35, 84, 58, 87, 21, 4, 77, 7, 46, 95, 49, 11, 67, 14, 1, 23, 2, 81, 36, 72, 45, 37, 38, 39, 93, 54, 60, 44, 51, 59, 19, 91, 27, 16, 8, 83, 18, 24, 57, 56, 82, 66, 86, 31, 85, 62, 20, 42, 92, 55, 17, 80, 43, 89, 78, 90]项目工期为：402.0；项目成本为：87145.40000000002
染色体结构为:
[35, 21, 95, 1, 47, 11, 61, 99, 63, 88, 28, 23, 14, 72, 96, 7, 54, 36, 2, 81, 45, 84, 60, 37, 100, 41, 39, 94, 93, 38, 16, 33, 3, 97, 9, 53, 71, 98, 44, 69, 52, 79, 74, 26, 18, 32, 46, 24, 58, 22, 5, 83, 15, 30, 31, 70, 34, 4, 29, 50, 85, 65, 6, 87, 92, 27, 68, 8, 49, 73, 59, 76, 56, 20, 12, 75, 17, 86, 10, 91, 77, 40, 42, 66, 78, 64, 48, 43, 55, 67, 82, 25, 19, 57, 62, 90, 51, 89, 13, 80]项目工期为：307.0；项目成本为：108591.29999999999
染色体结构为:
[21, 35, 47, 95, 1, 97, 29, 11, 74, 68, 41, 30, 6, 9, 40, 34, 22, 32, 63, 10, 64, 79, 26, 65, 13, 99, 33, 61, 75, 100, 52, 5, 88, 69, 48, 96, 98, 73, 70, 28, 50, 58, 84, 87, 77, 25, 4, 7, 67, 19, 76, 46, 49, 81, 91, 3, 71, 44, 51, 36, 23, 14, 72, 54, 2, 37, 45, 60, 93, 39, 94, 16, 38, 53, 18, 8, 15, 24, 83, 27, 82, 12, 59, 56, 31, 57, 66, 85, 86, 92, 55, 20, 62, 42, 43, 17, 80, 78, 90, 89]项目工期为：346.0；项目成本为：98414.00000000001
染色体结构为:
[95, 35, 21, 11, 47, 61, 1, 63, 99, 88, 28, 96, 23, 14, 72, 7, 54, 36, 2, 45, 81, 84, 37, 100, 60, 39, 94, 41, 38, 33, 93, 16, 9, 97, 53, 3, 44, 71, 98, 79, 69, 52, 74, 26, 18, 32, 46, 24, 22, 58, 5, 31, 83, 30, 15, 70, 34, 29, 4, 85, 50, 65, 6, 87, 92, 68, 27, 73, 8, 49, 76, 59, 56, 75, 20, 12, 17, 86, 10, 91, 77, 40, 42, 66, 64, 78, 43, 48, 67, 55, 82, 19, 25, 57, 90, 51, 62, 89, 13, 80]项目工期为：311.0；项目成本为：108030.3
染色体结构为:
[35, 21, 47, 95, 1, 97, 11, 29, 74, 68, 41, 30, 6, 9, 40, 34, 22, 63, 32, 10, 79, 64, 26, 61, 65, 13, 99, 33, 100, 52, 75, 5, 88, 69, 48, 98, 96, 70, 73, 50, 28, 58, 77, 84, 87, 25, 53, 3, 71, 67, 4, 7, 76, 49, 19, 46, 81, 91, 36, 44, 51, 72, 23, 14, 54, 2, 37, 60, 45, 39, 93, 38, 94, 16, 15, 8, 18, 83, 27, 24, 12, 82, 59, 56, 31, 57, 66, 85, 92, 55, 86, 20, 62, 17, 42, 43, 78, 80, 90, 89]项目工期为：357.0；项目成本为：95019.0
染色体结构为:
[9, 6, 65, 22, 61, 74, 75, 13, 26, 33, 99, 52, 88, 100, 5, 41, 48, 68, 29, 97, 30, 32, 79, 34, 63, 40, 3, 64, 53, 25, 10, 71, 12, 76, 47, 94, 98, 15, 96, 73, 70, 58, 28, 69, 35, 50, 4, 87, 84, 21, 11, 95, 77, 49, 7, 46, 1, 67, 36, 14, 23, 81, 54, 72, 93, 2, 37, 39, 45, 60, 44, 16, 38, 83, 19, 91, 59, 8, 24, 51, 56, 27, 31, 18, 82, 57, 85, 92, 20, 66, 78, 17, 62, 86, 43, 89, 42, 80, 90, 55]项目工期为：454.0；项目成本为：81449.89999999997
染色体结构为:
[74, 30, 35, 47, 95, 11, 21, 1, 99, 63, 61, 88, 96, 7, 23, 28, 72, 14, 36, 81, 2, 45, 37, 84, 54, 60, 100, 41, 94, 33, 93, 39, 38, 16, 3, 97, 6, 9, 22, 75, 26, 53, 65, 44, 71, 52, 69, 79, 98, 24, 18, 58, 32, 5, 46, 83, 34, 15, 31, 29, 70, 85, 50, 87, 4, 68, 73, 8, 27, 92, 59, 56, 49, 76, 12, 91, 20, 86, 17, 40, 10, 42, 77, 64, 43, 66, 48, 67, 55, 78, 82, 19, 25, 62, 57, 90, 51, 89, 13, 80]项目工期为：301.0；项目成本为：110917.2
染色体结构为:
[35, 95, 22, 47, 11, 21, 1, 63, 99, 61, 28, 7, 88, 96, 23, 14, 72, 2, 54, 81, 36, 45, 37, 84, 60, 41, 39, 94, 33, 38, 16, 100, 93, 3, 97, 44, 9, 53, 71, 98, 69, 15, 79, 26, 75, 6, 70, 74, 5, 48, 29, 68, 12, 13, 91, 76, 24, 58, 34, 85, 49, 8, 30, 83, 20, 19, 40, 82, 50, 52, 62, 32, 10, 92, 73, 4, 56, 17, 25, 18, 59, 67, 51, 42, 64, 87, 46, 78, 31, 77, 65, 80, 43, 55, 27, 66, 57, 90, 89, 86]项目工期为：264.0；项目成本为：121851.90000000002
染色体结构为:
[9, 97, 47, 6, 61, 75, 22, 74, 65, 13, 33, 52, 99, 26, 88, 100, 48, 5, 29, 41, 68, 32, 34, 30, 63, 79, 3, 40, 71, 53, 64, 25, 76, 10, 12, 98, 15, 94, 70, 96, 73, 28, 69, 58, 35, 50, 4, 87, 84, 21, 77, 11, 95, 49, 7, 67, 14, 46, 1, 36, 81, 23, 72, 2, 37, 39, 54, 45, 60, 93, 38, 16, 19, 44, 83, 91, 59, 27, 24, 51, 8, 31, 56, 18, 57, 82, 85, 92, 20, 66, 78, 17, 62, 86, 42, 43, 89, 90, 80, 55]项目工期为：468.0；项目成本为：80290.89999999998
染色体结构为:
[9, 22, 6, 97, 74, 75, 61, 29, 41, 68, 30, 40, 34, 63, 79, 32, 64, 10, 26, 65, 13, 33, 52, 99, 100, 69, 5, 88, 48, 96, 98, 73, 47, 28, 70, 50, 58, 35, 84, 87, 77, 25, 67, 4, 7, 21, 76, 49, 46, 19, 81, 91, 3, 71, 36, 44, 51, 11, 95, 72, 1, 23, 14, 54, 2, 37, 45, 60, 93, 39, 38, 94, 16, 53, 15, 18, 8, 83, 27, 24, 12, 82, 59, 57, 56, 31, 66, 85, 92, 86, 55, 20, 62, 42, 17, 43, 78, 90, 80, 89]项目工期为：339.0；项目成本为：99538.50000000003
染色体结构为:
[6, 61, 9, 22, 75, 74, 65, 33, 13, 26, 52, 88, 99, 100, 48, 5, 29, 97, 41, 30, 68, 32, 34, 79, 63, 64, 25, 3, 40, 71, 53, 10, 76, 47, 12, 94, 15, 96, 70, 73, 98, 69, 28, 50, 58, 35, 87, 4, 84, 21, 11, 49, 95, 77, 7, 46, 67, 1, 36, 23, 14, 81, 2, 72, 54, 93, 37, 45, 39, 60, 44, 16, 38, 19, 83, 8, 27, 91, 59, 24, 56, 51, 18, 57, 31, 82, 92, 85, 20, 78, 66, 86, 17, 43, 62, 42, 89, 80, 90, 55]项目工期为：449.0；项目成本为：81558.79999999997
染色体结构为:
[22, 9, 6, 97, 30, 74, 29, 68, 41, 34, 32, 40, 63, 25, 64, 3, 79, 10, 71, 53, 76, 88, 26, 15, 65, 33, 99, 61, 75, 94, 12, 47, 70, 52, 100, 48, 73, 13, 5, 96, 98, 69, 28, 50, 58, 35, 87, 84, 21, 77, 4, 46, 7, 49, 95, 11, 67, 1, 23, 81, 14, 2, 36, 72, 45, 37, 38, 39, 60, 93, 44, 54, 19, 59, 51, 91, 8, 83, 27, 16, 24, 56, 18, 82, 57, 86, 66, 31, 62, 20, 85, 55, 17, 92, 80, 42, 43, 89, 78, 90]项目工期为：365.0；项目成本为：93162.90000000004
染色体结构为:
[35, 47, 21, 95, 11, 61, 1, 63, 99, 28, 88, 96, 23, 54, 72, 14, 7, 36, 81, 2, 45, 60, 84, 37, 100, 41, 39, 94, 33, 93, 16, 38, 97, 3, 9, 53, 44, 71, 79, 98, 52, 74, 69, 26, 18, 32, 58, 22, 6, 75, 70, 29, 5, 24, 83, 31, 4, 46, 85, 34, 65, 30, 50, 87, 15, 91, 19, 17, 49, 10, 40, 8, 25, 48, 13, 12, 92, 77, 43, 51, 27, 82, 67, 64, 20, 76, 68, 73, 59, 56, 86, 66, 42, 78, 55, 57, 62, 80, 89, 90]项目工期为：285.0；项目成本为：115374.90000000002
染色体结构为:
[22, 61, 6, 9, 75, 26, 74, 53, 36, 29, 5, 70, 84, 48, 71, 79, 35, 68, 21, 12, 76, 2, 91, 41, 13, 24, 14, 16, 1, 63, 54, 49, 23, 93, 100, 95, 37, 88, 7, 58, 34, 85, 8, 33, 47, 94, 30, 15, 20, 83, 40, 98, 19, 52, 50, 97, 82, 62, 3, 11, 32, 92, 73, 38, 17, 72, 96, 10, 56, 99, 39, 25, 4, 18, 28, 67, 59, 42, 45, 69, 64, 51, 87, 60, 77, 78, 31, 46, 43, 65, 27, 80, 55, 57, 81, 86, 66, 89, 90, 44]项目工期为：268.0；项目成本为：120779.30000000002
染色体结构为:
[22, 6, 65, 61, 9, 26, 74, 75, 33, 13, 30, 99, 97, 35, 95, 47, 21, 11, 1, 88, 63, 96, 7, 28, 14, 23, 2, 36, 72, 45, 81, 54, 37, 84, 60, 41, 94, 39, 38, 100, 16, 93, 3, 53, 71, 44, 98, 15, 79, 69, 52, 58, 18, 70, 32, 83, 24, 5, 68, 31, 46, 4, 34, 17, 8, 20, 76, 29, 92, 91, 25, 49, 19, 10, 73, 62, 85, 55, 82, 64, 57, 27, 50, 67, 51, 78, 48, 87, 56, 40, 77, 42, 43, 89, 86, 59, 80, 12, 66, 90]项目工期为：250.0；项目成本为：125086.09999999998
染色体结构为:
[22, 9, 6, 74, 61, 97, 47, 30, 29, 34, 41, 32, 68, 79, 3, 63, 40, 64, 25, 71, 53, 10, 88, 76, 12, 15, 26, 33, 94, 65, 70, 99, 75, 52, 13, 35, 11, 95, 100, 48, 21, 5, 96, 73, 98, 58, 28, 69, 50, 84, 87, 4, 77, 49, 46, 7, 1, 67, 36, 23, 14, 72, 81, 37, 54, 93, 2, 39, 60, 44, 45, 38, 16, 83, 19, 8, 91, 59, 51, 27, 24, 56, 18, 31, 57, 20, 92, 82, 85, 66, 78, 86, 62, 17, 43, 89, 42, 80, 90, 55]项目工期为：422.0；项目成本为：84941.2
染色体结构为:
[22, 61, 6, 9, 75, 26, 74, 53, 36, 29, 70, 5, 84, 71, 48, 35, 79, 68, 12, 21, 2, 91, 13, 41, 76, 63, 14, 24, 16, 1, 54, 49, 95, 23, 93, 100, 88, 37, 7, 34, 58, 85, 8, 47, 33, 30, 94, 15, 83, 98, 20, 40, 52, 19, 50, 97, 82, 3, 62, 92, 11, 32, 73, 38, 17, 72, 96, 10, 56, 25, 99, 39, 4, 18, 28, 59, 67, 42, 69, 45, 64, 87, 51, 60, 78, 77, 46, 31, 43, 65, 80, 27, 55, 57, 81, 86, 66, 90, 89, 44]项目工期为：267.0；项目成本为：120860.20000000003
染色体结构为:
[22, 35, 6, 61, 26, 65, 74, 9, 75, 33, 13, 99, 30, 97, 41, 29, 32, 34, 68, 63, 40, 64, 79, 25, 3, 71, 53, 10, 88, 15, 76, 47, 94, 12, 52, 70, 100, 73, 48, 5, 98, 28, 96, 50, 69, 58, 84, 87, 4, 77, 21, 46, 7, 95, 11, 49, 1, 67, 14, 23, 2, 36, 81, 72, 37, 45, 38, 39, 93, 44, 60, 19, 54, 59, 51, 91, 16, 8, 18, 27, 83, 24, 57, 56, 66, 82, 86, 85, 31, 62, 42, 92, 20, 55, 80, 17, 43, 89, 78, 90]项目工期为：375.0；项目成本为：91482.70000000001
染色体结构为:
[47, 9, 6, 30, 74, 97, 22, 34, 32, 29, 41, 79, 68, 65, 61, 13, 75, 26, 99, 33, 52, 88, 100, 5, 48, 63, 40, 3, 53, 25, 71, 64, 76, 12, 10, 94, 15, 98, 70, 73, 28, 96, 69, 58, 50, 35, 87, 21, 84, 77, 4, 7, 95, 46, 11, 49, 1, 67, 14, 23, 2, 36, 81, 72, 45, 37, 39, 93, 38, 54, 44, 60, 51, 59, 19, 27, 8, 91, 16, 83, 18, 57, 24, 82, 66, 56, 86, 85, 31, 62, 20, 92, 42, 55, 17, 43, 78, 90, 80, 89]项目工期为：382.0；项目成本为：90223.20000000003
染色体结构为:
[22, 61, 9, 6, 75, 26, 74, 53, 36, 5, 29, 70, 84, 48, 71, 79, 35, 68, 21, 76, 12, 2, 91, 13, 41, 14, 24, 16, 1, 63, 49, 54, 23, 93, 100, 37, 95, 88, 7, 58, 34, 85, 8, 33, 47, 30, 94, 15, 20, 83, 40, 98, 52, 19, 50, 97, 82, 62, 3, 11, 32, 73, 92, 38, 17, 72, 96, 10, 56, 99, 39, 25, 4, 18, 28, 67, 59, 42, 45, 69, 64, 51, 87, 60, 77, 78, 46, 31, 43, 65, 27, 80, 55, 57, 81, 86, 66, 89, 90, 44]项目工期为：268.0；项目成本为：120779.30000000002
染色体结构为:
[9, 6, 22, 97, 30, 29, 74, 68, 41, 32, 34, 40, 63, 3, 64, 25, 79, 53, 10, 76, 71, 88, 26, 15, 65, 33, 99, 61, 75, 12, 94, 47, 100, 52, 48, 70, 73, 13, 5, 98, 96, 28, 58, 50, 35, 69, 87, 84, 21, 4, 77, 7, 46, 95, 49, 11, 67, 1, 23, 14, 81, 72, 2, 36, 45, 37, 39, 38, 60, 93, 44, 54, 19, 51, 59, 91, 8, 27, 16, 83, 18, 24, 57, 56, 82, 66, 86, 31, 85, 62, 92, 20, 42, 55, 17, 80, 43, 89, 78, 90]项目工期为：398.0；项目成本为：87649.80000000003
染色体结构为:
[35, 22, 95, 47, 21, 1, 11, 63, 61, 28, 99, 96, 88, 7, 14, 23, 36, 72, 45, 54, 2, 81, 60, 37, 84, 39, 41, 100, 38, 93, 94, 33, 16, 97, 3, 53, 9, 71, 44, 52, 98, 69, 79, 30, 15, 18, 70, 58, 24, 26, 32, 83, 46, 5, 31, 4, 34, 8, 68, 17, 20, 29, 76, 49, 92, 25, 74, 91, 75, 48, 6, 13, 12, 85, 40, 19, 50, 62, 82, 73, 59, 10, 56, 42, 67, 51, 64, 65, 78, 87, 77, 43, 80, 55, 57, 27, 86, 66, 90, 89]项目工期为：256.0；项目成本为：123715.40000000002
染色体结构为:
[6, 61, 9, 22, 74, 75, 33, 65, 13, 52, 26, 99, 100, 88, 48, 5, 29, 41, 97, 68, 32, 63, 30, 34, 79, 53, 3, 71, 64, 40, 25, 76, 10, 12, 98, 47, 94, 15, 70, 96, 73, 28, 69, 35, 58, 50, 4, 87, 84, 21, 95, 77, 11, 49, 7, 14, 46, 67, 1, 36, 81, 23, 2, 72, 54, 37, 39, 45, 93, 60, 38, 16, 19, 44, 83, 91, 27, 59, 24, 8, 51, 56, 31, 57, 18, 92, 82, 66, 85, 20, 17, 78, 62, 86, 42, 43, 90, 89, 80, 55]项目工期为：471.0；项目成本为：80050.39999999995
染色体结构为:
[9, 6, 22, 65, 61, 75, 13, 74, 26, 33, 52, 99, 88, 100, 5, 48, 41, 29, 68, 30, 97, 32, 79, 34, 63, 3, 40, 64, 53, 25, 10, 71, 12, 76, 47, 94, 98, 15, 96, 73, 70, 58, 28, 69, 35, 50, 4, 87, 84, 21, 11, 95, 77, 49, 7, 46, 1, 67, 36, 14, 23, 81, 72, 93, 54, 2, 37, 39, 45, 60, 44, 16, 83, 38, 19, 91, 8, 59, 24, 51, 56, 27, 31, 57, 18, 82, 92, 85, 20, 66, 78, 62, 17, 86, 43, 89, 42, 90, 80, 55]项目工期为：463.0；项目成本为：80554.99999999997
染色体结构为:
[9, 22, 6, 97, 30, 74, 29, 68, 41, 34, 32, 40, 63, 25, 64, 3, 79, 10, 71, 53, 76, 88, 26, 15, 65, 33, 99, 61, 75, 94, 12, 47, 70, 52, 100, 48, 73, 13, 5, 96, 98, 28, 50, 58, 69, 87, 35, 84, 77, 21, 4, 46, 7, 49, 11, 95, 67, 1, 23, 81, 14, 2, 36, 45, 72, 37, 38, 39, 60, 93, 44, 54, 19, 51, 59, 8, 91, 83, 27, 24, 16, 56, 18, 82, 57, 66, 86, 31, 62, 20, 85, 17, 55, 92, 80, 42, 43, 89, 78, 90]项目工期为：356.0；项目成本为：95197.00000000004
染色体结构为:
[6, 61, 22, 9, 74, 75, 33, 65, 13, 52, 26, 99, 88, 100, 48, 5, 29, 41, 97, 68, 32, 63, 30, 34, 53, 79, 3, 71, 64, 40, 25, 76, 10, 12, 98, 47, 94, 15, 70, 96, 73, 28, 69, 35, 50, 58, 4, 87, 21, 84, 95, 77, 11, 49, 7, 14, 46, 67, 1, 36, 81, 23, 2, 72, 54, 37, 39, 45, 93, 60, 16, 38, 19, 44, 83, 91, 27, 59, 24, 8, 51, 56, 31, 57, 18, 92, 82, 66, 85, 20, 17, 78, 86, 62, 42, 43, 90, 89, 80, 55]项目工期为：462.0；项目成本为：80750.49999999996
染色体结构为:
[35, 47, 11, 21, 1, 95, 99, 88, 61, 28, 63, 96, 7, 23, 14, 72, 2, 36, 81, 54, 45, 84, 60, 37, 41, 100, 94, 93, 38, 33, 39, 16, 97, 3, 22, 6, 26, 9, 75, 53, 65, 74, 44, 71, 79, 52, 69, 98, 58, 18, 24, 32, 5, 46, 31, 83, 30, 34, 15, 4, 29, 70, 85, 92, 50, 87, 68, 8, 73, 27, 59, 49, 56, 12, 76, 91, 20, 86, 17, 77, 10, 40, 42, 66, 64, 48, 78, 67, 25, 19, 43, 62, 55, 82, 57, 89, 51, 90, 13, 80]项目工期为：291.0；项目成本为：114038.40000000001
染色体结构为:
[74, 30, 95, 11, 21, 35, 47, 1, 99, 61, 63, 88, 96, 7, 23, 28, 72, 14, 81, 36, 2, 45, 37, 84, 54, 41, 60, 100, 93, 94, 39, 38, 33, 16, 9, 97, 6, 75, 3, 26, 22, 53, 65, 44, 71, 69, 79, 52, 98, 24, 18, 32, 5, 46, 58, 34, 83, 15, 31, 29, 70, 85, 50, 4, 87, 73, 68, 8, 27, 92, 59, 56, 76, 49, 12, 91, 20, 86, 40, 17, 10, 42, 64, 43, 77, 66, 48, 55, 67, 19, 82, 78, 25, 57, 62, 51, 90, 13, 89, 80]项目工期为：298.0；项目成本为：111525.29999999999
染色体结构为:
[9, 22, 74, 6, 61, 97, 47, 30, 29, 34, 41, 32, 68, 3, 79, 63, 64, 25, 40, 71, 10, 88, 53, 12, 76, 15, 26, 94, 33, 65, 70, 99, 52, 75, 13, 35, 11, 100, 95, 48, 5, 21, 96, 73, 98, 58, 28, 50, 69, 84, 87, 77, 4, 49, 46, 7, 1, 67, 36, 23, 14, 72, 81, 37, 54, 93, 2, 39, 60, 44, 45, 16, 38, 83, 19, 8, 91, 59, 51, 27, 24, 56, 18, 31, 57, 20, 82, 92, 85, 66, 78, 86, 62, 17, 43, 89, 80, 42, 90, 55]项目工期为：424.0；项目成本为：84908.29999999999
染色体结构为:
[22, 6, 61, 65, 75, 9, 74, 13, 26, 33, 52, 99, 88, 100, 5, 29, 48, 41, 97, 68, 30, 32, 79, 34, 63, 3, 40, 53, 64, 25, 10, 71, 12, 76, 47, 15, 94, 98, 96, 70, 73, 28, 35, 69, 58, 50, 87, 84, 4, 21, 77, 95, 49, 11, 46, 67, 7, 36, 14, 1, 81, 23, 72, 37, 54, 45, 2, 93, 19, 39, 44, 91, 38, 51, 60, 16, 8, 83, 27, 24, 56, 59, 18, 66, 57, 31, 92, 82, 85, 86, 78, 43, 20, 62, 17, 89, 90, 42, 80, 55]项目工期为：417.0；项目成本为：85695.40000000001
染色体结构为:
[9, 6, 47, 97, 11, 21, 35, 99, 95, 1, 61, 63, 88, 28, 23, 7, 72, 96, 36, 14, 22, 2, 74, 26, 75, 53, 70, 54, 29, 81, 45, 84, 60, 41, 39, 37, 100, 94, 33, 93, 3, 38, 16, 71, 44, 69, 79, 98, 18, 52, 58, 24, 32, 46, 5, 31, 83, 34, 65, 85, 4, 50, 30, 87, 15, 49, 91, 10, 40, 19, 8, 25, 48, 17, 12, 13, 77, 92, 82, 43, 27, 64, 51, 67, 76, 73, 68, 62, 55, 20, 56, 57, 78, 42, 89, 59, 90, 66, 86, 80]项目工期为：272.0；项目成本为：119015.3
染色体结构为:
[35, 22, 47, 95, 21, 11, 1, 99, 63, 61, 88, 28, 7, 96, 23, 14, 72, 2, 36, 54, 81, 45, 37, 84, 60, 39, 41, 94, 33, 38, 100, 16, 93, 3, 97, 9, 44, 53, 71, 98, 69, 79, 15, 26, 6, 75, 70, 74, 5, 29, 48, 68, 12, 13, 91, 76, 24, 58, 34, 49, 85, 8, 30, 83, 20, 19, 40, 82, 50, 52, 62, 32, 73, 92, 10, 17, 56, 4, 18, 25, 59, 67, 51, 42, 87, 64, 31, 78, 46, 77, 65, 80, 43, 27, 55, 66, 57, 89, 90, 86]项目工期为：263.0；项目成本为：121918.30000000002
染色体结构为:
[35, 22, 95, 21, 47, 1, 11, 63, 28, 61, 99, 88, 96, 7, 14, 23, 36, 72, 45, 54, 2, 81, 60, 84, 39, 37, 41, 100, 38, 93, 94, 16, 33, 97, 3, 53, 71, 9, 44, 52, 98, 69, 30, 79, 15, 70, 18, 58, 24, 26, 32, 46, 83, 5, 4, 31, 34, 68, 8, 17, 20, 29, 76, 49, 92, 25, 74, 75, 91, 6, 48, 13, 12, 85, 40, 19, 62, 50, 82, 73, 10, 59, 42, 67, 56, 64, 51, 65, 78, 87, 43, 77, 80, 55, 57, 27, 86, 66, 90, 89]项目工期为：254.0；项目成本为：124025.80000000003
染色体结构为:
[35, 21, 47, 95, 1, 97, 11, 29, 74, 68, 41, 30, 9, 6, 40, 34, 22, 32, 63, 10, 79, 64, 26, 61, 65, 99, 13, 33, 75, 100, 52, 88, 5, 48, 69, 98, 96, 70, 73, 28, 50, 58, 77, 84, 87, 25, 67, 4, 7, 19, 76, 46, 49, 81, 91, 3, 71, 44, 51, 36, 23, 14, 72, 54, 2, 60, 37, 45, 93, 39, 38, 94, 53, 16, 8, 18, 15, 24, 27, 83, 82, 59, 12, 31, 57, 56, 85, 66, 86, 55, 92, 62, 20, 42, 43, 17, 80, 78, 90, 89]项目工期为：336.0；项目成本为：100718.0
染色体结构为:
[22, 9, 74, 6, 61, 97, 47, 29, 30, 34, 41, 32, 68, 3, 79, 63, 64, 25, 40, 10, 71, 88, 53, 12, 76, 15, 26, 33, 94, 70, 65, 99, 52, 75, 13, 35, 11, 100, 95, 48, 5, 21, 96, 73, 98, 58, 28, 50, 69, 84, 87, 77, 4, 46, 49, 7, 67, 36, 1, 23, 14, 72, 81, 37, 54, 93, 2, 39, 60, 44, 45, 16, 38, 83, 19, 8, 91, 59, 51, 27, 24, 56, 18, 57, 31, 20, 82, 85, 92, 66, 78, 86, 62, 17, 43, 89, 80, 42, 90, 55]项目工期为：419.0；项目成本为：85340.49999999999
染色体结构为:
[35, 47, 22, 95, 11, 61, 21, 1, 99, 63, 28, 88, 96, 7, 23, 72, 14, 36, 2, 54, 45, 37, 81, 60, 84, 41, 39, 94, 33, 38, 16, 100, 93, 97, 3, 9, 53, 71, 44, 69, 79, 98, 52, 30, 70, 18, 15, 58, 32, 24, 26, 46, 83, 5, 34, 31, 68, 8, 17, 4, 20, 76, 29, 92, 25, 49, 75, 91, 19, 62, 10, 73, 65, 64, 85, 55, 82, 27, 57, 74, 67, 50, 51, 78, 48, 56, 87, 42, 40, 77, 43, 13, 6, 80, 86, 89, 12, 66, 59, 90]项目工期为：260.0；项目成本为：122725.4
染色体结构为:
[22, 61, 6, 9, 47, 97, 30, 74, 34, 29, 41, 32, 79, 3, 26, 75, 65, 33, 13, 52, 99, 88, 100, 5, 68, 48, 63, 40, 53, 64, 25, 10, 76, 12, 71, 15, 98, 94, 96, 69, 73, 70, 58, 35, 28, 50, 87, 4, 84, 21, 11, 77, 95, 49, 67, 7, 1, 36, 14, 46, 23, 72, 81, 54, 2, 37, 39, 93, 45, 60, 44, 83, 38, 16, 91, 19, 8, 27, 24, 56, 59, 31, 51, 18, 82, 57, 20, 92, 85, 66, 78, 62, 17, 86, 43, 80, 55, 89, 42, 90]项目工期为：521.0；项目成本为：77436.29999999999
染色体结构为:
[47, 35, 22, 95, 11, 21, 61, 1, 99, 28, 63, 88, 96, 7, 23, 72, 14, 36, 2, 54, 45, 81, 37, 60, 84, 41, 39, 94, 33, 38, 16, 100, 93, 97, 3, 53, 9, 71, 44, 69, 79, 98, 52, 30, 70, 18, 15, 58, 32, 24, 26, 46, 83, 5, 34, 31, 68, 8, 17, 4, 20, 76, 29, 92, 25, 49, 75, 91, 19, 62, 10, 73, 65, 64, 85, 55, 82, 57, 74, 27, 67, 50, 51, 48, 78, 56, 87, 40, 42, 77, 43, 13, 6, 80, 86, 89, 12, 66, 59, 90]项目工期为：260.0；项目成本为：122725.4
染色体结构为:
[9, 6, 47, 97, 11, 35, 21, 99, 95, 61, 1, 63, 28, 88, 23, 7, 72, 96, 14, 36, 22, 2, 74, 75, 26, 53, 70, 54, 29, 81, 45, 60, 41, 37, 84, 39, 100, 94, 33, 93, 38, 16, 71, 3, 69, 44, 79, 98, 52, 18, 24, 32, 58, 46, 5, 83, 34, 31, 65, 85, 4, 50, 30, 87, 15, 49, 10, 91, 40, 19, 8, 25, 17, 48, 12, 77, 92, 13, 82, 43, 51, 27, 64, 67, 76, 68, 73, 62, 20, 56, 55, 78, 57, 59, 42, 89, 90, 66, 86, 80]项目工期为：281.0；项目成本为：116948.90000000001
染色体结构为:
[9, 22, 6, 30, 74, 97, 29, 41, 68, 32, 34, 40, 63, 64, 25, 3, 79, 10, 53, 71, 76, 88, 26, 65, 15, 99, 33, 75, 61, 12, 47, 94, 52, 70, 100, 48, 73, 5, 13, 98, 28, 96, 69, 58, 50, 35, 87, 84, 4, 21, 77, 7, 95, 46, 49, 1, 11, 67, 14, 23, 2, 81, 36, 72, 45, 39, 37, 38, 93, 54, 44, 51, 60, 19, 59, 27, 8, 91, 16, 83, 18, 57, 24, 66, 82, 56, 86, 31, 85, 20, 62, 92, 55, 42, 17, 43, 80, 78, 90, 89]项目工期为：390.0；项目成本为：88852.70000000004
染色体结构为:
[22, 6, 61, 9, 26, 75, 53, 74, 36, 29, 70, 5, 71, 84, 48, 35, 79, 21, 68, 12, 2, 76, 13, 91, 41, 24, 14, 16, 63, 1, 54, 23, 95, 93, 49, 100, 37, 58, 7, 88, 34, 8, 85, 33, 47, 94, 30, 15, 20, 98, 83, 40, 52, 19, 50, 82, 97, 3, 62, 11, 92, 32, 73, 38, 72, 17, 96, 10, 99, 56, 4, 25, 39, 18, 28, 59, 67, 42, 45, 69, 64, 51, 87, 60, 78, 77, 46, 31, 65, 43, 80, 27, 55, 57, 81, 86, 66, 90, 89, 44]项目工期为：269.0；项目成本为：119772.10000000003
染色体结构为:
[6, 61, 9, 75, 22, 74, 13, 65, 33, 26, 52, 99, 100, 88, 48, 29, 5, 41, 68, 97, 32, 30, 34, 63, 79, 40, 53, 3, 71, 64, 25, 76, 10, 47, 12, 15, 98, 94, 70, 96, 73, 28, 69, 58, 35, 50, 87, 4, 84, 95, 21, 77, 11, 7, 49, 67, 14, 1, 46, 23, 36, 72, 81, 37, 54, 2, 39, 45, 93, 60, 38, 19, 16, 44, 83, 91, 27, 59, 24, 51, 8, 56, 31, 57, 18, 82, 92, 85, 66, 78, 20, 17, 62, 86, 42, 43, 89, 90, 80, 55]项目工期为：445.0；项目成本为：82334.0
染色体结构为:
[22, 6, 65, 61, 9, 75, 26, 74, 33, 13, 30, 99, 97, 35, 21, 95, 47, 1, 11, 88, 63, 96, 28, 7, 14, 23, 2, 36, 72, 45, 81, 54, 84, 37, 60, 41, 94, 39, 38, 100, 16, 93, 3, 71, 53, 44, 98, 15, 79, 69, 52, 58, 70, 18, 32, 83, 24, 5, 68, 31, 4, 46, 34, 17, 8, 20, 76, 29, 25, 92, 49, 91, 19, 10, 62, 73, 85, 55, 82, 57, 64, 27, 67, 50, 51, 78, 87, 56, 48, 40, 77, 42, 43, 89, 59, 86, 80, 12, 66, 90]项目工期为：253.0；项目成本为：124898.7
染色体结构为:
[9, 47, 61, 97, 6, 75, 22, 74, 65, 33, 13, 26, 52, 99, 88, 48, 5, 100, 29, 41, 68, 32, 30, 34, 79, 3, 63, 40, 53, 64, 25, 71, 10, 12, 76, 15, 70, 94, 98, 96, 28, 69, 73, 58, 50, 35, 87, 4, 84, 11, 21, 49, 95, 77, 7, 67, 46, 1, 23, 36, 14, 81, 2, 72, 54, 37, 93, 45, 60, 39, 44, 16, 38, 19, 8, 83, 27, 59, 91, 56, 24, 51, 57, 18, 31, 82, 92, 85, 20, 78, 66, 86, 17, 43, 62, 42, 89, 80, 90, 55]项目工期为：465.0；项目成本为：80379.09999999998
染色体结构为:
[74, 22, 6, 61, 65, 26, 9, 75, 13, 33, 99, 30, 97, 29, 41, 32, 34, 40, 68, 63, 64, 25, 79, 3, 71, 53, 10, 15, 88, 76, 47, 94, 12, 52, 100, 70, 73, 5, 48, 98, 28, 96, 69, 50, 58, 35, 84, 87, 4, 77, 21, 46, 7, 11, 95, 49, 1, 67, 23, 14, 2, 36, 81, 72, 45, 37, 38, 39, 93, 60, 44, 54, 19, 59, 91, 51, 16, 18, 8, 27, 83, 24, 56, 66, 57, 82, 86, 85, 31, 62, 92, 42, 20, 80, 17, 43, 55, 89, 78, 90]项目工期为：360.0；项目成本为：94384.00000000001
染色体结构为:
[6, 61, 9, 22, 75, 74, 65, 33, 13, 26, 88, 52, 99, 100, 48, 5, 29, 97, 41, 30, 68, 32, 34, 79, 63, 64, 25, 3, 40, 53, 71, 10, 47, 76, 12, 94, 15, 96, 70, 73, 98, 69, 28, 50, 35, 58, 87, 4, 84, 21, 11, 49, 95, 7, 77, 46, 67, 1, 36, 23, 14, 81, 2, 72, 54, 93, 37, 45, 39, 60, 44, 16, 38, 19, 83, 8, 91, 27, 59, 24, 56, 51, 18, 57, 31, 82, 92, 85, 20, 78, 86, 66, 17, 43, 62, 42, 80, 89, 90, 55]项目工期为：460.0；项目成本为：81061.29999999996
染色体结构为:
[22, 9, 6, 30, 97, 74, 29, 68, 41, 32, 34, 63, 40, 3, 64, 25, 79, 10, 53, 76, 71, 88, 15, 26, 33, 65, 99, 75, 61, 12, 47, 94, 100, 52, 48, 70, 73, 13, 5, 98, 96, 58, 28, 69, 50, 35, 87, 84, 21, 77, 4, 7, 46, 95, 49, 11, 67, 14, 1, 23, 81, 72, 2, 36, 37, 45, 39, 38, 60, 93, 44, 54, 51, 19, 59, 8, 91, 16, 83, 27, 18, 24, 57, 56, 82, 66, 86, 31, 85, 92, 17, 78, 20, 43, 62, 89, 42, 55, 90, 80]项目工期为：383.0；项目成本为：90143.20000000003
染色体结构为:
[9, 6, 22, 97, 30, 29, 74, 68, 41, 32, 34, 40, 63, 3, 64, 25, 79, 53, 10, 76, 71, 88, 26, 15, 65, 33, 61, 99, 75, 12, 94, 47, 100, 52, 48, 70, 73, 13, 5, 98, 96, 28, 58, 50, 35, 69, 87, 84, 21, 4, 77, 7, 46, 95, 49, 11, 67, 1, 23, 14, 81, 72, 2, 36, 45, 37, 39, 38, 60, 93, 44, 19, 54, 51, 59, 91, 8, 27, 83, 16, 18, 24, 57, 56, 82, 66, 86, 31, 85, 92, 62, 20, 42, 55, 17, 80, 43, 89, 78, 90]项目工期为：398.0；项目成本为：87649.80000000003
染色体结构为:
[9, 47, 6, 97, 11, 35, 21, 1, 61, 95, 99, 88, 28, 63, 7, 96, 23, 14, 36, 2, 72, 54, 81, 84, 45, 37, 100, 60, 41, 93, 38, 94, 33, 39, 16, 22, 26, 3, 65, 44, 75, 53, 79, 74, 71, 69, 98, 58, 52, 32, 18, 24, 5, 46, 31, 30, 83, 34, 15, 4, 29, 70, 50, 85, 92, 87, 68, 8, 73, 59, 27, 49, 56, 12, 76, 91, 20, 17, 86, 10, 77, 42, 40, 48, 66, 64, 78, 67, 19, 25, 43, 55, 62, 57, 82, 51, 89, 90, 13, 80]项目工期为：293.0；项目成本为：112710.39999999998
染色体结构为:
[35, 47, 22, 95, 11, 61, 21, 1, 99, 63, 28, 88, 96, 7, 72, 23, 14, 36, 2, 54, 37, 45, 81, 60, 84, 41, 39, 33, 94, 38, 16, 100, 93, 97, 3, 9, 53, 71, 44, 69, 79, 98, 52, 30, 70, 18, 58, 15, 32, 24, 26, 46, 83, 34, 5, 68, 31, 8, 17, 4, 20, 76, 29, 92, 25, 49, 75, 91, 19, 62, 10, 73, 65, 64, 85, 55, 82, 27, 57, 74, 50, 67, 51, 78, 48, 56, 87, 42, 40, 77, 13, 43, 6, 86, 80, 89, 12, 66, 90, 59]项目工期为：260.0；项目成本为：122725.4
染色体结构为:
[9, 6, 47, 97, 11, 21, 35, 99, 95, 1, 63, 61, 88, 23, 28, 7, 72, 36, 96, 14, 2, 22, 26, 74, 75, 53, 70, 54, 29, 81, 45, 84, 41, 60, 39, 37, 100, 94, 33, 93, 3, 38, 16, 71, 44, 69, 79, 98, 18, 52, 24, 58, 32, 46, 31, 83, 5, 34, 65, 85, 4, 50, 30, 87, 15, 49, 91, 10, 40, 19, 8, 25, 48, 17, 12, 13, 77, 92, 82, 43, 27, 51, 64, 67, 76, 73, 68, 62, 55, 20, 56, 57, 78, 42, 59, 89, 90, 66, 80, 86]项目工期为：274.0；项目成本为：118835.29999999997
染色体结构为:
[9, 97, 47, 6, 61, 22, 75, 74, 65, 13, 33, 52, 99, 26, 100, 88, 48, 5, 29, 41, 68, 32, 34, 63, 30, 79, 3, 40, 71, 53, 64, 25, 76, 12, 10, 98, 15, 94, 70, 96, 73, 28, 69, 58, 35, 50, 4, 87, 84, 21, 77, 95, 11, 49, 7, 14, 67, 46, 1, 36, 81, 23, 72, 2, 39, 37, 54, 45, 60, 93, 38, 16, 19, 83, 44, 91, 59, 27, 24, 51, 8, 31, 56, 18, 57, 82, 85, 92, 20, 66, 78, 17, 62, 86, 42, 43, 89, 90, 80, 55]项目工期为：468.0；项目成本为：80290.89999999998
染色体结构为:
[35, 21, 95, 61, 11, 1, 63, 47, 28, 99, 88, 14, 96, 23, 72, 54, 7, 36, 2, 45, 84, 81, 37, 100, 94, 60, 39, 41, 38, 93, 33, 16, 97, 9, 53, 44, 71, 3, 98, 79, 69, 74, 18, 52, 26, 32, 46, 24, 58, 22, 31, 5, 83, 30, 15, 34, 70, 29, 4, 85, 50, 6, 65, 92, 68, 27, 87, 73, 8, 49, 76, 59, 56, 75, 20, 12, 10, 17, 86, 91, 77, 40, 66, 64, 42, 43, 78, 48, 67, 55, 82, 25, 57, 19, 90, 62, 51, 89, 13, 80]项目工期为：312.0；项目成本为：107063.7
染色体结构为:
[9, 22, 74, 97, 75, 6, 61, 26, 53, 30, 41, 29, 68, 32, 34, 64, 79, 40, 63, 3, 25, 10, 88, 71, 76, 12, 15, 94, 33, 47, 70, 13, 65, 100, 52, 98, 99, 48, 96, 73, 5, 28, 35, 69, 50, 58, 4, 87, 77, 84, 7, 21, 46, 95, 67, 23, 49, 72, 11, 1, 14, 36, 2, 81, 37, 54, 45, 60, 93, 39, 38, 19, 51, 16, 44, 83, 8, 18, 91, 27, 24, 56, 59, 57, 31, 82, 66, 85, 92, 86, 17, 20, 78, 43, 62, 42, 89, 80, 55, 90]项目工期为：353.0；项目成本为：96211.90000000002
染色体结构为:
[35, 47, 21, 95, 1, 99, 61, 11, 63, 88, 7, 28, 96, 14, 23, 36, 72, 54, 2, 81, 37, 45, 60, 84, 100, 39, 33, 41, 38, 16, 93, 94, 9, 97, 3, 53, 44, 79, 71, 52, 98, 69, 74, 58, 26, 18, 24, 46, 22, 32, 5, 31, 34, 30, 70, 83, 4, 65, 15, 29, 85, 50, 6, 87, 92, 73, 68, 8, 27, 49, 56, 59, 91, 76, 75, 17, 12, 20, 10, 86, 77, 42, 66, 40, 64, 48, 55, 78, 13, 25, 67, 19, 51, 82, 57, 62, 43, 90, 89, 80]项目工期为：294.0；项目成本为：111778.30000000002
染色体结构为:
[9, 22, 97, 6, 75, 74, 61, 29, 41, 68, 30, 40, 34, 79, 63, 32, 10, 64, 26, 65, 13, 33, 52, 99, 100, 69, 5, 88, 48, 96, 98, 73, 47, 28, 50, 70, 58, 35, 87, 84, 77, 67, 4, 25, 7, 21, 76, 46, 49, 19, 81, 91, 3, 36, 71, 44, 51, 11, 72, 95, 23, 1, 14, 54, 2, 45, 37, 60, 93, 39, 38, 94, 16, 53, 15, 8, 18, 83, 27, 24, 12, 82, 59, 57, 56, 31, 66, 92, 85, 86, 55, 20, 62, 42, 43, 17, 78, 90, 89, 80]项目工期为：338.0；项目成本为：99683.50000000003
染色体结构为:
[6, 22, 61, 9, 97, 47, 75, 74, 65, 13, 33, 52, 99, 26, 100, 88, 48, 5, 29, 41, 68, 34, 32, 30, 63, 79, 3, 40, 71, 53, 25, 64, 76, 12, 10, 98, 15, 70, 94, 73, 28, 96, 69, 58, 35, 50, 4, 84, 21, 87, 77, 11, 95, 49, 7, 14, 67, 46, 1, 36, 81, 23, 72, 2, 37, 54, 39, 45, 60, 93, 38, 16, 19, 44, 83, 91, 27, 59, 24, 51, 8, 31, 56, 18, 57, 82, 92, 85, 20, 66, 78, 17, 62, 86, 42, 43, 89, 90, 80, 55]项目工期为：427.0；项目成本为：84722.09999999999
染色体结构为:
[47, 9, 6, 97, 30, 22, 34, 74, 29, 41, 32, 79, 68, 3, 40, 64, 63, 71, 25, 26, 61, 65, 33, 13, 75, 52, 88, 100, 99, 48, 5, 53, 12, 10, 76, 15, 98, 96, 94, 70, 69, 73, 28, 58, 50, 35, 87, 4, 21, 84, 11, 77, 95, 49, 67, 7, 46, 1, 14, 23, 36, 72, 2, 81, 54, 37, 39, 93, 60, 45, 83, 44, 38, 16, 91, 19, 8, 24, 59, 27, 56, 31, 51, 18, 57, 82, 20, 85, 66, 92, 86, 78, 62, 17, 43, 80, 89, 55, 90, 42]项目工期为：543.0；项目成本为：76866.39999999998
染色体结构为:
[35, 21, 47, 1, 95, 97, 11, 29, 74, 68, 41, 30, 9, 6, 40, 34, 22, 32, 63, 10, 79, 64, 26, 61, 65, 99, 33, 13, 75, 100, 52, 5, 88, 69, 48, 98, 96, 73, 70, 50, 58, 28, 77, 84, 87, 25, 4, 67, 7, 19, 46, 76, 49, 81, 91, 3, 71, 44, 51, 36, 23, 14, 72, 2, 54, 37, 60, 45, 93, 39, 38, 94, 16, 53, 8, 15, 18, 24, 27, 83, 12, 82, 59, 31, 56, 57, 85, 66, 86, 55, 92, 62, 20, 42, 43, 17, 80, 78, 90, 89]项目工期为：336.0；项目成本为：100718.0
染色体结构为:
[22, 9, 6, 97, 30, 74, 29, 68, 41, 34, 32, 40, 63, 64, 3, 79, 25, 10, 71, 53, 76, 88, 26, 15, 65, 33, 99, 61, 75, 94, 12, 47, 52, 70, 48, 100, 73, 13, 5, 96, 98, 69, 28, 58, 50, 35, 87, 84, 21, 77, 4, 46, 7, 95, 49, 11, 67, 1, 23, 14, 2, 36, 81, 45, 72, 37, 38, 39, 60, 93, 54, 44, 19, 59, 51, 91, 8, 83, 27, 16, 24, 56, 18, 82, 57, 86, 66, 62, 31, 20, 85, 92, 55, 17, 42, 80, 43, 89, 78, 90]项目工期为：363.0；项目成本为：93725.50000000004
染色体结构为:
[6, 61, 9, 75, 22, 65, 74, 13, 33, 26, 99, 52, 100, 88, 48, 5, 29, 97, 41, 30, 68, 34, 32, 63, 3, 79, 40, 53, 71, 64, 76, 47, 25, 10, 12, 15, 98, 94, 96, 70, 28, 73, 69, 35, 50, 87, 58, 84, 4, 95, 21, 11, 77, 49, 7, 67, 14, 46, 1, 23, 36, 72, 2, 81, 37, 54, 45, 39, 93, 38, 60, 19, 44, 16, 91, 8, 59, 83, 27, 51, 24, 56, 31, 18, 82, 57, 85, 92, 66, 78, 86, 20, 17, 43, 62, 42, 89, 90, 80, 55]项目工期为：514.0；项目成本为：77663.19999999998
染色体结构为:
[35, 22, 21, 95, 47, 1, 11, 63, 28, 61, 99, 88, 7, 96, 14, 23, 72, 36, 45, 2, 54, 81, 60, 84, 37, 41, 39, 100, 93, 38, 94, 33, 97, 3, 16, 53, 9, 44, 71, 52, 98, 69, 79, 30, 15, 18, 70, 58, 26, 24, 32, 83, 46, 5, 31, 34, 4, 8, 68, 17, 20, 29, 76, 92, 49, 25, 74, 75, 6, 91, 48, 13, 12, 85, 40, 19, 50, 62, 82, 73, 42, 56, 67, 10, 59, 51, 64, 78, 65, 87, 77, 43, 57, 80, 55, 27, 66, 86, 90, 89]项目工期为：248.0；项目成本为：125471.60000000003
染色体结构为:
[61, 6, 9, 75, 22, 74, 65, 13, 33, 26, 99, 52, 88, 100, 48, 29, 5, 68, 41, 97, 32, 30, 34, 79, 63, 40, 3, 53, 64, 25, 76, 71, 10, 47, 15, 12, 94, 96, 98, 70, 73, 28, 69, 58, 35, 50, 4, 87, 84, 77, 21, 7, 46, 95, 49, 11, 14, 67, 1, 2, 23, 81, 36, 72, 45, 37, 38, 93, 39, 54, 60, 44, 51, 59, 19, 91, 16, 27, 8, 83, 18, 24, 57, 56, 82, 66, 86, 31, 62, 85, 20, 42, 92, 55, 17, 80, 43, 89, 78, 90]项目工期为：407.0；项目成本为：86813.80000000002
染色体结构为:
[35, 47, 21, 95, 11, 1, 99, 61, 63, 88, 96, 28, 23, 72, 14, 7, 36, 54, 2, 81, 45, 84, 100, 37, 41, 60, 39, 94, 33, 93, 16, 38, 97, 9, 3, 71, 53, 44, 98, 69, 79, 52, 74, 18, 26, 32, 46, 58, 24, 22, 83, 5, 31, 30, 15, 70, 34, 85, 4, 29, 50, 6, 65, 87, 68, 92, 8, 27, 73, 59, 49, 76, 56, 75, 20, 12, 86, 17, 91, 10, 66, 77, 40, 42, 64, 43, 78, 48, 67, 55, 82, 19, 62, 25, 57, 51, 13, 90, 80, 89]项目工期为：308.0；项目成本为：108240.7
染色体结构为:
[6, 61, 9, 22, 75, 74, 33, 65, 13, 26, 88, 52, 99, 100, 48, 5, 29, 97, 41, 30, 68, 32, 34, 79, 63, 64, 25, 3, 40, 53, 71, 47, 10, 76, 12, 94, 15, 96, 73, 70, 98, 69, 28, 50, 35, 58, 87, 4, 84, 21, 11, 49, 95, 7, 77, 46, 67, 1, 23, 36, 81, 14, 2, 54, 72, 37, 45, 93, 39, 60, 44, 16, 38, 83, 19, 8, 91, 27, 59, 24, 56, 51, 18, 57, 31, 92, 82, 20, 85, 78, 86, 66, 17, 43, 62, 80, 42, 89, 90, 55]项目工期为：451.0；项目成本为：81475.29999999996
染色体结构为:
[35, 21, 47, 95, 97, 9, 6, 74, 30, 29, 41, 22, 26, 61, 75, 13, 65, 33, 52, 100, 99, 5, 88, 34, 73, 98, 48, 28, 69, 68, 96, 79, 32, 40, 64, 53, 63, 25, 3, 10, 71, 12, 70, 76, 94, 15, 50, 87, 58, 4, 84, 77, 46, 7, 67, 19, 49, 81, 44, 91, 51, 36, 23, 11, 1, 14, 2, 37, 72, 60, 54, 45, 16, 39, 93, 8, 38, 18, 24, 27, 83, 59, 56, 31, 82, 57, 66, 85, 92, 55, 86, 62, 20, 78, 42, 17, 43, 80, 90, 89]项目工期为：332.0；项目成本为：102257.3
染色体结构为:
[61, 6, 9, 75, 22, 74, 65, 13, 52, 33, 26, 99, 88, 100, 48, 29, 5, 41, 68, 97, 32, 30, 34, 63, 79, 3, 40, 53, 71, 64, 25, 76, 47, 12, 10, 98, 15, 94, 70, 96, 73, 69, 28, 58, 35, 50, 87, 4, 84, 21, 77, 95, 11, 49, 7, 67, 14, 46, 1, 36, 23, 81, 72, 2, 37, 54, 39, 45, 93, 60, 38, 16, 19, 44, 83, 91, 27, 24, 59, 51, 8, 31, 56, 18, 57, 82, 92, 85, 66, 20, 78, 17, 62, 86, 42, 43, 89, 90, 80, 55]项目工期为：458.0；项目成本为：81213.29999999996
染色体结构为:
[9, 47, 97, 6, 21, 11, 35, 1, 95, 61, 99, 88, 28, 63, 7, 96, 14, 23, 36, 72, 2, 54, 81, 84, 45, 37, 100, 41, 38, 60, 94, 93, 33, 39, 16, 22, 26, 3, 65, 44, 53, 75, 74, 79, 71, 98, 69, 58, 52, 32, 18, 24, 46, 5, 30, 83, 31, 34, 29, 4, 15, 70, 50, 85, 87, 92, 68, 73, 8, 59, 27, 49, 56, 12, 76, 91, 17, 20, 86, 10, 77, 42, 40, 66, 48, 64, 78, 25, 67, 19, 43, 55, 57, 51, 62, 82, 89, 90, 13, 80]项目工期为：288.0；项目成本为：114102.59999999999
染色体结构为:
[9, 97, 47, 6, 74, 30, 22, 34, 29, 41, 32, 79, 3, 26, 61, 65, 75, 13, 33, 52, 99, 88, 100, 5, 68, 48, 63, 40, 64, 25, 76, 53, 10, 12, 98, 71, 15, 94, 96, 69, 73, 70, 28, 58, 35, 50, 84, 4, 87, 11, 95, 21, 77, 67, 49, 7, 14, 36, 1, 23, 46, 81, 54, 2, 72, 93, 39, 37, 60, 45, 44, 16, 38, 83, 91, 19, 8, 27, 59, 24, 56, 31, 51, 18, 82, 20, 57, 92, 85, 66, 78, 17, 62, 86, 80, 43, 55, 42, 89, 90]项目工期为：486.0；项目成本为：78888.79999999997
染色体结构为:
[9, 47, 6, 97, 21, 11, 35, 1, 95, 61, 99, 88, 28, 63, 7, 96, 14, 36, 23, 2, 72, 54, 81, 84, 45, 37, 100, 41, 38, 93, 60, 94, 16, 39, 33, 26, 22, 65, 3, 44, 75, 53, 74, 79, 71, 98, 69, 58, 52, 32, 18, 24, 46, 5, 30, 31, 34, 83, 15, 29, 4, 70, 50, 87, 85, 92, 68, 73, 8, 59, 56, 27, 12, 49, 91, 76, 17, 20, 86, 77, 10, 40, 42, 66, 48, 78, 64, 67, 25, 19, 43, 55, 57, 62, 13, 51, 82, 89, 80, 90]项目工期为：287.0；项目成本为：114564.69999999998
染色体结构为:
[35, 21, 47, 95, 1, 97, 11, 29, 68, 74, 41, 30, 6, 9, 40, 34, 22, 32, 63, 10, 79, 64, 26, 61, 65, 13, 99, 33, 75, 100, 52, 5, 88, 69, 98, 48, 96, 73, 70, 50, 28, 58, 77, 84, 87, 25, 4, 67, 7, 19, 46, 76, 49, 91, 81, 3, 71, 44, 51, 36, 23, 14, 72, 54, 2, 37, 60, 45, 93, 39, 38, 94, 16, 53, 8, 18, 24, 27, 15, 83, 12, 82, 31, 59, 56, 57, 85, 66, 86, 55, 92, 62, 20, 42, 43, 17, 80, 78, 90, 89]项目工期为：334.0；项目成本为：101428.29999999999
染色体结构为:
[22, 35, 21, 95, 47, 1, 11, 63, 61, 28, 99, 88, 96, 7, 14, 23, 36, 72, 45, 54, 81, 60, 2, 84, 39, 37, 41, 100, 38, 93, 94, 16, 33, 3, 53, 97, 71, 9, 44, 52, 98, 69, 30, 79, 15, 70, 58, 18, 24, 32, 26, 46, 83, 5, 4, 31, 34, 68, 8, 17, 20, 29, 76, 49, 92, 25, 74, 75, 6, 91, 48, 13, 85, 12, 40, 19, 62, 50, 82, 73, 10, 59, 42, 67, 56, 64, 51, 65, 78, 43, 87, 77, 80, 55, 27, 57, 86, 66, 90, 89]项目工期为：258.0；项目成本为：123506.00000000003
染色体结构为:
[9, 22, 74, 6, 75, 97, 61, 26, 53, 41, 30, 29, 32, 34, 68, 64, 79, 40, 63, 3, 25, 88, 10, 71, 76, 12, 15, 94, 47, 33, 70, 13, 65, 100, 99, 52, 98, 48, 73, 96, 5, 28, 69, 35, 50, 58, 87, 4, 77, 84, 7, 21, 46, 95, 67, 23, 49, 72, 11, 1, 14, 36, 81, 2, 37, 45, 54, 60, 39, 38, 93, 19, 51, 16, 44, 8, 83, 18, 91, 27, 24, 56, 59, 57, 31, 82, 66, 85, 86, 92, 17, 20, 78, 43, 62, 89, 42, 80, 55, 90]项目工期为：364.0；项目成本为：93723.00000000001
染色体结构为:
[6, 61, 9, 75, 22, 74, 13, 65, 33, 26, 52, 99, 88, 100, 48, 29, 5, 41, 68, 97, 32, 30, 34, 63, 79, 40, 53, 3, 71, 64, 25, 76, 10, 12, 47, 15, 98, 94, 70, 73, 96, 28, 69, 58, 50, 35, 87, 4, 84, 95, 21, 77, 11, 7, 49, 67, 14, 1, 46, 23, 36, 72, 81, 37, 54, 2, 39, 45, 93, 60, 38, 16, 19, 44, 91, 83, 27, 59, 24, 8, 56, 31, 51, 57, 18, 82, 92, 85, 66, 78, 20, 17, 62, 86, 42, 43, 89, 90, 80, 55]项目工期为：445.0；项目成本为：82334.0
染色体结构为:
[6, 61, 9, 75, 22, 65, 74, 13, 26, 33, 99, 52, 88, 100, 48, 29, 5, 97, 41, 30, 68, 34, 32, 3, 63, 79, 53, 40, 71, 64, 47, 76, 25, 10, 12, 15, 98, 94, 96, 70, 28, 73, 69, 35, 50, 87, 58, 84, 4, 95, 21, 11, 49, 77, 67, 7, 14, 46, 1, 23, 36, 72, 2, 37, 81, 54, 45, 39, 93, 38, 60, 19, 44, 16, 91, 8, 83, 59, 27, 51, 24, 56, 31, 18, 82, 57, 85, 66, 92, 78, 86, 20, 17, 43, 62, 42, 89, 90, 80, 55]项目工期为：545.0；项目成本为：76660.9
染色体结构为:
[9, 65, 6, 22, 61, 74, 13, 75, 26, 33, 52, 99, 88, 100, 48, 5, 29, 41, 97, 68, 32, 63, 30, 34, 79, 53, 3, 71, 64, 40, 25, 76, 10, 12, 98, 47, 94, 15, 70, 96, 73, 28, 69, 35, 58, 50, 4, 84, 87, 21, 95, 77, 11, 49, 7, 14, 46, 67, 1, 36, 81, 23, 2, 72, 54, 37, 39, 45, 93, 60, 38, 16, 19, 44, 83, 91, 27, 59, 8, 51, 24, 56, 31, 57, 18, 92, 82, 66, 85, 20, 17, 78, 62, 86, 42, 43, 90, 89, 55, 80]项目工期为：471.0；项目成本为：80050.39999999995
染色体结构为:
[9, 22, 74, 75, 97, 6, 61, 26, 53, 30, 41, 29, 32, 68, 64, 34, 79, 40, 63, 3, 25, 88, 10, 71, 76, 15, 12, 47, 94, 33, 70, 13, 65, 100, 52, 99, 48, 98, 73, 96, 5, 28, 35, 50, 69, 58, 4, 87, 77, 7, 84, 21, 46, 95, 23, 67, 49, 72, 11, 1, 14, 36, 2, 81, 37, 54, 60, 45, 39, 93, 38, 19, 16, 51, 44, 83, 8, 18, 91, 27, 24, 56, 59, 57, 31, 82, 66, 85, 86, 92, 17, 20, 78, 43, 62, 42, 89, 80, 55, 90]项目工期为：354.0；项目成本为：95773.40000000001
染色体结构为:
[61, 6, 9, 75, 22, 74, 13, 65, 33, 52, 26, 99, 88, 100, 48, 29, 5, 41, 97, 68, 32, 30, 34, 79, 40, 3, 53, 63, 64, 71, 47, 25, 76, 10, 12, 15, 94, 98, 70, 96, 73, 69, 35, 28, 58, 50, 87, 84, 4, 95, 21, 11, 49, 77, 7, 67, 14, 46, 1, 36, 23, 72, 81, 2, 37, 54, 45, 39, 93, 60, 19, 16, 44, 83, 38, 91, 59, 27, 8, 24, 51, 56, 31, 57, 82, 18, 92, 85, 78, 66, 20, 17, 62, 86, 42, 43, 80, 89, 55, 90]项目工期为：488.0；项目成本为：78572.59999999998
染色体结构为:
[61, 6, 9, 75, 22, 74, 65, 13, 33, 26, 52, 99, 88, 100, 48, 29, 5, 68, 41, 32, 30, 97, 34, 79, 63, 40, 3, 53, 64, 25, 76, 71, 10, 47, 15, 12, 98, 94, 96, 70, 28, 73, 69, 58, 35, 50, 4, 87, 84, 21, 11, 95, 77, 7, 49, 46, 67, 1, 14, 23, 36, 72, 81, 2, 54, 37, 93, 39, 60, 44, 45, 38, 19, 16, 83, 91, 8, 59, 24, 27, 56, 31, 51, 18, 57, 82, 92, 85, 20, 66, 86, 78, 17, 43, 62, 89, 42, 80, 90, 55]项目工期为：473.0；项目成本为：79644.39999999998
染色体结构为:
[47, 35, 11, 21, 1, 95, 99, 61, 88, 63, 28, 23, 96, 29, 97, 74, 41, 30, 68, 6, 34, 9, 22, 64, 40, 32, 79, 65, 26, 10, 75, 33, 13, 100, 5, 52, 69, 73, 70, 48, 50, 98, 58, 84, 87, 77, 67, 25, 4, 7, 76, 19, 91, 49, 71, 46, 81, 3, 51, 44, 36, 2, 72, 14, 54, 37, 45, 39, 60, 16, 93, 38, 8, 94, 53, 15, 18, 27, 83, 24, 59, 12, 56, 82, 66, 57, 31, 86, 85, 55, 20, 43, 62, 92, 89, 80, 17, 42, 78, 90]项目工期为：333.0；项目成本为：101861.10000000002
染色体结构为:
[6, 9, 61, 75, 22, 65, 74, 33, 13, 26, 99, 88, 52, 100, 48, 5, 29, 41, 68, 32, 97, 30, 34, 79, 63, 40, 3, 53, 64, 25, 71, 47, 10, 12, 15, 94, 76, 70, 96, 28, 98, 73, 69, 50, 58, 87, 35, 84, 4, 95, 21, 11, 7, 67, 77, 14, 46, 49, 1, 36, 23, 81, 72, 2, 37, 39, 54, 45, 93, 60, 38, 19, 16, 44, 91, 59, 83, 27, 24, 51, 18, 56, 8, 57, 31, 82, 66, 85, 86, 92, 20, 17, 78, 43, 42, 89, 62, 55, 80, 90]项目工期为：413.0；项目成本为：86101.79999999999
染色体结构为:
[9, 22, 74, 6, 75, 97, 61, 26, 53, 41, 30, 29, 32, 34, 68, 64, 79, 40, 3, 63, 25, 88, 10, 71, 76, 12, 15, 94, 47, 33, 70, 13, 65, 100, 99, 52, 98, 73, 48, 96, 5, 28, 69, 35, 50, 58, 87, 4, 77, 84, 7, 21, 46, 95, 67, 23, 49, 72, 11, 1, 14, 36, 81, 2, 37, 45, 54, 60, 39, 38, 93, 51, 19, 16, 44, 8, 83, 91, 18, 27, 24, 56, 59, 57, 31, 82, 66, 85, 86, 92, 17, 20, 78, 62, 43, 89, 42, 80, 90, 55]项目工期为：364.0；项目成本为：93723.00000000001
染色体结构为:
[9, 22, 74, 75, 97, 6, 61, 26, 53, 30, 41, 29, 32, 34, 68, 64, 79, 63, 40, 3, 25, 10, 88, 71, 76, 15, 12, 94, 47, 33, 70, 13, 65, 52, 100, 99, 98, 48, 73, 96, 5, 28, 35, 69, 50, 58, 4, 87, 77, 7, 84, 21, 95, 46, 23, 67, 49, 11, 72, 1, 14, 36, 2, 81, 37, 54, 60, 45, 39, 93, 38, 19, 51, 16, 44, 83, 8, 18, 91, 27, 24, 59, 56, 57, 31, 82, 66, 85, 86, 92, 17, 20, 78, 43, 62, 42, 89, 55, 80, 90]项目工期为：362.0；项目成本为：94079.20000000003
染色体结构为:
[61, 6, 75, 9, 22, 74, 65, 13, 33, 26, 99, 88, 52, 48, 100, 5, 29, 41, 68, 97, 32, 30, 34, 79, 40, 53, 64, 3, 63, 71, 25, 47, 76, 10, 12, 94, 15, 98, 70, 96, 73, 58, 28, 69, 35, 50, 87, 4, 84, 95, 11, 21, 77, 49, 7, 14, 67, 46, 1, 23, 36, 81, 72, 2, 37, 54, 39, 45, 60, 93, 38, 19, 16, 83, 91, 44, 59, 27, 24, 51, 8, 56, 31, 57, 18, 82, 85, 92, 66, 78, 17, 20, 62, 42, 43, 86, 90, 80, 89, 55]项目工期为：476.0；项目成本为：79225.89999999997
染色体结构为:
[35, 95, 47, 21, 11, 61, 6, 22, 9, 74, 30, 97, 68, 29, 41, 32, 34, 63, 3, 40, 25, 53, 79, 64, 10, 76, 88, 71, 26, 65, 15, 33, 99, 75, 12, 100, 94, 52, 48, 73, 70, 5, 13, 98, 96, 28, 58, 69, 50, 87, 4, 84, 77, 7, 46, 49, 1, 67, 23, 14, 72, 81, 2, 36, 45, 37, 38, 39, 60, 93, 44, 54, 19, 51, 91, 59, 8, 27, 16, 83, 18, 24, 57, 56, 82, 66, 86, 31, 62, 85, 92, 55, 42, 20, 17, 80, 43, 89, 78, 90]项目工期为：384.0；项目成本为：89965.1
染色体结构为:
[9, 22, 6, 61, 26, 75, 65, 52, 13, 33, 74, 100, 99, 88, 5, 73, 69, 98, 47, 34, 48, 29, 96, 41, 68, 97, 28, 30, 64, 32, 79, 63, 10, 40, 53, 71, 3, 25, 12, 70, 76, 35, 94, 15, 50, 58, 4, 84, 87, 7, 77, 21, 46, 49, 67, 11, 95, 72, 1, 23, 14, 36, 2, 37, 45, 81, 54, 39, 60, 38, 93, 16, 44, 19, 51, 59, 91, 8, 83, 18, 86, 31, 56, 62, 85, 24, 92, 17, 27, 66, 20, 42, 43, 55, 78, 57, 82, 80, 90, 89]项目工期为：317.0；项目成本为：106172.30000000005
染色体结构为:
[6, 61, 75, 9, 74, 22, 33, 65, 13, 52, 99, 26, 88, 100, 5, 48, 29, 41, 68, 32, 97, 30, 79, 34, 63, 3, 53, 40, 64, 71, 47, 25, 10, 12, 76, 15, 94, 70, 98, 28, 96, 69, 73, 50, 58, 35, 87, 4, 84, 95, 21, 11, 67, 7, 77, 14, 49, 46, 1, 23, 36, 81, 72, 2, 54, 39, 45, 37, 60, 93, 38, 44, 19, 51, 8, 83, 16, 91, 18, 27, 24, 56, 59, 57, 31, 82, 85, 66, 20, 17, 86, 92, 43, 78, 62, 89, 42, 55, 90, 80]项目工期为：430.0；项目成本为：83971.7
染色体结构为:
[61, 9, 75, 22, 6, 65, 74, 13, 33, 99, 26, 100, 52, 88, 48, 29, 5, 97, 41, 30, 32, 68, 34, 63, 3, 79, 40, 53, 64, 71, 76, 47, 25, 10, 12, 15, 98, 94, 96, 70, 28, 73, 69, 58, 35, 50, 87, 84, 4, 21, 95, 77, 11, 49, 7, 46, 67, 14, 1, 23, 36, 72, 2, 81, 54, 37, 39, 93, 45, 83, 38, 60, 44, 16, 91, 24, 19, 8, 59, 27, 31, 56, 51, 18, 57, 82, 20, 85, 66, 92, 86, 78, 62, 17, 43, 89, 80, 90, 55, 42]项目工期为：598.0；项目成本为：75424.69999999997
染色体结构为:
[47, 99, 35, 21, 95, 11, 1, 61, 63, 28, 88, 23, 7, 96, 72, 14, 22, 36, 2, 6, 9, 74, 75, 26, 53, 70, 54, 29, 81, 45, 84, 60, 37, 41, 100, 39, 33, 93, 94, 97, 38, 3, 16, 71, 69, 79, 44, 98, 58, 18, 52, 24, 46, 32, 5, 31, 34, 83, 65, 85, 30, 50, 4, 15, 87, 91, 49, 10, 40, 8, 19, 25, 48, 17, 12, 13, 77, 92, 43, 82, 27, 51, 64, 76, 67, 73, 68, 62, 20, 55, 56, 57, 78, 89, 42, 59, 90, 66, 80, 86]项目工期为：278.0；项目成本为：117643.3
染色体结构为:
[9, 22, 74, 75, 97, 6, 61, 26, 53, 30, 41, 29, 32, 68, 64, 34, 79, 40, 63, 3, 25, 88, 71, 10, 76, 15, 12, 47, 94, 33, 70, 13, 65, 100, 52, 99, 48, 98, 73, 96, 5, 28, 35, 50, 69, 58, 4, 87, 77, 84, 7, 21, 46, 95, 23, 67, 49, 72, 11, 14, 36, 2, 1, 81, 54, 37, 60, 45, 39, 93, 19, 38, 16, 51, 44, 83, 8, 18, 27, 24, 91, 59, 56, 57, 82, 31, 66, 85, 86, 92, 20, 17, 78, 43, 62, 89, 42, 80, 55, 90]项目工期为：352.0；项目成本为：96356.40000000002
染色体结构为:
[9, 6, 97, 47, 11, 35, 21, 99, 95, 61, 1, 63, 28, 88, 23, 7, 72, 96, 36, 14, 22, 2, 74, 75, 26, 70, 53, 54, 29, 81, 45, 60, 41, 84, 39, 37, 100, 94, 33, 93, 38, 16, 3, 71, 69, 44, 79, 98, 18, 52, 58, 24, 32, 46, 5, 31, 83, 34, 65, 85, 4, 50, 30, 87, 15, 49, 10, 91, 40, 8, 19, 25, 17, 48, 12, 13, 77, 92, 82, 43, 27, 64, 67, 51, 76, 68, 73, 62, 20, 56, 78, 57, 55, 42, 59, 89, 90, 66, 86, 80]项目工期为：282.0；项目成本为：116419.70000000001
染色体结构为:
[21, 35, 47, 97, 95, 9, 74, 6, 30, 29, 22, 26, 41, 61, 75, 52, 65, 13, 33, 88, 100, 99, 5, 34, 69, 98, 73, 48, 28, 64, 96, 79, 68, 32, 25, 63, 40, 53, 3, 10, 71, 70, 76, 94, 12, 50, 15, 58, 87, 4, 77, 84, 46, 7, 49, 67, 19, 91, 81, 36, 44, 51, 1, 23, 72, 11, 14, 2, 54, 45, 60, 37, 39, 38, 93, 16, 8, 24, 18, 27, 83, 59, 82, 57, 56, 85, 66, 31, 55, 92, 86, 20, 42, 62, 17, 78, 43, 89, 90, 80]项目工期为：325.0；项目成本为：102528.60000000002
染色体结构为:
[6, 61, 9, 22, 74, 75, 33, 65, 13, 52, 26, 99, 88, 100, 5, 48, 29, 41, 97, 68, 32, 63, 30, 53, 34, 79, 3, 71, 64, 40, 25, 76, 12, 10, 98, 47, 94, 15, 70, 96, 73, 28, 69, 50, 35, 58, 4, 21, 87, 84, 95, 77, 11, 49, 7, 14, 46, 67, 1, 36, 81, 23, 2, 72, 54, 37, 39, 45, 93, 60, 16, 38, 19, 44, 83, 91, 27, 59, 24, 8, 51, 56, 31, 57, 18, 92, 82, 66, 85, 20, 17, 78, 86, 62, 42, 43, 90, 89, 80, 55]项目工期为：462.0；项目成本为：80750.49999999996
染色体结构为:
[6, 61, 9, 75, 22, 65, 74, 13, 26, 33, 99, 52, 100, 88, 48, 5, 29, 97, 41, 68, 30, 34, 32, 63, 3, 40, 79, 53, 71, 64, 76, 25, 47, 10, 12, 15, 98, 94, 96, 70, 28, 73, 69, 35, 58, 50, 87, 84, 4, 21, 95, 77, 11, 7, 49, 67, 14, 46, 1, 23, 72, 36, 2, 81, 54, 45, 37, 39, 38, 93, 60, 44, 19, 16, 91, 8, 59, 83, 27, 51, 24, 56, 31, 18, 57, 82, 85, 92, 20, 66, 78, 62, 17, 86, 43, 89, 42, 80, 90, 55]项目工期为：482.0；项目成本为：79134.89999999998
染色体结构为:
[6, 61, 9, 75, 22, 74, 13, 65, 26, 33, 52, 100, 99, 88, 48, 29, 5, 41, 97, 30, 68, 32, 34, 63, 3, 79, 40, 53, 64, 71, 47, 76, 25, 10, 12, 15, 98, 94, 96, 70, 28, 73, 58, 69, 35, 50, 87, 84, 4, 21, 95, 77, 11, 49, 7, 46, 1, 67, 14, 23, 36, 72, 2, 81, 54, 37, 39, 93, 45, 60, 83, 38, 44, 16, 91, 19, 24, 8, 59, 27, 31, 56, 51, 57, 18, 82, 20, 85, 66, 92, 86, 62, 78, 17, 43, 89, 80, 90, 55, 42]项目工期为：566.0；项目成本为：76296.29999999999
染色体结构为:
[6, 9, 61, 26, 65, 22, 75, 13, 52, 100, 33, 99, 74, 73, 88, 69, 5, 98, 34, 47, 41, 48, 29, 28, 68, 96, 97, 30, 79, 64, 32, 63, 10, 40, 3, 53, 25, 12, 71, 35, 70, 76, 15, 94, 50, 58, 87, 84, 4, 77, 7, 21, 46, 49, 67, 11, 95, 1, 23, 14, 72, 36, 2, 37, 81, 45, 54, 39, 38, 60, 93, 16, 44, 19, 51, 91, 8, 59, 86, 83, 18, 31, 56, 62, 85, 24, 92, 27, 66, 42, 17, 20, 55, 78, 43, 57, 82, 90, 89, 80]项目工期为：323.0；项目成本为：104478.60000000003
染色体结构为:
[6, 61, 9, 75, 22, 65, 74, 13, 33, 26, 99, 88, 48, 52, 100, 5, 29, 41, 68, 32, 97, 30, 79, 34, 53, 40, 64, 3, 63, 71, 25, 47, 76, 10, 12, 94, 15, 98, 70, 96, 58, 28, 73, 69, 50, 35, 4, 87, 84, 95, 11, 21, 77, 49, 7, 14, 67, 46, 1, 23, 36, 81, 72, 2, 37, 54, 45, 39, 60, 93, 38, 19, 16, 83, 91, 44, 59, 27, 24, 51, 8, 56, 31, 57, 18, 82, 85, 66, 92, 78, 17, 62, 20, 42, 43, 86, 80, 90, 89, 55]项目工期为：476.0；项目成本为：79225.89999999997
染色体结构为:
[9, 22, 74, 6, 75, 97, 61, 26, 53, 41, 30, 29, 32, 68, 34, 64, 79, 40, 3, 63, 25, 88, 10, 71, 12, 15, 76, 94, 33, 47, 70, 65, 100, 13, 99, 52, 98, 73, 48, 96, 5, 28, 69, 35, 50, 58, 87, 4, 77, 84, 7, 21, 46, 95, 23, 67, 49, 72, 11, 1, 14, 36, 2, 81, 37, 45, 54, 60, 39, 38, 93, 51, 19, 16, 44, 8, 83, 91, 18, 27, 24, 56, 59, 57, 31, 82, 66, 85, 86, 92, 20, 17, 78, 62, 43, 89, 42, 80, 55, 90]项目工期为：364.0；项目成本为：93723.00000000001
染色体结构为:
[21, 95, 35, 47, 97, 9, 6, 74, 30, 29, 22, 41, 61, 26, 13, 75, 33, 65, 52, 100, 5, 99, 73, 88, 98, 48, 28, 69, 68, 34, 96, 79, 32, 64, 40, 53, 63, 25, 3, 10, 71, 12, 70, 76, 94, 50, 87, 15, 58, 4, 84, 46, 77, 7, 67, 19, 49, 91, 81, 44, 51, 11, 36, 23, 1, 2, 14, 37, 72, 60, 54, 45, 16, 39, 93, 8, 38, 18, 24, 27, 83, 59, 56, 31, 82, 85, 57, 66, 92, 86, 55, 62, 20, 78, 42, 43, 17, 80, 90, 89]项目工期为：319.0；项目成本为：104726.0
染色体结构为:
[22, 9, 6, 97, 30, 29, 74, 68, 34, 41, 40, 32, 3, 63, 64, 25, 79, 53, 10, 76, 71, 88, 15, 26, 33, 65, 99, 61, 75, 12, 94, 47, 52, 100, 70, 48, 13, 73, 5, 98, 96, 28, 58, 69, 50, 87, 35, 21, 84, 4, 77, 46, 7, 95, 49, 67, 1, 11, 14, 23, 81, 2, 72, 36, 45, 37, 39, 38, 93, 60, 44, 54, 19, 59, 51, 91, 27, 8, 83, 16, 18, 24, 57, 56, 82, 66, 31, 86, 85, 62, 92, 55, 42, 20, 17, 80, 43, 89, 78, 90]项目工期为：391.0；项目成本为：88525.70000000004
染色体结构为:
[35, 47, 21, 95, 61, 1, 11, 63, 99, 28, 88, 96, 23, 54, 72, 14, 7, 36, 81, 2, 45, 60, 84, 37, 100, 39, 41, 33, 94, 93, 16, 38, 3, 97, 9, 53, 44, 71, 79, 98, 52, 74, 69, 26, 32, 18, 58, 22, 6, 75, 70, 29, 24, 5, 83, 31, 4, 46, 85, 34, 65, 30, 50, 87, 15, 91, 19, 17, 49, 10, 40, 8, 25, 48, 13, 12, 92, 77, 43, 51, 27, 82, 67, 64, 20, 68, 76, 73, 59, 56, 86, 66, 78, 42, 55, 57, 62, 80, 89, 90]项目工期为：283.0；项目成本为：115985.30000000003
染色体结构为:
[6, 61, 75, 9, 22, 65, 74, 13, 26, 33, 99, 52, 88, 100, 48, 29, 5, 97, 41, 30, 68, 34, 32, 3, 63, 79, 53, 40, 71, 64, 47, 76, 25, 10, 12, 15, 98, 96, 94, 70, 28, 73, 69, 35, 50, 87, 58, 84, 4, 95, 11, 21, 49, 77, 67, 7, 46, 14, 1, 23, 36, 72, 2, 37, 81, 54, 45, 93, 39, 38, 19, 44, 60, 16, 8, 91, 83, 59, 27, 51, 24, 56, 31, 18, 82, 57, 85, 66, 92, 78, 20, 86, 17, 43, 62, 89, 80, 90, 55, 42]项目工期为：535.0；项目成本为：77029.9
染色体结构为:
[22, 9, 6, 97, 29, 30, 74, 68, 41, 34, 32, 40, 63, 3, 64, 25, 79, 10, 53, 76, 71, 88, 26, 15, 65, 33, 99, 61, 75, 12, 47, 94, 52, 100, 48, 70, 73, 13, 5, 98, 96, 28, 58, 69, 50, 87, 35, 84, 21, 4, 77, 7, 46, 95, 49, 11, 1, 67, 23, 14, 81, 72, 2, 36, 45, 39, 37, 93, 38, 60, 44, 54, 19, 59, 51, 91, 8, 27, 16, 83, 18, 24, 57, 82, 56, 66, 86, 31, 85, 62, 92, 20, 55, 42, 80, 43, 17, 89, 78, 90]项目工期为：393.0；项目成本为：88196.30000000003
染色体结构为:
[22, 65, 6, 61, 9, 75, 26, 74, 33, 13, 30, 99, 97, 35, 21, 95, 47, 1, 11, 88, 63, 96, 28, 7, 14, 23, 2, 36, 72, 45, 81, 84, 54, 37, 60, 41, 94, 39, 38, 100, 93, 16, 3, 53, 71, 44, 98, 15, 79, 69, 52, 70, 58, 18, 32, 83, 24, 5, 68, 31, 4, 46, 34, 17, 8, 76, 20, 29, 25, 92, 49, 91, 19, 10, 62, 73, 85, 55, 82, 57, 64, 27, 67, 50, 51, 78, 87, 56, 48, 40, 77, 42, 43, 89, 59, 86, 80, 12, 66, 90]项目工期为：259.0；项目成本为：122816.19999999998
染色体结构为:
[61, 6, 9, 22, 75, 74, 65, 13, 26, 33, 88, 52, 99, 30, 29, 97, 68, 41, 32, 34, 40, 64, 63, 25, 3, 79, 10, 71, 53, 76, 12, 15, 94, 47, 100, 70, 48, 73, 5, 96, 98, 28, 69, 50, 58, 35, 87, 21, 84, 4, 77, 7, 95, 46, 49, 11, 1, 67, 23, 14, 81, 2, 36, 72, 45, 37, 39, 38, 54, 93, 44, 51, 60, 59, 19, 27, 91, 8, 83, 16, 18, 57, 24, 82, 56, 66, 86, 31, 85, 92, 62, 20, 17, 78, 43, 42, 89, 55, 80, 90]项目工期为：376.0；项目成本为：91202.20000000003
染色体结构为:
[47, 9, 6, 30, 74, 97, 22, 34, 32, 29, 41, 79, 68, 65, 61, 13, 75, 26, 99, 33, 52, 88, 100, 5, 48, 63, 40, 3, 53, 25, 71, 64, 76, 12, 10, 94, 15, 98, 70, 73, 28, 96, 69, 58, 50, 35, 87, 84, 21, 77, 4, 7, 46, 95, 11, 49, 1, 67, 23, 14, 2, 36, 81, 72, 45, 37, 39, 93, 38, 54, 44, 60, 51, 59, 19, 27, 8, 91, 16, 83, 18, 57, 82, 24, 66, 56, 86, 85, 62, 20, 31, 92, 42, 55, 17, 43, 78, 80, 90, 89]项目工期为：382.0；项目成本为：90223.20000000003
染色体结构为:
[9, 22, 6, 65, 61, 26, 75, 74, 33, 99, 97, 30, 13, 88, 48, 52, 5, 100, 29, 68, 32, 41, 79, 34, 53, 40, 64, 3, 63, 71, 25, 47, 76, 10, 12, 94, 15, 70, 98, 58, 28, 96, 73, 69, 50, 35, 4, 87, 84, 95, 11, 21, 49, 77, 7, 14, 46, 67, 1, 23, 36, 81, 72, 2, 37, 45, 39, 54, 60, 93, 38, 19, 16, 83, 91, 44, 59, 24, 27, 51, 56, 8, 31, 57, 18, 85, 82, 66, 78, 17, 62, 92, 20, 42, 43, 86, 80, 90, 89, 55]项目工期为：444.0；项目成本为：82379.29999999999
染色体结构为:
[9, 6, 22, 61, 75, 26, 65, 13, 52, 33, 74, 100, 99, 5, 88, 73, 69, 98, 47, 34, 48, 41, 29, 96, 68, 97, 30, 28, 64, 32, 79, 63, 10, 40, 53, 3, 71, 25, 70, 12, 76, 35, 15, 94, 58, 50, 87, 4, 84, 77, 7, 46, 21, 67, 49, 11, 95, 1, 72, 23, 14, 2, 36, 81, 37, 45, 54, 39, 60, 38, 93, 16, 44, 19, 91, 51, 59, 8, 83, 18, 86, 31, 56, 62, 85, 24, 92, 17, 27, 66, 20, 43, 42, 55, 78, 57, 82, 90, 89, 80]项目工期为：316.0；项目成本为：106797.30000000005
染色体结构为:
[9, 22, 6, 26, 61, 74, 75, 53, 36, 70, 29, 5, 71, 84, 48, 79, 35, 68, 12, 21, 2, 76, 13, 91, 41, 14, 24, 16, 63, 1, 54, 49, 95, 93, 23, 100, 37, 58, 88, 7, 8, 34, 85, 33, 47, 94, 30, 15, 98, 20, 19, 83, 40, 52, 97, 50, 82, 62, 11, 3, 92, 32, 73, 17, 38, 72, 10, 96, 56, 99, 4, 25, 39, 18, 59, 28, 67, 42, 69, 45, 64, 51, 87, 60, 78, 77, 31, 46, 65, 43, 80, 55, 27, 57, 81, 86, 66, 90, 89, 44]项目工期为：270.0；项目成本为：119142.00000000004
染色体结构为:
[22, 35, 95, 21, 47, 1, 63, 11, 28, 61, 99, 88, 96, 7, 14, 23, 36, 72, 45, 54, 2, 60, 81, 84, 39, 37, 41, 100, 38, 93, 94, 16, 97, 33, 3, 53, 71, 44, 9, 52, 98, 69, 30, 79, 15, 70, 18, 58, 24, 26, 32, 46, 83, 5, 4, 31, 34, 8, 17, 68, 29, 20, 76, 49, 92, 25, 74, 91, 75, 6, 48, 12, 13, 85, 40, 19, 50, 62, 82, 73, 59, 42, 10, 67, 56, 64, 51, 65, 78, 87, 43, 77, 80, 55, 57, 27, 86, 66, 90, 89]项目工期为：255.0；项目成本为：123910.60000000003
染色体结构为:
[61, 75, 9, 6, 22, 65, 13, 74, 33, 99, 26, 100, 52, 88, 48, 29, 5, 97, 41, 68, 32, 30, 34, 63, 3, 79, 40, 53, 64, 71, 76, 47, 25, 10, 12, 15, 98, 96, 94, 28, 73, 69, 70, 35, 58, 50, 87, 4, 84, 21, 95, 11, 77, 49, 7, 46, 1, 67, 14, 23, 36, 72, 2, 81, 54, 37, 39, 93, 45, 60, 83, 38, 16, 44, 19, 24, 91, 8, 59, 27, 31, 56, 51, 57, 18, 20, 82, 66, 92, 85, 86, 78, 62, 43, 17, 89, 80, 90, 55, 42]项目工期为：601.0；项目成本为：75404.79999999997
染色体结构为:
[61, 6, 9, 22, 75, 65, 74, 13, 26, 33, 99, 88, 48, 52, 100, 5, 29, 68, 32, 41, 97, 30, 79, 34, 53, 40, 64, 3, 63, 47, 71, 25, 10, 12, 76, 98, 15, 94, 96, 69, 73, 70, 28, 58, 50, 35, 87, 4, 84, 11, 21, 95, 77, 49, 67, 7, 1, 14, 23, 36, 46, 81, 72, 2, 54, 93, 37, 39, 60, 45, 44, 38, 83, 16, 91, 19, 27, 59, 8, 24, 51, 56, 82, 31, 18, 57, 20, 85, 92, 66, 78, 62, 17, 80, 86, 43, 55, 42, 89, 90]项目工期为：534.0；项目成本为：77080.59999999998
染色体结构为:
[21, 47, 35, 95, 97, 1, 29, 11, 68, 74, 30, 6, 41, 40, 9, 32, 34, 22, 63, 10, 79, 64, 26, 65, 61, 13, 33, 75, 99, 100, 52, 5, 88, 69, 48, 96, 98, 73, 70, 50, 84, 58, 77, 28, 25, 4, 87, 7, 67, 76, 19, 49, 46, 81, 91, 71, 3, 44, 51, 23, 36, 14, 54, 72, 37, 2, 45, 60, 39, 16, 93, 38, 94, 18, 53, 8, 15, 83, 24, 27, 12, 82, 56, 59, 31, 57, 66, 85, 92, 86, 55, 62, 20, 42, 17, 43, 80, 78, 89, 90]项目工期为：343.0；项目成本为：98673.2
染色体结构为:
[9, 6, 65, 61, 22, 74, 75, 13, 26, 33, 99, 88, 52, 100, 5, 41, 68, 29, 97, 48, 30, 32, 79, 34, 63, 40, 64, 3, 53, 10, 25, 71, 12, 76, 47, 94, 15, 98, 96, 73, 70, 58, 28, 69, 35, 50, 4, 87, 84, 11, 95, 21, 77, 49, 7, 46, 1, 67, 36, 14, 23, 81, 72, 54, 93, 2, 37, 39, 45, 60, 44, 16, 38, 83, 19, 91, 59, 8, 24, 51, 56, 27, 18, 31, 82, 57, 85, 92, 20, 66, 78, 17, 62, 86, 43, 89, 80, 42, 90, 55]项目工期为：439.0；项目成本为：82502.39999999998
染色体结构为:
[22, 6, 9, 30, 97, 74, 29, 41, 68, 32, 34, 63, 3, 79, 40, 64, 25, 10, 76, 53, 71, 88, 26, 15, 65, 33, 99, 61, 75, 12, 47, 100, 94, 52, 48, 70, 73, 5, 13, 98, 96, 58, 28, 50, 69, 87, 35, 84, 21, 77, 4, 7, 46, 49, 95, 11, 67, 14, 1, 23, 81, 72, 2, 36, 45, 37, 38, 39, 60, 93, 44, 54, 51, 19, 59, 8, 91, 16, 27, 83, 18, 24, 57, 56, 82, 66, 31, 86, 92, 85, 20, 17, 42, 43, 78, 62, 90, 89, 80, 55]项目工期为：385.0；项目成本为：89061.00000000001
染色体结构为:
[6, 61, 9, 75, 22, 65, 74, 13, 33, 26, 99, 88, 48, 52, 5, 100, 29, 41, 68, 97, 32, 79, 34, 30, 53, 40, 64, 3, 63, 71, 25, 47, 76, 12, 10, 94, 15, 70, 98, 96, 58, 28, 73, 69, 50, 35, 87, 4, 95, 84, 21, 11, 77, 49, 7, 14, 67, 46, 1, 23, 36, 81, 72, 2, 37, 54, 45, 39, 60, 93, 38, 19, 16, 91, 83, 44, 59, 27, 24, 51, 8, 56, 31, 57, 18, 82, 85, 66, 92, 78, 17, 62, 20, 42, 43, 86, 80, 89, 90, 55]项目工期为：513.0；项目成本为：77814.89999999998
染色体结构为:
[47, 9, 6, 97, 30, 22, 34, 74, 29, 41, 32, 79, 68, 3, 40, 64, 63, 71, 25, 26, 61, 65, 33, 13, 75, 52, 88, 100, 99, 48, 5, 53, 12, 10, 76, 15, 98, 96, 94, 70, 73, 69, 28, 58, 50, 35, 87, 4, 21, 84, 11, 77, 95, 49, 67, 7, 46, 1, 14, 23, 36, 72, 2, 81, 54, 37, 39, 93, 60, 45, 83, 44, 38, 16, 91, 19, 8, 24, 59, 27, 56, 31, 51, 18, 82, 20, 57, 85, 66, 92, 86, 78, 62, 43, 17, 80, 89, 55, 90, 42]项目工期为：543.0；项目成本为：76866.39999999998
染色体结构为:
[61, 6, 75, 9, 74, 22, 33, 65, 13, 26, 88, 52, 100, 99, 48, 5, 29, 97, 41, 30, 68, 32, 34, 79, 63, 64, 25, 3, 40, 71, 53, 10, 47, 76, 12, 15, 94, 96, 70, 73, 98, 69, 28, 50, 35, 58, 87, 4, 84, 21, 11, 49, 95, 7, 77, 46, 1, 67, 36, 23, 14, 81, 2, 72, 54, 93, 37, 45, 39, 60, 44, 16, 38, 19, 83, 8, 91, 27, 59, 24, 56, 51, 18, 57, 31, 92, 82, 85, 20, 78, 86, 66, 17, 43, 62, 42, 80, 89, 90, 55]项目工期为：448.0；项目成本为：81964.39999999997
染色体结构为:
[6, 61, 9, 75, 22, 74, 65, 33, 13, 26, 52, 99, 88, 100, 5, 48, 29, 41, 68, 97, 32, 34, 30, 79, 63, 3, 40, 53, 64, 71, 47, 10, 25, 12, 76, 15, 94, 70, 98, 96, 28, 73, 69, 50, 58, 87, 35, 4, 84, 95, 21, 11, 67, 7, 77, 14, 49, 46, 1, 23, 36, 72, 81, 54, 2, 39, 45, 37, 60, 93, 38, 19, 16, 44, 91, 59, 83, 27, 24, 51, 18, 8, 56, 31, 57, 82, 66, 85, 86, 92, 20, 78, 17, 43, 42, 62, 89, 80, 55, 90]项目工期为：435.0；项目成本为：83486.29999999999
染色体结构为:
[95, 35, 21, 11, 47, 61, 1, 63, 99, 88, 96, 23, 28, 72, 14, 7, 54, 36, 45, 2, 81, 84, 37, 100, 60, 39, 94, 41, 38, 33, 93, 16, 9, 97, 53, 3, 44, 71, 98, 79, 69, 52, 74, 26, 18, 32, 46, 24, 22, 58, 31, 5, 83, 30, 15, 70, 29, 34, 4, 85, 50, 6, 65, 92, 87, 68, 27, 73, 8, 49, 76, 56, 59, 75, 12, 20, 17, 86, 10, 91, 77, 40, 42, 66, 64, 78, 43, 48, 55, 67, 82, 19, 25, 57, 90, 51, 62, 89, 13, 80]项目工期为：311.0；项目成本为：108030.3
染色体结构为:
[74, 30, 35, 47, 95, 11, 1, 21, 99, 63, 61, 88, 96, 7, 23, 28, 72, 14, 36, 81, 2, 45, 37, 84, 54, 60, 100, 41, 94, 33, 93, 39, 38, 16, 3, 97, 6, 9, 22, 75, 26, 65, 53, 44, 71, 69, 52, 79, 98, 24, 58, 18, 5, 32, 46, 83, 34, 31, 15, 29, 70, 85, 50, 87, 4, 68, 73, 27, 8, 92, 59, 49, 56, 76, 12, 91, 20, 86, 17, 40, 42, 10, 77, 64, 43, 66, 48, 67, 55, 78, 82, 19, 25, 62, 57, 90, 51, 89, 13, 80]项目工期为：303.0；项目成本为：110356.3
染色体结构为:
[9, 6, 22, 74, 61, 97, 30, 47, 34, 29, 41, 32, 68, 79, 3, 63, 40, 64, 25, 53, 71, 10, 12, 88, 76, 15, 26, 94, 33, 65, 70, 52, 99, 75, 13, 35, 11, 95, 100, 21, 48, 5, 96, 73, 98, 58, 28, 69, 50, 87, 77, 84, 4, 49, 46, 1, 7, 67, 36, 23, 14, 72, 37, 81, 54, 93, 39, 2, 60, 44, 45, 16, 38, 83, 19, 8, 91, 59, 51, 27, 24, 56, 18, 57, 31, 20, 92, 85, 82, 66, 78, 86, 62, 17, 43, 89, 80, 90, 42, 55]项目工期为：429.0；项目成本为：84545.09999999999
染色体结构为:
[9, 22, 75, 74, 6, 97, 26, 61, 35, 21, 95, 47, 1, 11, 99, 63, 88, 28, 14, 23, 96, 72, 7, 54, 2, 36, 81, 84, 45, 60, 37, 100, 41, 94, 39, 93, 33, 38, 16, 53, 3, 71, 98, 44, 69, 52, 79, 18, 32, 46, 24, 58, 5, 83, 30, 15, 31, 70, 34, 4, 29, 85, 50, 65, 87, 68, 92, 27, 8, 73, 49, 76, 59, 20, 56, 12, 17, 86, 91, 10, 77, 42, 40, 66, 78, 64, 48, 43, 67, 55, 82, 25, 19, 62, 57, 90, 51, 89, 13, 80]项目工期为：304.0；项目成本为：110179.19999999998
染色体结构为:
[22, 61, 6, 9, 97, 47, 74, 30, 34, 29, 41, 79, 32, 3, 75, 26, 65, 33, 13, 52, 88, 99, 100, 5, 48, 68, 63, 40, 53, 71, 64, 76, 25, 10, 12, 15, 98, 94, 96, 28, 73, 69, 70, 35, 58, 50, 87, 4, 84, 21, 95, 11, 77, 49, 7, 46, 1, 67, 14, 23, 36, 72, 81, 2, 54, 37, 39, 93, 45, 60, 83, 38, 16, 44, 19, 24, 8, 91, 59, 27, 31, 56, 51, 57, 18, 20, 82, 66, 92, 85, 78, 86, 62, 43, 17, 89, 80, 90, 55, 42]项目工期为：579.0；项目成本为：75551.29999999997
染色体结构为:
[6, 22, 26, 61, 75, 65, 9, 13, 74, 52, 99, 33, 100, 88, 5, 34, 73, 69, 47, 98, 48, 41, 96, 28, 29, 68, 30, 97, 64, 79, 32, 63, 10, 40, 53, 3, 25, 71, 76, 12, 70, 94, 35, 58, 15, 50, 84, 4, 87, 77, 7, 21, 46, 49, 67, 11, 95, 1, 72, 23, 14, 36, 81, 2, 54, 37, 45, 39, 60, 38, 16, 93, 19, 44, 51, 91, 59, 83, 8, 18, 86, 56, 31, 62, 24, 85, 92, 17, 27, 66, 20, 43, 42, 55, 78, 82, 57, 90, 80, 89]项目工期为：315.0；项目成本为：106912.50000000003
染色体结构为:
[9, 47, 6, 97, 11, 35, 21, 1, 61, 95, 99, 88, 28, 63, 7, 23, 96, 72, 14, 22, 2, 36, 74, 26, 75, 53, 54, 70, 29, 81, 45, 84, 60, 100, 37, 41, 39, 94, 33, 93, 38, 3, 16, 69, 71, 98, 79, 44, 58, 52, 18, 24, 32, 31, 46, 5, 65, 34, 83, 85, 50, 4, 87, 15, 30, 91, 49, 40, 10, 8, 25, 19, 17, 48, 13, 12, 77, 92, 82, 43, 27, 51, 64, 76, 67, 73, 68, 62, 20, 55, 56, 57, 78, 89, 42, 59, 66, 90, 86, 80]项目工期为：277.0；项目成本为：117676.6
染色体结构为:
[47, 9, 6, 97, 30, 34, 22, 74, 29, 41, 32, 79, 68, 3, 40, 63, 64, 71, 25, 26, 61, 65, 33, 13, 52, 75, 100, 88, 99, 48, 5, 53, 12, 10, 76, 15, 98, 96, 94, 70, 69, 73, 28, 58, 50, 35, 87, 4, 21, 84, 11, 77, 95, 67, 49, 7, 46, 1, 14, 23, 36, 72, 2, 81, 37, 54, 39, 93, 60, 83, 45, 44, 38, 16, 91, 19, 24, 8, 59, 27, 56, 51, 31, 18, 82, 57, 85, 20, 66, 92, 86, 78, 62, 17, 80, 43, 89, 55, 90, 42]项目工期为：543.0；项目成本为：76866.39999999998
染色体结构为:
[22, 9, 6, 97, 29, 30, 74, 68, 34, 41, 32, 40, 63, 3, 64, 25, 79, 10, 76, 53, 71, 88, 26, 15, 65, 33, 99, 61, 75, 47, 12, 94, 52, 100, 48, 73, 70, 13, 5, 96, 98, 28, 58, 69, 50, 87, 35, 84, 21, 77, 4, 7, 46, 95, 49, 11, 1, 67, 23, 14, 81, 72, 2, 36, 45, 39, 37, 93, 38, 60, 44, 54, 19, 59, 51, 91, 8, 27, 16, 83, 18, 24, 57, 82, 56, 66, 86, 31, 85, 62, 92, 20, 78, 17, 43, 42, 89, 80, 90, 55]项目工期为：378.0；项目成本为：90424.40000000002
染色体结构为:
[22, 9, 97, 6, 75, 26, 74, 61, 41, 53, 30, 29, 34, 32, 40, 68, 79, 64, 25, 63, 3, 88, 71, 10, 12, 76, 47, 94, 70, 15, 33, 13, 100, 52, 65, 99, 98, 73, 48, 96, 5, 28, 35, 58, 69, 50, 4, 87, 77, 84, 7, 21, 46, 95, 67, 49, 23, 72, 14, 11, 36, 1, 2, 54, 37, 81, 45, 93, 60, 38, 39, 19, 44, 8, 16, 83, 51, 91, 27, 24, 59, 56, 18, 57, 31, 85, 66, 92, 82, 86, 78, 62, 20, 17, 90, 43, 42, 55, 89, 80]项目工期为：368.0；项目成本为：91487.40000000001
染色体结构为:
[61, 9, 75, 22, 65, 74, 6, 13, 33, 99, 26, 100, 88, 52, 48, 29, 5, 97, 41, 30, 68, 32, 34, 63, 3, 79, 40, 53, 64, 71, 76, 47, 10, 25, 15, 98, 94, 12, 96, 28, 70, 73, 69, 58, 35, 50, 87, 84, 4, 21, 95, 77, 11, 49, 7, 46, 1, 67, 14, 23, 72, 36, 2, 81, 37, 54, 39, 93, 45, 60, 83, 38, 44, 16, 91, 19, 24, 8, 59, 27, 31, 56, 51, 57, 82, 18, 20, 85, 66, 92, 86, 62, 17, 78, 43, 89, 80, 90, 55, 42]项目工期为：557.0；项目成本为：76307.59999999999
染色体结构为:
[9, 47, 97, 6, 61, 75, 22, 65, 74, 13, 52, 33, 99, 26, 88, 100, 48, 5, 29, 41, 68, 32, 30, 34, 3, 63, 79, 53, 40, 71, 76, 25, 64, 10, 12, 15, 96, 98, 94, 70, 28, 73, 69, 35, 50, 87, 58, 84, 4, 95, 11, 21, 49, 77, 7, 67, 46, 14, 1, 23, 36, 72, 2, 37, 81, 54, 45, 93, 38, 39, 19, 44, 60, 16, 8, 91, 83, 59, 27, 51, 24, 56, 31, 18, 82, 57, 85, 66, 92, 78, 86, 20, 17, 43, 62, 89, 80, 55, 90, 42]项目工期为：498.0；项目成本为：77914.79999999999
MID=0.608913200768841
DM=50068.044411980045
SNS=0.28176108849546966
SM=0.7896914506966725
1.2161713282796864E-5
150
共计用时：7秒
