染色体结构为:
[132, 110, 49, 25, 56, 105, 14, 77, 8, 75, 32, 126, 96, 57, 124, 166, 152, 112, 185, 53, 127, 88, 33, 10, 1, 137, 141, 64, 60, 142, 66, 59, 198, 40, 145, 46, 87, 161, 111, 119, 23, 148, 48, 39, 156, 29, 21, 188, 27, 195, 122, 163, 24, 55, 28, 65, 67, 3, 17, 95, 136, 79, 83, 61, 16, 109, 19, 103, 178, 2, 20, 177, 58, 101, 98, 189, 151, 172, 133, 97, 106, 81, 71, 129, 26, 154, 51, 44, 184, 160, 54, 69, 90, 169, 45, 15, 194, 197, 5, 153, 167, 179, 82, 80, 4, 93, 52, 6, 128, 162, 131, 180, 11, 113, 192, 37, 114, 72, 38, 34, 70, 94, 199, 85, 116, 30, 100, 62, 120, 176, 104, 181, 13, 50, 92, 91, 149, 157, 164, 73, 12, 123, 140, 118, 68, 102, 76, 125, 22, 183, 186, 138, 191, 117, 139, 31, 175, 115, 143, 7, 155, 99, 168, 130, 200, 187, 42, 134, 18, 63, 173, 78, 41, 159, 9, 43, 147, 196, 171, 135, 146, 108, 121, 182, 36, 165, 74, 47, 35, 107, 174, 84, 170, 144, 86, 89, 193, 150, 158, 190]项目工期为：398.0；项目成本为：241581.70000000007
染色体结构为:
[103, 23, 142, 178, 2, 20, 88, 101, 21, 75, 58, 177, 189, 152, 98, 151, 67, 148, 77, 172, 97, 95, 156, 57, 161, 32, 129, 106, 81, 133, 26, 71, 14, 132, 60, 51, 54, 154, 44, 184, 109, 19, 90, 160, 39, 169, 45, 8, 69, 16, 197, 167, 80, 194, 24, 15, 5, 65, 48, 141, 136, 145, 79, 61, 140, 83, 29, 35, 123, 33, 27, 25, 70, 49, 6, 173, 64, 102, 128, 63, 143, 94, 59, 62, 85, 34, 199, 30, 28, 100, 116, 124, 120, 105, 110, 56, 126, 96, 166, 112, 185, 53, 127, 10, 1, 137, 46, 66, 198, 17, 181, 3, 104, 92, 50, 192, 91, 13, 164, 157, 149, 73, 176, 12, 163, 87, 40, 188, 111, 119, 122, 55, 195, 4, 153, 93, 82, 162, 52, 11, 179, 131, 113, 180, 37, 114, 38, 191, 72, 134, 31, 183, 117, 118, 68, 125, 22, 138, 186, 139, 76, 200, 130, 18, 168, 36, 86, 7, 43, 147, 150, 174, 159, 108, 175, 41, 78, 9, 42, 182, 135, 155, 187, 171, 115, 74, 99, 196, 146, 165, 121, 84, 47, 107, 190, 170, 144, 158, 193, 89]项目工期为：357.0；项目成本为：253024.1
染色体结构为:
[95, 67, 24, 65, 48, 148, 141, 14, 61, 16, 79, 136, 145, 19, 109, 98, 34, 83, 51, 116, 70, 94, 30, 110, 85, 49, 132, 56, 25, 105, 75, 32, 8, 77, 96, 124, 57, 166, 53, 126, 112, 185, 127, 152, 10, 199, 27, 33, 106, 161, 62, 39, 69, 28, 23, 29, 120, 156, 100, 176, 2, 20, 163, 178, 142, 103, 88, 58, 1, 137, 64, 60, 66, 59, 198, 167, 46, 17, 192, 3, 169, 194, 181, 50, 104, 92, 90, 13, 91, 157, 149, 73, 164, 44, 12, 140, 123, 101, 21, 177, 151, 97, 189, 81, 172, 40, 188, 87, 111, 119, 122, 195, 68, 55, 54, 15, 71, 114, 133, 102, 118, 160, 26, 125, 131, 197, 38, 22, 76, 162, 138, 45, 183, 139, 72, 37, 128, 184, 4, 52, 129, 186, 191, 80, 154, 82, 143, 93, 11, 179, 180, 6, 113, 117, 5, 155, 115, 7, 31, 175, 99, 200, 168, 130, 134, 173, 187, 18, 42, 63, 41, 9, 78, 159, 43, 146, 171, 196, 135, 121, 108, 74, 147, 36, 182, 47, 35, 165, 107, 170, 84, 190, 144, 89, 174, 158, 153, 193, 86, 150]项目工期为：456.0；项目成本为：229189.1
染色体结构为:
[23, 103, 142, 2, 178, 88, 20, 101, 21, 58, 75, 189, 177, 152, 98, 67, 151, 148, 77, 172, 95, 97, 156, 161, 57, 32, 129, 81, 106, 133, 26, 71, 132, 14, 60, 51, 54, 154, 184, 44, 109, 19, 39, 90, 160, 45, 169, 8, 69, 16, 197, 167, 194, 80, 15, 5, 24, 65, 48, 141, 79, 136, 145, 61, 140, 83, 29, 35, 123, 33, 27, 70, 25, 49, 6, 173, 64, 128, 102, 63, 143, 62, 94, 59, 85, 34, 199, 30, 28, 116, 100, 120, 124, 105, 110, 56, 126, 96, 112, 166, 185, 53, 127, 10, 1, 66, 137, 198, 46, 17, 3, 192, 181, 92, 104, 50, 13, 157, 164, 91, 149, 73, 176, 12, 163, 87, 40, 111, 188, 122, 195, 119, 55, 4, 82, 153, 93, 52, 179, 162, 11, 131, 113, 180, 68, 125, 114, 118, 38, 72, 76, 22, 138, 139, 183, 191, 37, 134, 31, 186, 117, 130, 200, 18, 168, 36, 7, 86, 43, 150, 174, 147, 175, 115, 108, 155, 99, 187, 78, 42, 159, 9, 171, 196, 41, 146, 135, 182, 165, 121, 74, 47, 107, 84, 144, 193, 170, 158, 89, 190]项目工期为：354.0；项目成本为：255907.80000000005
染色体结构为:
[132, 110, 25, 49, 56, 105, 14, 77, 75, 8, 32, 126, 96, 57, 124, 166, 152, 112, 185, 53, 127, 88, 33, 10, 1, 137, 141, 64, 60, 142, 66, 59, 198, 40, 145, 46, 87, 161, 111, 119, 23, 148, 48, 39, 156, 29, 188, 21, 27, 195, 122, 163, 24, 28, 55, 65, 67, 3, 17, 95, 136, 79, 83, 61, 16, 109, 19, 103, 178, 2, 20, 177, 58, 101, 98, 189, 151, 172, 133, 97, 106, 81, 129, 71, 26, 154, 51, 184, 44, 160, 54, 69, 90, 169, 45, 15, 194, 197, 5, 153, 167, 179, 82, 80, 4, 93, 52, 6, 128, 162, 131, 180, 11, 113, 192, 37, 114, 72, 34, 38, 70, 94, 199, 116, 85, 30, 100, 62, 120, 176, 104, 181, 13, 50, 92, 149, 157, 91, 73, 12, 164, 140, 123, 118, 102, 68, 76, 125, 22, 183, 186, 138, 191, 117, 31, 175, 139, 115, 143, 7, 99, 155, 168, 130, 200, 187, 134, 42, 63, 18, 173, 78, 41, 159, 43, 9, 147, 196, 171, 108, 135, 182, 146, 165, 121, 36, 74, 47, 35, 107, 84, 174, 170, 144, 86, 193, 89, 150, 158, 190]项目工期为：396.0；项目成本为：242014.50000000003
染色体结构为:
[23, 103, 142, 2, 178, 20, 21, 88, 101, 58, 75, 177, 189, 152, 98, 67, 151, 148, 172, 77, 95, 97, 156, 161, 57, 32, 129, 81, 106, 26, 133, 71, 132, 14, 60, 51, 54, 154, 184, 109, 44, 19, 39, 90, 45, 160, 8, 169, 69, 16, 197, 15, 194, 167, 80, 5, 65, 24, 48, 141, 79, 136, 145, 61, 83, 140, 29, 35, 123, 33, 27, 70, 25, 49, 6, 64, 173, 102, 128, 143, 63, 94, 62, 59, 85, 34, 199, 30, 28, 116, 100, 120, 124, 105, 56, 110, 96, 126, 166, 112, 53, 185, 127, 10, 1, 137, 66, 198, 46, 17, 3, 192, 181, 104, 50, 92, 13, 91, 157, 149, 73, 164, 176, 12, 163, 87, 40, 119, 111, 122, 188, 195, 55, 68, 125, 118, 114, 131, 38, 76, 22, 72, 138, 183, 162, 139, 153, 82, 4, 93, 52, 11, 179, 180, 113, 191, 37, 134, 31, 186, 117, 200, 130, 168, 18, 36, 86, 7, 43, 150, 174, 147, 175, 159, 108, 41, 9, 42, 135, 78, 182, 155, 171, 187, 115, 74, 99, 196, 146, 121, 47, 165, 107, 84, 170, 190, 144, 193, 158, 89]项目工期为：373.0；项目成本为：248759.2
染色体结构为:
[132, 49, 110, 24, 95, 65, 67, 148, 48, 141, 145, 14, 16, 136, 19, 79, 98, 61, 109, 83, 51, 34, 94, 116, 30, 70, 199, 23, 103, 178, 142, 20, 21, 88, 2, 101, 177, 75, 189, 58, 152, 77, 97, 172, 151, 161, 57, 156, 106, 81, 32, 129, 71, 133, 154, 39, 26, 184, 44, 54, 160, 60, 169, 69, 90, 29, 194, 5, 123, 27, 140, 35, 6, 33, 64, 8, 128, 25, 173, 102, 143, 63, 62, 120, 59, 28, 85, 100, 176, 80, 127, 56, 105, 124, 166, 96, 126, 185, 53, 112, 10, 137, 87, 1, 66, 198, 40, 46, 111, 188, 195, 163, 122, 119, 55, 17, 3, 15, 45, 197, 167, 93, 153, 4, 82, 179, 52, 192, 162, 180, 131, 11, 114, 113, 37, 38, 72, 31, 191, 134, 50, 183, 13, 73, 92, 12, 68, 117, 118, 91, 22, 186, 138, 125, 139, 76, 164, 130, 200, 168, 18, 36, 7, 86, 150, 174, 43, 159, 147, 108, 175, 157, 41, 9, 149, 78, 104, 42, 155, 135, 187, 182, 115, 171, 74, 99, 84, 196, 121, 89, 146, 107, 190, 181, 158, 144, 47, 170, 165, 193]项目工期为：335.0；项目成本为：268821.0000000002
染色体结构为:
[95, 24, 67, 65, 48, 14, 148, 16, 141, 136, 79, 61, 145, 109, 83, 19, 98, 34, 116, 94, 51, 49, 70, 30, 110, 32, 85, 56, 132, 105, 25, 96, 77, 8, 124, 75, 57, 166, 112, 126, 152, 53, 127, 10, 185, 199, 33, 27, 106, 62, 69, 39, 161, 28, 120, 156, 29, 23, 2, 100, 163, 176, 20, 142, 103, 178, 88, 21, 177, 58, 101, 81, 97, 189, 151, 172, 1, 137, 64, 66, 46, 59, 198, 60, 167, 3, 17, 192, 169, 104, 181, 194, 50, 13, 92, 90, 91, 157, 164, 73, 149, 44, 140, 188, 12, 123, 40, 119, 87, 111, 122, 55, 195, 68, 15, 71, 102, 114, 160, 133, 54, 118, 26, 131, 125, 197, 72, 38, 22, 76, 138, 183, 45, 162, 139, 128, 37, 4, 52, 186, 184, 129, 154, 80, 191, 179, 82, 93, 143, 113, 11, 117, 31, 6, 5, 155, 115, 180, 99, 175, 200, 130, 7, 168, 187, 134, 173, 42, 18, 78, 63, 159, 41, 9, 171, 43, 196, 146, 153, 108, 147, 121, 182, 135, 165, 36, 47, 35, 74, 84, 107, 174, 170, 144, 86, 193, 150, 89, 158, 190]项目工期为：523.0；项目成本为：217090.7
染色体结构为:
[95, 67, 24, 48, 65, 148, 141, 14, 16, 136, 61, 79, 19, 145, 98, 109, 34, 83, 51, 116, 94, 70, 30, 85, 110, 132, 49, 56, 25, 105, 32, 8, 75, 77, 96, 124, 166, 126, 57, 112, 127, 185, 53, 10, 199, 33, 39, 106, 27, 69, 62, 161, 23, 152, 29, 120, 28, 100, 156, 88, 137, 1, 64, 142, 59, 60, 66, 198, 46, 103, 192, 167, 169, 17, 3, 181, 194, 50, 20, 104, 90, 92, 91, 157, 13, 149, 73, 44, 12, 164, 140, 123, 176, 163, 2, 101, 178, 58, 21, 177, 151, 189, 97, 172, 188, 40, 81, 111, 87, 119, 122, 195, 68, 54, 15, 55, 71, 133, 102, 114, 118, 160, 125, 26, 131, 197, 38, 22, 76, 72, 162, 138, 184, 183, 45, 139, 37, 128, 4, 52, 186, 129, 191, 82, 143, 154, 80, 93, 11, 179, 113, 6, 180, 117, 5, 155, 115, 7, 31, 175, 99, 200, 168, 173, 130, 134, 18, 187, 42, 63, 41, 9, 159, 78, 43, 146, 196, 108, 171, 121, 135, 147, 74, 36, 182, 47, 165, 170, 35, 107, 84, 144, 158, 190, 89, 174, 153, 193, 150, 86]项目工期为：462.0；项目成本为：227266.20000000004
染色体结构为:
[95, 67, 24, 65, 48, 141, 148, 14, 16, 79, 136, 61, 19, 145, 98, 83, 109, 34, 116, 94, 51, 30, 85, 70, 132, 110, 56, 49, 25, 32, 105, 77, 8, 57, 96, 75, 126, 166, 112, 88, 124, 53, 152, 127, 185, 1, 10, 33, 137, 142, 60, 59, 64, 66, 46, 23, 198, 199, 167, 103, 27, 17, 194, 3, 169, 106, 192, 181, 104, 20, 92, 50, 90, 13, 149, 157, 91, 73, 164, 62, 44, 161, 123, 12, 140, 39, 29, 120, 69, 100, 28, 176, 163, 156, 178, 2, 87, 40, 21, 119, 111, 195, 188, 122, 177, 15, 55, 54, 68, 114, 101, 71, 160, 102, 26, 125, 118, 133, 197, 131, 72, 38, 76, 22, 151, 58, 189, 97, 172, 81, 138, 162, 183, 184, 139, 45, 4, 128, 37, 191, 52, 129, 186, 80, 154, 143, 82, 93, 113, 179, 11, 31, 180, 5, 35, 6, 173, 63, 153, 134, 117, 130, 200, 168, 18, 36, 86, 7, 43, 150, 174, 147, 175, 159, 41, 108, 42, 78, 9, 182, 135, 155, 187, 171, 115, 74, 99, 196, 84, 121, 146, 165, 47, 170, 190, 107, 144, 193, 89, 158]项目工期为：395.0；项目成本为：242879.49999999994
染色体结构为:
[103, 23, 142, 178, 2, 20, 88, 101, 21, 75, 58, 189, 177, 152, 98, 67, 151, 77, 148, 172, 97, 95, 156, 57, 161, 32, 129, 106, 81, 133, 26, 71, 60, 132, 14, 51, 54, 154, 44, 184, 109, 19, 160, 90, 39, 169, 45, 8, 69, 16, 197, 167, 80, 194, 24, 15, 65, 48, 141, 5, 145, 136, 79, 61, 140, 83, 29, 35, 33, 123, 25, 27, 70, 49, 6, 173, 64, 128, 102, 63, 94, 59, 143, 62, 85, 34, 199, 28, 30, 100, 124, 116, 120, 105, 110, 56, 126, 96, 166, 185, 112, 53, 127, 10, 1, 137, 66, 46, 198, 17, 3, 181, 104, 92, 50, 192, 153, 162, 93, 52, 131, 82, 4, 179, 113, 37, 180, 11, 191, 114, 134, 72, 38, 122, 31, 183, 13, 12, 117, 73, 91, 68, 119, 118, 22, 125, 76, 138, 36, 188, 108, 171, 55, 168, 163, 182, 155, 111, 175, 7, 149, 74, 130, 147, 174, 164, 157, 47, 144, 186, 196, 87, 115, 121, 107, 86, 139, 18, 78, 176, 84, 158, 40, 89, 187, 99, 135, 9, 165, 42, 170, 150, 43, 146, 190, 200, 41, 195, 159, 193]项目工期为：324.0；项目成本为：271703.3000000002
染色体结构为:
[103, 142, 178, 20, 23, 88, 2, 101, 21, 58, 75, 177, 189, 152, 151, 98, 148, 67, 77, 172, 97, 95, 156, 57, 161, 32, 129, 106, 81, 133, 26, 71, 14, 132, 60, 51, 154, 54, 44, 184, 109, 19, 160, 90, 39, 169, 45, 8, 69, 16, 197, 167, 80, 194, 24, 15, 141, 65, 48, 5, 136, 145, 61, 140, 79, 29, 83, 35, 33, 123, 27, 25, 70, 49, 6, 173, 64, 102, 128, 63, 94, 59, 62, 85, 143, 34, 199, 28, 100, 30, 116, 124, 105, 120, 110, 56, 126, 96, 166, 112, 185, 53, 127, 10, 137, 1, 46, 66, 198, 17, 181, 3, 92, 104, 50, 192, 164, 91, 13, 149, 157, 73, 176, 163, 12, 40, 188, 87, 119, 111, 122, 195, 55, 4, 153, 93, 82, 162, 11, 52, 179, 131, 113, 180, 37, 114, 72, 38, 191, 134, 31, 183, 117, 118, 68, 125, 22, 138, 186, 139, 200, 76, 130, 18, 168, 86, 7, 43, 36, 147, 174, 150, 108, 159, 175, 41, 78, 9, 42, 155, 182, 135, 187, 171, 115, 99, 74, 196, 146, 165, 121, 84, 47, 107, 190, 170, 144, 158, 193, 89]项目工期为：343.0；项目成本为：257778.80000000005
染色体结构为:
[24, 95, 67, 65, 148, 141, 48, 16, 14, 79, 136, 19, 61, 145, 83, 98, 109, 34, 116, 51, 94, 30, 70, 132, 49, 110, 85, 56, 32, 77, 25, 105, 8, 75, 57, 96, 126, 124, 112, 166, 53, 88, 152, 185, 127, 1, 10, 137, 33, 142, 60, 64, 59, 66, 198, 46, 23, 199, 103, 17, 167, 27, 106, 194, 3, 192, 169, 40, 181, 161, 87, 104, 20, 119, 111, 92, 50, 90, 91, 157, 13, 73, 149, 44, 164, 62, 123, 29, 12, 140, 39, 69, 100, 120, 28, 163, 176, 156, 178, 21, 2, 188, 195, 55, 58, 101, 177, 151, 189, 81, 97, 172, 68, 122, 15, 54, 133, 71, 114, 118, 102, 160, 125, 26, 131, 197, 38, 22, 72, 162, 76, 183, 138, 184, 139, 45, 52, 37, 4, 186, 129, 128, 191, 80, 82, 154, 143, 93, 179, 113, 11, 6, 180, 5, 153, 175, 31, 117, 99, 115, 155, 168, 7, 130, 200, 134, 187, 173, 42, 159, 18, 63, 41, 78, 43, 9, 146, 196, 135, 108, 171, 121, 147, 182, 74, 165, 47, 36, 35, 107, 84, 170, 144, 190, 89, 193, 158, 86, 174, 150]项目工期为：512.0；项目成本为：219954.40000000002
染色体结构为:
[95, 24, 67, 65, 48, 148, 14, 141, 16, 136, 79, 61, 19, 145, 98, 109, 83, 116, 51, 34, 94, 30, 70, 110, 132, 85, 56, 32, 49, 25, 105, 77, 8, 75, 57, 96, 126, 124, 166, 112, 53, 88, 127, 152, 185, 1, 10, 137, 33, 142, 64, 60, 46, 59, 66, 198, 23, 199, 103, 167, 17, 106, 194, 27, 3, 192, 169, 40, 181, 161, 104, 39, 69, 62, 29, 120, 28, 100, 156, 20, 50, 90, 92, 91, 157, 13, 149, 73, 44, 164, 12, 140, 176, 163, 123, 2, 178, 58, 101, 21, 177, 151, 189, 97, 172, 81, 188, 87, 111, 119, 195, 122, 54, 15, 68, 55, 133, 71, 102, 118, 114, 160, 125, 26, 131, 197, 38, 22, 76, 72, 162, 138, 184, 183, 45, 139, 37, 128, 52, 186, 4, 129, 191, 82, 143, 154, 80, 93, 179, 11, 180, 6, 113, 117, 5, 155, 115, 31, 99, 7, 175, 200, 168, 130, 173, 134, 18, 187, 42, 63, 41, 159, 9, 78, 43, 146, 196, 171, 108, 121, 135, 74, 147, 36, 182, 47, 165, 170, 35, 107, 84, 144, 158, 190, 89, 174, 153, 193, 86, 150]项目工期为：424.0；项目成本为：236244.9
染色体结构为:
[132, 110, 25, 49, 56, 105, 14, 77, 8, 75, 32, 126, 96, 57, 124, 152, 166, 112, 185, 127, 53, 33, 88, 10, 1, 137, 64, 141, 60, 142, 66, 59, 198, 40, 46, 145, 161, 87, 111, 119, 23, 148, 48, 156, 39, 29, 188, 21, 27, 195, 122, 24, 163, 28, 55, 65, 3, 17, 67, 95, 136, 83, 79, 61, 16, 19, 109, 103, 178, 2, 20, 177, 58, 98, 101, 189, 151, 172, 133, 97, 106, 81, 129, 26, 71, 51, 154, 184, 44, 160, 54, 69, 90, 169, 45, 15, 194, 197, 5, 153, 167, 82, 179, 80, 4, 93, 52, 6, 162, 128, 131, 180, 11, 113, 192, 37, 72, 34, 114, 38, 70, 94, 199, 85, 116, 30, 100, 62, 120, 176, 181, 104, 13, 50, 92, 149, 157, 91, 73, 12, 140, 164, 123, 68, 102, 118, 76, 125, 22, 138, 183, 139, 186, 191, 143, 31, 115, 155, 117, 175, 99, 168, 7, 200, 130, 134, 187, 18, 42, 173, 159, 78, 63, 9, 146, 41, 171, 196, 121, 43, 135, 108, 74, 47, 147, 36, 165, 182, 170, 35, 190, 107, 84, 193, 89, 144, 174, 86, 158, 150]项目工期为：426.0；项目成本为：235661.7
染色体结构为:
[103, 142, 178, 20, 88, 23, 2, 101, 58, 21, 75, 177, 189, 151, 152, 98, 148, 95, 67, 24, 65, 16, 48, 14, 141, 19, 79, 136, 61, 145, 109, 83, 34, 51, 116, 94, 30, 70, 132, 110, 49, 85, 56, 105, 25, 8, 77, 32, 96, 124, 57, 53, 127, 166, 126, 112, 10, 185, 199, 27, 33, 106, 39, 62, 161, 29, 69, 28, 120, 156, 176, 100, 163, 97, 81, 137, 64, 172, 1, 66, 59, 198, 46, 60, 167, 17, 3, 192, 194, 181, 104, 169, 92, 13, 50, 90, 149, 164, 91, 157, 73, 44, 123, 140, 40, 12, 119, 87, 111, 188, 122, 195, 55, 15, 68, 54, 71, 102, 114, 118, 133, 26, 160, 125, 197, 38, 72, 131, 22, 76, 162, 138, 45, 184, 139, 183, 128, 37, 52, 186, 143, 4, 154, 191, 129, 5, 153, 82, 80, 93, 179, 6, 11, 113, 31, 180, 117, 175, 115, 155, 99, 168, 7, 130, 200, 173, 134, 187, 42, 18, 63, 159, 41, 78, 9, 196, 43, 171, 108, 146, 135, 121, 147, 74, 182, 47, 36, 35, 84, 165, 170, 107, 144, 190, 89, 158, 86, 193, 174, 150]项目工期为：412.0；项目成本为：237447.4
染色体结构为:
[95, 24, 67, 65, 48, 148, 14, 141, 16, 136, 61, 79, 145, 19, 98, 109, 83, 116, 51, 34, 94, 30, 70, 110, 85, 132, 32, 56, 49, 25, 77, 105, 75, 8, 57, 96, 126, 124, 166, 112, 53, 88, 127, 152, 185, 1, 10, 137, 142, 33, 60, 46, 64, 66, 59, 198, 23, 199, 103, 167, 17, 106, 194, 27, 3, 192, 181, 169, 40, 161, 104, 87, 20, 119, 111, 50, 92, 91, 157, 90, 13, 149, 73, 44, 164, 62, 123, 12, 29, 140, 39, 69, 100, 120, 28, 163, 176, 178, 156, 2, 21, 188, 195, 55, 58, 101, 151, 189, 177, 81, 172, 122, 68, 15, 97, 54, 71, 133, 118, 114, 160, 102, 125, 26, 197, 131, 38, 72, 22, 76, 162, 138, 184, 183, 139, 45, 37, 186, 52, 4, 129, 80, 128, 191, 154, 82, 143, 93, 179, 11, 6, 113, 180, 5, 31, 153, 175, 115, 117, 99, 155, 168, 7, 200, 134, 130, 173, 187, 42, 159, 63, 18, 41, 78, 43, 196, 9, 146, 135, 108, 121, 171, 147, 182, 165, 74, 47, 84, 36, 35, 107, 170, 144, 190, 193, 89, 158, 150, 174, 86]项目工期为：469.0；项目成本为：226802.80000000005
染色体结构为:
[95, 67, 24, 65, 48, 16, 14, 148, 141, 19, 79, 136, 61, 145, 109, 83, 34, 98, 51, 116, 94, 30, 70, 132, 110, 85, 56, 49, 105, 25, 8, 77, 32, 75, 96, 124, 57, 53, 166, 127, 126, 112, 10, 185, 199, 152, 27, 33, 106, 39, 161, 62, 23, 29, 69, 28, 120, 156, 176, 2, 100, 163, 20, 178, 103, 142, 58, 88, 177, 97, 21, 101, 189, 151, 81, 64, 137, 172, 1, 66, 59, 198, 60, 46, 17, 167, 192, 3, 194, 181, 104, 169, 92, 50, 13, 90, 91, 149, 164, 157, 73, 44, 123, 40, 140, 12, 87, 111, 119, 122, 188, 195, 55, 15, 68, 54, 71, 102, 114, 118, 133, 26, 125, 197, 160, 131, 38, 72, 22, 162, 76, 138, 45, 184, 139, 183, 128, 52, 37, 143, 186, 4, 154, 191, 129, 5, 153, 80, 82, 93, 179, 6, 113, 11, 31, 180, 117, 175, 115, 155, 99, 168, 7, 130, 200, 173, 187, 134, 42, 18, 63, 159, 41, 78, 9, 196, 43, 171, 108, 146, 135, 121, 147, 74, 182, 47, 36, 35, 165, 84, 170, 107, 144, 89, 190, 158, 86, 193, 174, 150]项目工期为：409.0；项目成本为：238797.80000000002
染色体结构为:
[65, 24, 95, 67, 48, 148, 14, 141, 136, 79, 61, 16, 145, 83, 109, 116, 19, 98, 94, 34, 70, 51, 30, 85, 49, 32, 110, 132, 56, 105, 8, 25, 77, 96, 75, 124, 57, 112, 166, 53, 126, 152, 127, 185, 10, 33, 199, 27, 106, 62, 161, 39, 69, 156, 28, 29, 120, 100, 23, 176, 163, 142, 2, 20, 178, 103, 21, 58, 88, 81, 177, 101, 97, 189, 172, 1, 151, 137, 66, 59, 46, 60, 64, 198, 167, 17, 3, 192, 104, 181, 169, 194, 50, 13, 91, 164, 92, 149, 73, 157, 12, 90, 140, 44, 123, 40, 87, 111, 119, 55, 188, 122, 195, 68, 15, 114, 102, 54, 71, 133, 118, 160, 125, 197, 26, 131, 38, 76, 72, 22, 138, 45, 183, 162, 37, 128, 184, 139, 4, 186, 52, 129, 191, 154, 80, 179, 143, 82, 93, 31, 113, 180, 11, 5, 6, 117, 115, 155, 175, 99, 7, 168, 200, 130, 187, 134, 42, 18, 173, 159, 78, 63, 146, 41, 9, 171, 121, 196, 43, 108, 147, 74, 47, 36, 135, 182, 165, 170, 35, 190, 84, 107, 89, 153, 144, 193, 174, 86, 150, 158]项目工期为：568.0；项目成本为：214352.4999999999
染色体结构为:
[24, 95, 65, 67, 132, 49, 110, 48, 14, 148, 141, 145, 16, 136, 19, 79, 61, 98, 109, 83, 34, 51, 94, 116, 70, 30, 199, 23, 178, 103, 142, 21, 2, 20, 88, 101, 75, 177, 189, 152, 77, 172, 58, 97, 156, 161, 151, 57, 106, 32, 81, 129, 133, 71, 39, 154, 26, 184, 44, 160, 60, 54, 69, 169, 90, 29, 194, 140, 5, 123, 6, 35, 27, 85, 33, 167, 3, 17, 8, 45, 15, 197, 153, 162, 80, 52, 82, 93, 4, 131, 179, 128, 10, 192, 113, 37, 11, 180, 105, 114, 191, 100, 134, 72, 38, 50, 31, 126, 122, 46, 183, 28, 92, 25, 137, 13, 117, 1, 12, 64, 59, 62, 73, 68, 112, 91, 166, 119, 118, 198, 102, 124, 96, 22, 53, 125, 138, 76, 63, 36, 108, 188, 168, 171, 155, 163, 55, 127, 120, 173, 111, 182, 66, 56, 175, 7, 149, 143, 147, 104, 130, 174, 74, 164, 157, 47, 144, 185, 196, 186, 115, 121, 87, 86, 107, 139, 18, 78, 40, 176, 84, 99, 158, 89, 187, 195, 150, 200, 43, 41, 159, 9, 42, 135, 146, 190, 181, 170, 165, 193]项目工期为：313.0；项目成本为：277923.4000000001
染色体结构为:
[95, 67, 24, 48, 65, 148, 141, 14, 136, 16, 61, 79, 19, 98, 34, 145, 109, 83, 51, 94, 116, 70, 30, 85, 110, 132, 49, 56, 105, 25, 8, 32, 75, 96, 77, 126, 124, 166, 57, 127, 112, 185, 10, 53, 199, 39, 33, 69, 106, 27, 161, 62, 23, 152, 120, 29, 28, 100, 156, 88, 137, 1, 64, 142, 59, 66, 60, 198, 46, 103, 192, 167, 169, 17, 181, 3, 194, 50, 20, 104, 90, 92, 91, 157, 13, 149, 44, 73, 164, 140, 12, 123, 176, 163, 2, 178, 101, 58, 177, 21, 189, 151, 97, 172, 40, 188, 81, 87, 111, 119, 122, 195, 68, 54, 15, 55, 71, 133, 102, 118, 114, 160, 125, 26, 131, 197, 38, 22, 72, 162, 76, 184, 138, 45, 183, 37, 139, 128, 52, 186, 4, 129, 191, 82, 143, 80, 93, 154, 179, 6, 11, 180, 113, 117, 5, 155, 115, 7, 99, 31, 175, 200, 168, 130, 173, 134, 18, 187, 42, 63, 41, 159, 9, 78, 43, 146, 196, 171, 108, 135, 121, 74, 147, 36, 182, 47, 170, 165, 107, 35, 84, 144, 158, 190, 174, 89, 153, 193, 86, 150]项目工期为：473.0；项目成本为：226538.50000000003
染色体结构为:
[95, 67, 24, 48, 65, 14, 16, 148, 141, 79, 19, 61, 136, 145, 109, 34, 83, 98, 51, 116, 94, 30, 70, 110, 132, 85, 49, 56, 105, 25, 8, 77, 32, 75, 96, 57, 124, 53, 166, 127, 126, 112, 10, 185, 199, 152, 27, 33, 106, 161, 39, 62, 69, 23, 29, 28, 120, 156, 176, 2, 100, 163, 20, 178, 103, 58, 88, 177, 21, 142, 97, 101, 151, 189, 81, 64, 172, 137, 66, 1, 59, 198, 60, 46, 17, 167, 3, 192, 194, 181, 169, 104, 13, 92, 50, 90, 149, 91, 164, 157, 73, 44, 140, 123, 40, 87, 12, 119, 111, 122, 188, 55, 195, 68, 15, 54, 71, 102, 114, 118, 133, 26, 160, 125, 197, 38, 131, 72, 22, 76, 138, 162, 183, 45, 184, 139, 128, 52, 37, 186, 143, 154, 4, 191, 129, 5, 153, 80, 179, 82, 93, 6, 113, 11, 31, 180, 117, 175, 115, 155, 99, 168, 7, 130, 200, 173, 134, 187, 42, 18, 63, 41, 159, 78, 9, 43, 171, 196, 146, 108, 135, 121, 147, 74, 182, 36, 47, 35, 165, 107, 84, 170, 144, 89, 190, 158, 86, 193, 174, 150]项目工期为：429.0；项目成本为：233390.8000000001
染色体结构为:
[95, 67, 48, 24, 65, 148, 141, 14, 136, 16, 61, 79, 98, 19, 145, 109, 34, 83, 51, 116, 94, 70, 30, 110, 85, 132, 49, 56, 25, 105, 8, 32, 96, 75, 124, 77, 126, 166, 127, 57, 112, 185, 53, 10, 199, 33, 106, 39, 69, 27, 62, 23, 161, 152, 120, 88, 1, 137, 60, 142, 64, 66, 59, 198, 46, 103, 17, 167, 194, 3, 169, 192, 40, 181, 87, 104, 20, 111, 119, 92, 50, 91, 90, 157, 13, 149, 44, 73, 164, 123, 29, 140, 12, 100, 163, 28, 156, 176, 178, 21, 2, 188, 55, 195, 58, 101, 177, 189, 151, 81, 97, 172, 68, 15, 122, 133, 54, 71, 114, 118, 102, 160, 125, 26, 131, 197, 22, 38, 72, 162, 76, 138, 183, 139, 184, 52, 45, 37, 4, 186, 129, 128, 191, 82, 154, 143, 80, 93, 179, 113, 11, 180, 6, 153, 5, 175, 31, 117, 99, 115, 168, 155, 130, 200, 134, 187, 7, 173, 42, 18, 159, 63, 41, 78, 43, 9, 135, 196, 146, 108, 171, 121, 147, 182, 74, 165, 47, 35, 36, 170, 107, 144, 190, 84, 193, 89, 158, 86, 150, 174]项目工期为：502.0；项目成本为：222008.00000000003
染色体结构为:
[95, 67, 24, 65, 48, 14, 16, 148, 141, 79, 19, 136, 61, 145, 109, 83, 34, 98, 51, 116, 94, 30, 70, 132, 110, 85, 49, 56, 25, 105, 8, 77, 32, 75, 96, 124, 57, 53, 166, 127, 126, 112, 10, 185, 199, 152, 33, 27, 161, 106, 39, 62, 29, 69, 23, 28, 120, 176, 156, 100, 2, 163, 20, 178, 103, 142, 58, 88, 21, 177, 97, 101, 189, 151, 81, 64, 137, 1, 172, 66, 59, 198, 60, 46, 17, 167, 3, 192, 194, 181, 104, 169, 92, 13, 50, 90, 149, 91, 164, 157, 73, 44, 123, 140, 40, 12, 87, 119, 111, 188, 122, 195, 55, 15, 68, 54, 71, 102, 118, 114, 133, 26, 125, 160, 197, 131, 38, 72, 22, 76, 162, 138, 183, 45, 184, 139, 128, 37, 52, 186, 143, 4, 154, 191, 129, 5, 153, 80, 82, 93, 179, 6, 113, 31, 11, 180, 117, 175, 115, 155, 99, 168, 7, 200, 130, 173, 187, 134, 42, 18, 63, 159, 41, 78, 9, 196, 43, 171, 108, 146, 135, 121, 147, 74, 47, 182, 36, 35, 165, 170, 84, 107, 144, 190, 89, 86, 158, 193, 174, 150]项目工期为：400.0；项目成本为：240270.9
染色体结构为:
[103, 142, 20, 178, 23, 88, 101, 2, 21, 58, 75, 177, 189, 152, 151, 98, 148, 172, 67, 77, 97, 95, 156, 161, 57, 32, 129, 81, 106, 133, 26, 71, 14, 132, 60, 51, 154, 54, 44, 109, 184, 19, 160, 39, 90, 169, 45, 8, 16, 69, 197, 167, 80, 194, 24, 15, 141, 48, 65, 5, 136, 145, 61, 140, 79, 29, 83, 123, 35, 33, 25, 27, 70, 6, 49, 173, 64, 102, 128, 94, 63, 59, 62, 85, 143, 28, 199, 34, 100, 30, 116, 124, 105, 120, 110, 126, 96, 56, 166, 185, 112, 53, 127, 10, 137, 1, 46, 198, 66, 17, 181, 3, 92, 104, 50, 192, 164, 91, 13, 149, 157, 73, 176, 163, 12, 40, 188, 87, 119, 111, 122, 195, 55, 4, 93, 153, 82, 162, 52, 11, 179, 131, 113, 180, 37, 114, 72, 38, 191, 134, 31, 117, 183, 118, 125, 68, 22, 138, 186, 139, 200, 76, 130, 18, 168, 86, 7, 43, 36, 147, 174, 150, 108, 159, 175, 41, 78, 42, 9, 155, 182, 135, 187, 115, 171, 99, 74, 196, 165, 146, 84, 121, 47, 107, 190, 170, 144, 158, 193, 89]项目工期为：341.0；项目成本为：258682.1000000001
染色体结构为:
[95, 24, 65, 48, 148, 67, 14, 141, 79, 136, 16, 61, 145, 109, 116, 83, 19, 98, 34, 94, 70, 51, 30, 85, 110, 49, 32, 132, 56, 105, 25, 8, 77, 124, 96, 57, 75, 112, 53, 166, 126, 127, 152, 185, 33, 10, 199, 106, 27, 62, 161, 69, 39, 156, 120, 28, 29, 100, 23, 176, 163, 2, 20, 142, 178, 103, 21, 58, 88, 101, 81, 97, 177, 189, 1, 172, 151, 137, 64, 66, 59, 46, 60, 198, 167, 17, 3, 192, 104, 169, 181, 13, 194, 50, 92, 91, 157, 164, 149, 73, 12, 90, 140, 44, 123, 40, 87, 111, 55, 119, 188, 122, 68, 195, 15, 114, 102, 54, 133, 71, 160, 118, 197, 125, 26, 131, 38, 76, 22, 138, 72, 45, 162, 37, 183, 128, 184, 139, 4, 52, 186, 191, 80, 129, 154, 179, 143, 82, 113, 93, 31, 180, 11, 6, 5, 117, 115, 155, 175, 99, 168, 7, 200, 187, 130, 134, 42, 18, 173, 159, 78, 63, 9, 146, 41, 171, 196, 43, 108, 121, 135, 147, 47, 74, 36, 165, 182, 170, 153, 35, 84, 107, 144, 190, 89, 193, 158, 86, 174, 150]项目工期为：571.0；项目成本为：213228.30000000008
染色体结构为:
[103, 142, 178, 20, 88, 23, 2, 58, 101, 75, 177, 21, 189, 152, 151, 98, 148, 67, 77, 172, 95, 97, 156, 161, 32, 57, 129, 106, 81, 133, 26, 71, 14, 132, 60, 54, 51, 154, 44, 184, 109, 19, 160, 90, 39, 169, 45, 8, 69, 16, 197, 167, 80, 194, 24, 15, 141, 65, 48, 5, 136, 145, 61, 79, 140, 29, 83, 35, 33, 123, 27, 70, 49, 25, 6, 173, 128, 64, 102, 63, 59, 94, 62, 85, 143, 34, 199, 28, 100, 30, 116, 124, 105, 120, 110, 56, 126, 96, 166, 112, 185, 53, 127, 137, 10, 1, 46, 66, 198, 17, 181, 3, 92, 104, 50, 192, 164, 91, 13, 149, 157, 163, 176, 73, 12, 40, 188, 111, 87, 119, 122, 195, 55, 4, 93, 153, 82, 162, 52, 11, 179, 131, 113, 180, 37, 114, 72, 38, 191, 134, 31, 183, 118, 117, 68, 22, 125, 138, 186, 139, 200, 76, 130, 168, 18, 7, 86, 43, 36, 147, 174, 150, 108, 175, 159, 41, 78, 9, 42, 155, 182, 135, 187, 171, 115, 99, 196, 74, 146, 165, 121, 84, 47, 107, 170, 190, 144, 158, 193, 89]项目工期为：353.0；项目成本为：256579.60000000003
染色体结构为:
[95, 24, 67, 48, 65, 148, 141, 14, 16, 136, 61, 79, 19, 98, 145, 109, 34, 83, 51, 116, 94, 70, 30, 85, 110, 49, 132, 56, 25, 105, 8, 75, 32, 96, 124, 77, 126, 166, 57, 112, 185, 127, 53, 10, 199, 39, 33, 106, 69, 27, 62, 161, 23, 152, 120, 29, 28, 100, 156, 88, 137, 64, 142, 1, 59, 66, 198, 60, 46, 103, 192, 167, 169, 17, 181, 3, 50, 20, 194, 104, 90, 92, 91, 157, 13, 73, 149, 164, 44, 12, 140, 176, 123, 163, 178, 2, 101, 58, 21, 177, 151, 189, 172, 97, 40, 81, 188, 87, 111, 122, 119, 68, 195, 54, 15, 55, 133, 71, 102, 114, 160, 118, 125, 26, 131, 197, 38, 22, 76, 72, 162, 138, 184, 45, 139, 183, 37, 128, 52, 186, 4, 129, 191, 82, 143, 80, 154, 93, 179, 6, 11, 180, 113, 117, 5, 155, 115, 31, 99, 7, 175, 200, 168, 130, 173, 134, 18, 187, 42, 63, 41, 159, 9, 78, 43, 146, 196, 171, 108, 121, 135, 74, 147, 36, 182, 47, 165, 170, 107, 35, 144, 84, 158, 190, 174, 89, 153, 193, 86, 150]项目工期为：453.0；项目成本为：229798.3
染色体结构为:
[95, 24, 65, 67, 48, 148, 14, 141, 79, 136, 16, 61, 145, 109, 83, 116, 19, 98, 34, 94, 70, 30, 51, 85, 110, 49, 32, 132, 56, 105, 25, 8, 77, 96, 124, 75, 57, 112, 166, 126, 53, 152, 127, 185, 10, 33, 27, 199, 106, 62, 69, 161, 156, 39, 28, 120, 29, 100, 23, 176, 2, 163, 178, 20, 142, 103, 21, 58, 88, 81, 101, 177, 97, 189, 172, 1, 151, 137, 64, 66, 59, 46, 60, 198, 167, 17, 3, 192, 104, 181, 169, 194, 13, 50, 92, 91, 157, 149, 164, 90, 73, 12, 140, 44, 123, 87, 40, 111, 119, 188, 55, 122, 195, 68, 15, 102, 114, 54, 71, 133, 118, 160, 197, 125, 26, 131, 38, 76, 72, 22, 138, 45, 183, 162, 37, 128, 184, 139, 4, 52, 186, 191, 129, 80, 154, 179, 82, 143, 93, 113, 31, 11, 180, 6, 5, 115, 117, 155, 175, 99, 168, 7, 130, 200, 134, 187, 42, 18, 173, 159, 78, 63, 9, 146, 41, 171, 196, 121, 43, 108, 74, 135, 147, 47, 36, 165, 182, 170, 35, 107, 190, 84, 89, 153, 144, 193, 174, 150, 86, 158]项目工期为：599.0；项目成本为：210126.6000000001
染色体结构为:
[103, 23, 178, 142, 2, 20, 88, 101, 21, 75, 58, 177, 189, 152, 98, 67, 151, 148, 77, 172, 95, 97, 156, 57, 161, 32, 106, 129, 81, 133, 26, 71, 14, 132, 60, 51, 54, 154, 44, 109, 184, 90, 160, 19, 39, 169, 45, 69, 8, 16, 197, 167, 80, 24, 194, 15, 5, 65, 141, 48, 136, 145, 61, 79, 140, 83, 29, 35, 33, 123, 27, 70, 25, 49, 6, 173, 64, 102, 128, 63, 143, 94, 59, 62, 85, 199, 34, 30, 28, 116, 100, 124, 120, 105, 110, 56, 96, 126, 166, 112, 185, 53, 127, 10, 1, 137, 46, 66, 198, 17, 181, 3, 104, 92, 192, 50, 91, 13, 164, 149, 157, 73, 176, 12, 87, 163, 40, 111, 188, 119, 122, 195, 55, 4, 153, 93, 82, 52, 162, 11, 179, 113, 180, 131, 37, 38, 114, 72, 191, 134, 31, 117, 183, 68, 118, 125, 22, 186, 138, 139, 200, 76, 168, 130, 18, 36, 7, 43, 86, 147, 150, 174, 159, 108, 78, 175, 41, 42, 9, 182, 135, 155, 187, 115, 171, 74, 99, 196, 146, 165, 121, 84, 190, 47, 170, 107, 144, 158, 193, 89]项目工期为：380.0；项目成本为：247780.0
染色体结构为:
[95, 24, 65, 67, 48, 148, 14, 141, 79, 136, 16, 61, 109, 145, 83, 116, 98, 19, 94, 34, 30, 70, 51, 85, 49, 110, 32, 132, 56, 105, 25, 8, 77, 96, 124, 75, 57, 112, 166, 126, 53, 152, 127, 185, 10, 33, 27, 199, 106, 161, 62, 69, 39, 156, 28, 120, 29, 100, 176, 23, 2, 163, 178, 20, 142, 103, 21, 58, 88, 101, 177, 81, 97, 189, 172, 1, 151, 64, 137, 66, 46, 59, 198, 60, 167, 3, 17, 192, 104, 169, 181, 13, 194, 50, 92, 157, 91, 164, 149, 90, 73, 12, 140, 123, 44, 40, 87, 111, 119, 188, 55, 122, 195, 15, 68, 114, 102, 54, 133, 160, 71, 118, 125, 197, 26, 131, 38, 76, 22, 72, 138, 45, 183, 162, 37, 128, 184, 4, 139, 186, 191, 52, 129, 80, 154, 143, 179, 82, 93, 113, 31, 180, 11, 6, 5, 117, 115, 155, 175, 168, 99, 7, 200, 130, 187, 134, 42, 18, 159, 78, 173, 63, 9, 41, 146, 196, 171, 43, 121, 108, 135, 74, 147, 47, 165, 36, 182, 170, 35, 107, 84, 190, 153, 144, 89, 193, 174, 86, 150, 158]项目工期为：588.0；项目成本为：211463.1000000001
染色体结构为:
[95, 65, 24, 67, 48, 14, 141, 79, 148, 136, 16, 61, 145, 109, 116, 83, 19, 98, 94, 34, 30, 70, 85, 51, 49, 110, 32, 132, 56, 105, 25, 8, 77, 96, 124, 75, 57, 112, 166, 126, 53, 152, 127, 185, 10, 33, 27, 199, 62, 106, 69, 161, 39, 156, 120, 28, 23, 29, 100, 176, 163, 178, 20, 2, 21, 103, 142, 58, 101, 88, 81, 177, 189, 97, 172, 1, 151, 137, 64, 66, 59, 46, 60, 198, 167, 17, 192, 3, 104, 169, 194, 181, 13, 50, 92, 91, 164, 157, 149, 90, 73, 12, 44, 123, 40, 140, 87, 188, 111, 119, 55, 122, 68, 195, 15, 102, 71, 114, 54, 133, 118, 197, 160, 26, 125, 38, 131, 76, 72, 22, 45, 138, 162, 183, 37, 128, 184, 139, 4, 52, 186, 129, 191, 80, 154, 179, 143, 93, 82, 113, 180, 31, 11, 6, 5, 117, 155, 115, 175, 99, 168, 7, 200, 130, 187, 134, 42, 18, 173, 159, 78, 63, 9, 41, 146, 171, 196, 43, 108, 135, 121, 74, 147, 36, 47, 165, 182, 170, 35, 190, 84, 107, 153, 89, 193, 144, 174, 150, 86, 158]项目工期为：570.0；项目成本为：214298.80000000002
染色体结构为:
[24, 95, 67, 148, 65, 48, 141, 14, 16, 136, 79, 19, 61, 83, 145, 109, 98, 34, 116, 94, 51, 30, 132, 70, 110, 49, 85, 56, 25, 77, 32, 105, 8, 57, 75, 96, 126, 53, 124, 112, 166, 88, 152, 127, 1, 185, 10, 137, 33, 142, 60, 59, 64, 66, 46, 198, 23, 199, 167, 103, 106, 17, 194, 27, 192, 3, 169, 161, 40, 181, 104, 87, 20, 119, 111, 92, 50, 90, 91, 157, 13, 73, 149, 164, 62, 44, 123, 29, 12, 39, 69, 120, 2, 178, 21, 101, 58, 177, 189, 151, 172, 97, 156, 129, 81, 133, 26, 71, 154, 54, 160, 45, 184, 197, 15, 80, 5, 140, 35, 6, 173, 102, 128, 143, 63, 28, 100, 176, 163, 188, 122, 195, 55, 4, 153, 93, 52, 82, 162, 179, 11, 113, 180, 37, 131, 38, 114, 72, 191, 31, 134, 183, 68, 117, 118, 125, 22, 138, 186, 139, 76, 200, 130, 18, 168, 86, 36, 7, 43, 150, 147, 174, 159, 175, 41, 108, 9, 78, 135, 182, 42, 155, 171, 187, 115, 74, 99, 196, 121, 146, 165, 47, 84, 107, 170, 190, 193, 144, 158, 89]项目工期为：403.0；项目成本为：239614.10000000003
染色体结构为:
[24, 95, 67, 148, 48, 141, 65, 14, 16, 79, 136, 19, 61, 83, 145, 109, 98, 34, 116, 51, 94, 30, 70, 132, 49, 110, 56, 85, 25, 32, 77, 105, 8, 75, 57, 96, 126, 124, 112, 53, 166, 152, 127, 88, 1, 185, 10, 137, 33, 142, 60, 59, 64, 66, 198, 46, 23, 199, 103, 167, 27, 106, 17, 194, 192, 3, 178, 2, 20, 101, 21, 58, 177, 189, 151, 172, 169, 181, 104, 92, 90, 50, 13, 157, 91, 149, 164, 161, 62, 73, 44, 123, 12, 140, 97, 39, 156, 54, 81, 129, 26, 160, 69, 28, 29, 120, 176, 163, 100, 87, 40, 111, 119, 188, 55, 122, 68, 195, 15, 114, 71, 133, 102, 118, 197, 125, 38, 72, 131, 76, 22, 138, 162, 183, 45, 184, 139, 128, 52, 37, 186, 143, 191, 4, 5, 154, 153, 80, 82, 179, 6, 93, 113, 11, 31, 180, 117, 115, 175, 99, 168, 155, 7, 130, 200, 173, 42, 134, 18, 63, 159, 187, 41, 78, 43, 9, 196, 171, 135, 146, 108, 147, 74, 121, 182, 165, 47, 36, 84, 35, 107, 144, 170, 190, 89, 193, 158, 86, 174, 150]项目工期为：421.0；项目成本为：236436.70000000004
染色体结构为:
[95, 24, 65, 48, 67, 141, 14, 148, 79, 136, 61, 16, 109, 145, 83, 116, 19, 98, 34, 30, 94, 51, 70, 85, 49, 110, 32, 132, 56, 105, 25, 77, 8, 96, 124, 57, 75, 112, 166, 126, 53, 152, 127, 10, 185, 33, 27, 199, 62, 106, 161, 69, 39, 28, 120, 156, 29, 23, 100, 176, 163, 178, 2, 20, 142, 103, 21, 58, 101, 88, 81, 177, 97, 189, 1, 172, 151, 137, 64, 66, 46, 59, 60, 198, 167, 17, 3, 192, 104, 169, 194, 13, 181, 50, 92, 91, 164, 157, 149, 90, 73, 12, 140, 44, 123, 40, 87, 111, 188, 119, 55, 122, 68, 15, 195, 102, 114, 54, 71, 133, 118, 197, 160, 26, 125, 131, 38, 76, 22, 72, 138, 45, 162, 183, 37, 128, 139, 184, 52, 4, 186, 191, 129, 154, 80, 179, 143, 82, 93, 113, 180, 31, 11, 6, 5, 117, 155, 115, 175, 99, 168, 200, 7, 130, 187, 134, 42, 18, 173, 159, 78, 63, 9, 146, 41, 171, 196, 43, 121, 108, 135, 74, 147, 36, 47, 165, 182, 170, 35, 190, 107, 84, 153, 89, 193, 144, 174, 150, 86, 158]项目工期为：640.0；项目成本为：207671.60000000006
染色体结构为:
[24, 67, 95, 65, 148, 48, 141, 14, 16, 136, 79, 61, 145, 19, 109, 83, 116, 51, 98, 34, 94, 70, 30, 85, 110, 49, 132, 32, 56, 25, 105, 77, 8, 96, 75, 57, 124, 166, 53, 126, 127, 112, 185, 10, 33, 152, 27, 199, 62, 106, 161, 69, 39, 28, 120, 29, 156, 100, 23, 176, 163, 2, 20, 178, 103, 21, 142, 88, 177, 58, 101, 97, 81, 189, 172, 151, 1, 137, 64, 59, 66, 46, 60, 167, 198, 17, 3, 192, 194, 169, 104, 13, 181, 92, 50, 90, 149, 164, 91, 157, 73, 140, 44, 123, 12, 40, 119, 87, 111, 122, 188, 195, 55, 68, 102, 54, 15, 71, 118, 114, 26, 133, 160, 197, 125, 131, 38, 72, 22, 76, 138, 162, 183, 184, 139, 128, 45, 52, 37, 186, 143, 4, 191, 154, 129, 5, 80, 82, 153, 179, 93, 6, 113, 11, 31, 117, 180, 175, 115, 155, 99, 168, 7, 130, 134, 173, 187, 200, 42, 18, 63, 159, 41, 78, 196, 9, 43, 171, 146, 108, 135, 121, 147, 74, 36, 182, 165, 47, 35, 84, 107, 170, 89, 144, 190, 158, 193, 86, 174, 150]项目工期为：490.0；项目成本为：223185.69999999998
染色体结构为:
[24, 95, 67, 65, 148, 141, 48, 16, 136, 14, 19, 145, 79, 83, 61, 98, 109, 51, 34, 116, 94, 30, 70, 132, 85, 49, 110, 32, 56, 77, 105, 25, 8, 57, 75, 126, 96, 124, 112, 166, 53, 88, 185, 152, 127, 1, 10, 137, 33, 142, 60, 64, 59, 66, 198, 46, 23, 199, 103, 17, 106, 167, 27, 194, 192, 3, 169, 181, 40, 161, 87, 104, 20, 119, 111, 92, 91, 50, 90, 157, 13, 44, 149, 73, 164, 62, 123, 29, 12, 140, 39, 69, 100, 120, 163, 28, 176, 156, 178, 21, 2, 195, 188, 55, 58, 101, 177, 189, 151, 81, 97, 172, 68, 15, 122, 133, 54, 71, 114, 118, 102, 160, 125, 26, 131, 197, 22, 38, 72, 76, 162, 138, 183, 139, 52, 184, 45, 37, 186, 4, 129, 191, 128, 82, 154, 143, 80, 93, 179, 113, 180, 11, 6, 153, 5, 175, 31, 99, 115, 117, 168, 155, 130, 200, 134, 187, 7, 173, 42, 18, 63, 159, 78, 41, 43, 9, 146, 135, 196, 108, 171, 147, 121, 182, 74, 165, 47, 35, 36, 170, 144, 107, 84, 190, 193, 89, 158, 86, 150, 174]项目工期为：493.0；项目成本为：222406.30000000002
染色体结构为:
[95, 24, 67, 65, 48, 14, 148, 141, 16, 136, 61, 79, 145, 19, 98, 83, 109, 116, 51, 34, 94, 30, 70, 110, 85, 132, 32, 56, 49, 25, 77, 105, 75, 8, 57, 96, 126, 166, 124, 112, 53, 88, 127, 152, 185, 1, 10, 137, 142, 33, 60, 46, 64, 66, 59, 198, 199, 23, 103, 167, 17, 106, 194, 27, 3, 192, 181, 169, 40, 161, 104, 87, 119, 20, 111, 50, 92, 91, 157, 90, 13, 149, 73, 44, 62, 164, 12, 123, 29, 140, 39, 69, 100, 120, 163, 28, 176, 178, 156, 2, 21, 188, 195, 55, 58, 101, 151, 177, 81, 189, 172, 68, 122, 15, 97, 54, 71, 133, 118, 114, 160, 102, 125, 26, 131, 197, 72, 22, 38, 76, 162, 138, 184, 183, 139, 45, 37, 186, 52, 4, 129, 80, 128, 154, 191, 82, 143, 93, 179, 11, 6, 113, 180, 5, 31, 153, 175, 115, 117, 99, 168, 155, 7, 200, 134, 130, 173, 187, 42, 159, 63, 18, 41, 78, 43, 196, 9, 146, 108, 121, 135, 171, 147, 165, 182, 74, 47, 84, 36, 35, 107, 170, 144, 190, 193, 89, 158, 150, 174, 86]项目工期为：448.0；项目成本为：229901.60000000006
染色体结构为:
[95, 24, 65, 67, 48, 141, 14, 79, 148, 136, 61, 109, 16, 145, 83, 116, 19, 98, 34, 30, 94, 51, 70, 85, 49, 110, 32, 132, 56, 105, 25, 77, 8, 124, 96, 57, 75, 112, 166, 126, 152, 53, 127, 10, 185, 33, 199, 27, 62, 106, 161, 69, 39, 28, 120, 156, 29, 23, 100, 176, 163, 178, 2, 20, 142, 21, 58, 103, 88, 101, 81, 177, 97, 189, 1, 172, 151, 137, 64, 66, 46, 59, 60, 198, 167, 17, 3, 192, 104, 169, 194, 13, 181, 50, 92, 91, 164, 157, 149, 90, 73, 12, 44, 140, 123, 40, 87, 111, 119, 188, 55, 122, 15, 68, 195, 102, 114, 54, 71, 133, 118, 197, 160, 26, 131, 125, 38, 76, 22, 72, 138, 45, 162, 183, 128, 37, 139, 184, 52, 4, 186, 191, 129, 154, 80, 179, 143, 82, 93, 113, 180, 31, 6, 5, 11, 117, 155, 115, 175, 99, 168, 200, 7, 130, 187, 134, 42, 18, 173, 159, 78, 63, 9, 146, 41, 171, 196, 43, 121, 108, 135, 74, 147, 36, 47, 165, 182, 170, 35, 190, 107, 84, 153, 89, 193, 144, 174, 150, 86, 158]项目工期为：611.0；项目成本为：207828.2
染色体结构为:
[103, 23, 142, 178, 20, 2, 88, 101, 21, 75, 58, 177, 189, 152, 98, 151, 67, 148, 77, 172, 95, 97, 156, 161, 57, 32, 106, 129, 81, 133, 26, 71, 14, 132, 60, 51, 154, 54, 44, 184, 109, 19, 90, 160, 39, 169, 45, 8, 69, 16, 197, 167, 80, 194, 24, 15, 5, 48, 141, 65, 136, 145, 79, 61, 140, 83, 29, 35, 33, 123, 25, 27, 70, 49, 6, 173, 64, 102, 128, 63, 143, 94, 59, 62, 85, 34, 199, 30, 28, 100, 116, 124, 120, 105, 56, 110, 126, 96, 166, 185, 53, 112, 10, 127, 1, 137, 46, 66, 17, 198, 181, 3, 104, 50, 92, 192, 13, 91, 164, 157, 149, 73, 176, 12, 163, 40, 87, 188, 111, 119, 122, 55, 195, 4, 153, 82, 93, 52, 162, 11, 179, 131, 113, 180, 37, 114, 38, 191, 134, 72, 31, 183, 117, 118, 68, 125, 22, 138, 186, 76, 200, 139, 130, 18, 168, 86, 36, 7, 43, 147, 174, 150, 159, 108, 175, 78, 41, 9, 42, 182, 135, 155, 187, 171, 115, 74, 99, 196, 146, 121, 165, 84, 47, 107, 170, 190, 144, 89, 158, 193]项目工期为：365.0；项目成本为：250316.50000000012
染色体结构为:
[24, 95, 67, 148, 65, 48, 14, 141, 79, 136, 61, 145, 16, 83, 109, 116, 19, 98, 94, 30, 34, 85, 70, 51, 49, 132, 110, 32, 56, 77, 105, 25, 8, 75, 57, 126, 96, 124, 112, 166, 53, 88, 185, 152, 127, 1, 10, 137, 142, 33, 64, 60, 59, 198, 66, 46, 23, 199, 17, 103, 167, 106, 27, 194, 3, 169, 181, 192, 40, 161, 87, 104, 119, 20, 111, 92, 91, 50, 90, 157, 13, 44, 149, 73, 62, 123, 164, 29, 12, 140, 39, 69, 120, 28, 100, 163, 176, 178, 156, 21, 2, 188, 55, 195, 101, 58, 177, 189, 151, 81, 97, 15, 172, 68, 122, 54, 133, 71, 114, 118, 102, 160, 125, 26, 131, 197, 38, 22, 76, 72, 162, 183, 138, 139, 184, 45, 52, 37, 186, 4, 129, 191, 128, 82, 154, 143, 80, 93, 113, 11, 179, 6, 180, 153, 5, 175, 31, 99, 115, 117, 168, 130, 200, 155, 134, 187, 7, 173, 42, 18, 63, 78, 159, 41, 43, 9, 135, 146, 196, 108, 171, 147, 121, 182, 74, 47, 165, 36, 35, 170, 144, 107, 84, 190, 193, 89, 86, 158, 150, 174]项目工期为：491.0；项目成本为：222967.69999999998
染色体结构为:
[95, 24, 65, 67, 48, 148, 14, 16, 141, 61, 136, 145, 79, 19, 98, 109, 83, 116, 51, 34, 94, 30, 70, 110, 85, 132, 32, 56, 49, 25, 77, 105, 75, 8, 57, 96, 126, 124, 166, 112, 53, 88, 127, 152, 185, 10, 1, 137, 142, 33, 60, 64, 46, 66, 59, 198, 23, 199, 103, 167, 17, 106, 194, 27, 3, 192, 181, 40, 161, 169, 104, 20, 87, 119, 111, 50, 92, 91, 157, 90, 149, 13, 73, 44, 62, 164, 123, 12, 140, 29, 39, 69, 100, 120, 28, 163, 176, 178, 156, 2, 188, 21, 195, 55, 58, 151, 101, 189, 177, 81, 172, 122, 68, 15, 97, 54, 71, 133, 118, 114, 160, 102, 26, 197, 131, 125, 38, 72, 22, 76, 162, 138, 184, 139, 183, 45, 37, 186, 52, 4, 129, 80, 128, 154, 191, 82, 143, 93, 179, 11, 6, 113, 180, 5, 153, 31, 175, 117, 115, 99, 155, 168, 7, 200, 134, 130, 173, 187, 42, 159, 63, 18, 41, 78, 43, 196, 9, 135, 146, 108, 121, 171, 147, 182, 165, 74, 47, 84, 36, 35, 107, 170, 144, 190, 193, 89, 158, 150, 86, 174]项目工期为：476.0；项目成本为：224953.40000000002
染色体结构为:
[24, 95, 67, 65, 148, 48, 141, 16, 14, 136, 79, 19, 61, 145, 83, 98, 109, 116, 34, 51, 94, 70, 30, 132, 49, 110, 56, 85, 77, 32, 25, 105, 8, 75, 57, 96, 124, 112, 126, 53, 166, 88, 185, 152, 127, 1, 10, 137, 33, 142, 64, 60, 59, 66, 198, 46, 199, 23, 103, 17, 167, 27, 106, 194, 3, 169, 181, 192, 40, 87, 161, 104, 20, 111, 119, 92, 50, 91, 90, 157, 13, 149, 44, 73, 164, 62, 29, 123, 12, 140, 39, 69, 100, 163, 120, 28, 176, 156, 21, 178, 2, 188, 195, 55, 58, 101, 177, 151, 81, 97, 189, 172, 68, 15, 122, 133, 54, 71, 118, 114, 102, 160, 125, 26, 131, 197, 22, 38, 72, 76, 162, 183, 138, 139, 184, 52, 45, 37, 186, 4, 129, 128, 191, 82, 154, 143, 80, 179, 113, 93, 11, 6, 180, 153, 5, 31, 175, 117, 99, 115, 168, 130, 155, 200, 134, 187, 7, 173, 42, 18, 159, 63, 78, 43, 41, 9, 135, 146, 196, 108, 121, 171, 147, 182, 74, 165, 47, 35, 36, 170, 107, 144, 84, 190, 193, 89, 158, 86, 150, 174]项目工期为：508.0；项目成本为：220553.90000000005
染色体结构为:
[95, 65, 24, 67, 48, 14, 141, 79, 148, 136, 16, 61, 145, 109, 116, 19, 83, 94, 98, 34, 70, 30, 85, 51, 49, 110, 32, 132, 105, 56, 25, 77, 8, 96, 124, 75, 57, 112, 166, 126, 53, 152, 127, 185, 10, 33, 27, 199, 62, 106, 161, 69, 39, 120, 156, 29, 28, 23, 100, 163, 176, 2, 178, 20, 142, 21, 103, 58, 88, 81, 101, 177, 189, 97, 172, 1, 151, 137, 64, 66, 46, 59, 198, 167, 60, 17, 3, 192, 104, 169, 194, 181, 50, 13, 92, 91, 164, 157, 90, 149, 73, 12, 44, 140, 123, 40, 87, 111, 119, 55, 188, 122, 15, 68, 102, 195, 114, 54, 71, 133, 118, 197, 160, 26, 131, 125, 38, 76, 22, 72, 138, 45, 162, 183, 128, 37, 139, 184, 52, 4, 186, 191, 129, 154, 80, 143, 179, 82, 93, 113, 180, 31, 6, 5, 11, 117, 155, 115, 175, 99, 168, 200, 7, 130, 187, 134, 42, 18, 173, 159, 78, 63, 9, 146, 41, 171, 196, 43, 121, 108, 135, 74, 36, 147, 47, 165, 182, 170, 190, 35, 107, 84, 153, 89, 193, 144, 174, 150, 86, 158]项目工期为：634.0；项目成本为：207736.69999999998
染色体结构为:
[24, 95, 67, 65, 48, 14, 148, 16, 141, 136, 79, 145, 109, 61, 83, 19, 98, 34, 94, 51, 116, 49, 70, 30, 110, 32, 56, 85, 105, 132, 199, 23, 20, 178, 103, 142, 2, 21, 88, 101, 177, 75, 58, 189, 152, 77, 172, 151, 97, 161, 57, 156, 81, 106, 129, 133, 71, 39, 154, 26, 44, 184, 160, 54, 169, 69, 60, 90, 29, 194, 140, 5, 123, 27, 35, 6, 33, 128, 8, 64, 173, 25, 143, 102, 63, 120, 62, 59, 28, 100, 127, 80, 176, 124, 96, 166, 126, 185, 112, 53, 10, 137, 87, 1, 66, 46, 198, 40, 111, 119, 188, 195, 163, 122, 55, 17, 45, 15, 3, 197, 167, 153, 82, 4, 93, 179, 52, 192, 162, 180, 131, 113, 11, 37, 114, 72, 38, 31, 191, 134, 183, 50, 13, 92, 12, 73, 117, 68, 118, 91, 22, 138, 186, 125, 139, 76, 164, 200, 168, 130, 18, 36, 86, 7, 174, 150, 43, 147, 159, 108, 157, 41, 149, 175, 9, 78, 42, 104, 155, 135, 187, 115, 182, 171, 74, 84, 99, 196, 89, 121, 146, 190, 107, 158, 181, 144, 47, 165, 170, 193]项目工期为：328.0；项目成本为：268950.2000000002
染色体结构为:
[24, 95, 67, 65, 148, 48, 141, 16, 14, 136, 79, 19, 61, 145, 83, 98, 109, 116, 34, 51, 94, 70, 30, 132, 49, 110, 56, 85, 32, 25, 77, 105, 8, 75, 57, 96, 124, 112, 126, 53, 88, 166, 152, 185, 127, 1, 10, 137, 33, 60, 142, 64, 59, 66, 46, 198, 23, 199, 103, 167, 17, 27, 106, 194, 169, 3, 192, 181, 40, 161, 87, 104, 20, 119, 111, 92, 50, 91, 90, 13, 157, 73, 149, 44, 164, 62, 123, 12, 29, 140, 39, 69, 100, 120, 163, 28, 176, 156, 178, 21, 2, 195, 55, 188, 58, 101, 177, 151, 189, 81, 97, 172, 68, 15, 122, 54, 133, 71, 114, 118, 102, 160, 125, 26, 131, 197, 22, 38, 76, 72, 162, 183, 138, 184, 139, 45, 52, 37, 4, 186, 129, 128, 82, 191, 154, 80, 143, 93, 179, 113, 11, 6, 180, 5, 153, 175, 31, 117, 99, 115, 155, 168, 7, 130, 200, 134, 187, 173, 42, 18, 159, 63, 41, 78, 43, 9, 146, 135, 196, 108, 171, 121, 147, 182, 74, 165, 47, 36, 107, 35, 170, 144, 84, 190, 89, 193, 86, 158, 150, 174]项目工期为：480.0；项目成本为：223835.69999999998
染色体结构为:
[95, 67, 24, 48, 65, 14, 148, 16, 79, 141, 19, 136, 61, 145, 109, 83, 34, 98, 51, 116, 30, 94, 70, 132, 110, 85, 49, 56, 25, 105, 8, 77, 32, 96, 124, 75, 57, 166, 53, 127, 126, 112, 10, 185, 199, 152, 33, 27, 161, 106, 39, 62, 69, 29, 23, 28, 120, 176, 156, 100, 163, 2, 20, 178, 103, 142, 58, 88, 177, 21, 101, 189, 97, 151, 81, 64, 137, 1, 172, 66, 59, 198, 60, 46, 17, 167, 3, 192, 194, 181, 169, 104, 92, 13, 50, 90, 149, 91, 164, 157, 73, 44, 123, 140, 40, 12, 87, 111, 119, 188, 122, 55, 195, 15, 68, 54, 71, 102, 118, 114, 133, 26, 125, 160, 197, 131, 38, 72, 22, 76, 162, 183, 138, 184, 45, 139, 128, 52, 37, 186, 143, 4, 154, 191, 129, 153, 5, 80, 82, 93, 179, 6, 113, 11, 31, 180, 117, 115, 175, 155, 168, 99, 7, 200, 130, 173, 187, 134, 42, 18, 63, 159, 41, 78, 9, 196, 43, 171, 108, 146, 135, 121, 147, 74, 47, 182, 36, 165, 35, 170, 84, 107, 190, 144, 89, 158, 193, 86, 150, 174]项目工期为：394.0；项目成本为：243283.70000000004
染色体结构为:
[103, 142, 178, 20, 88, 23, 2, 58, 101, 75, 177, 21, 189, 152, 151, 98, 148, 67, 172, 77, 95, 156, 97, 161, 32, 57, 129, 106, 81, 26, 133, 71, 14, 132, 60, 51, 54, 154, 44, 184, 109, 19, 160, 90, 39, 169, 45, 8, 16, 197, 69, 167, 80, 194, 24, 15, 65, 5, 141, 48, 136, 79, 145, 61, 140, 83, 35, 29, 123, 33, 27, 25, 70, 49, 6, 173, 64, 102, 128, 143, 94, 63, 59, 85, 62, 34, 30, 199, 28, 100, 116, 124, 120, 105, 110, 56, 126, 96, 166, 112, 185, 53, 127, 10, 46, 1, 137, 66, 198, 17, 181, 3, 104, 92, 50, 192, 91, 13, 164, 157, 149, 73, 176, 12, 163, 40, 87, 188, 111, 119, 122, 55, 195, 4, 93, 153, 82, 52, 11, 162, 131, 179, 113, 180, 37, 114, 38, 191, 72, 31, 134, 183, 117, 118, 68, 125, 22, 138, 186, 139, 200, 76, 18, 130, 168, 36, 86, 7, 43, 147, 159, 150, 174, 175, 41, 108, 78, 9, 42, 182, 135, 155, 187, 171, 115, 99, 74, 196, 165, 121, 146, 84, 107, 47, 190, 170, 144, 158, 193, 89]项目工期为：356.0；项目成本为：254685.19999999998
染色体结构为:
[103, 142, 178, 23, 20, 88, 101, 2, 21, 75, 58, 177, 189, 152, 151, 98, 148, 67, 172, 77, 97, 95, 156, 161, 57, 32, 129, 106, 81, 26, 133, 14, 71, 132, 60, 51, 154, 54, 44, 184, 109, 160, 19, 39, 90, 45, 169, 8, 16, 69, 197, 167, 80, 194, 24, 15, 141, 48, 65, 5, 145, 136, 61, 140, 79, 29, 83, 35, 33, 123, 25, 27, 70, 49, 173, 6, 64, 102, 128, 63, 94, 59, 62, 85, 143, 199, 28, 34, 30, 100, 116, 124, 105, 120, 110, 126, 56, 96, 166, 185, 112, 53, 127, 10, 1, 137, 46, 66, 198, 17, 181, 3, 92, 104, 50, 192, 164, 91, 13, 149, 157, 73, 176, 12, 163, 40, 188, 87, 119, 122, 195, 111, 55, 4, 93, 82, 153, 162, 52, 11, 179, 131, 113, 180, 37, 114, 72, 38, 191, 134, 31, 117, 183, 118, 68, 125, 22, 138, 186, 139, 200, 76, 18, 130, 168, 86, 7, 43, 36, 147, 150, 174, 108, 159, 175, 41, 78, 42, 9, 155, 182, 135, 187, 171, 115, 74, 99, 146, 196, 165, 121, 84, 47, 107, 170, 190, 144, 158, 193, 89]项目工期为：336.0；项目成本为：262226.1000000001
染色体结构为:
[95, 24, 67, 65, 14, 48, 148, 141, 16, 79, 19, 136, 61, 145, 109, 83, 98, 51, 34, 116, 94, 30, 70, 110, 132, 85, 49, 56, 105, 8, 25, 32, 77, 75, 96, 124, 166, 57, 127, 126, 53, 112, 10, 185, 199, 152, 33, 27, 161, 106, 39, 29, 62, 69, 28, 23, 120, 156, 100, 176, 2, 163, 20, 178, 142, 103, 88, 58, 21, 101, 97, 177, 189, 151, 81, 64, 137, 1, 172, 66, 59, 198, 46, 17, 60, 167, 3, 192, 194, 181, 169, 104, 92, 13, 50, 90, 149, 164, 91, 157, 44, 73, 123, 140, 40, 12, 87, 119, 111, 188, 122, 55, 195, 68, 15, 71, 54, 102, 118, 114, 133, 125, 26, 197, 160, 131, 38, 72, 22, 76, 162, 138, 183, 45, 139, 184, 128, 37, 52, 186, 4, 143, 154, 191, 5, 129, 80, 153, 82, 93, 179, 6, 31, 113, 11, 180, 175, 117, 155, 99, 115, 7, 168, 130, 200, 173, 187, 42, 134, 18, 63, 159, 41, 78, 9, 196, 43, 171, 108, 146, 135, 121, 74, 147, 47, 182, 36, 35, 165, 170, 84, 107, 144, 89, 86, 190, 158, 193, 150, 174]项目工期为：382.0；项目成本为：247183.60000000003
染色体结构为:
[95, 24, 65, 67, 48, 148, 14, 141, 79, 136, 16, 61, 145, 109, 83, 116, 19, 98, 34, 94, 70, 30, 51, 85, 110, 49, 32, 132, 56, 105, 25, 8, 77, 96, 75, 124, 57, 112, 126, 166, 53, 152, 127, 185, 10, 33, 27, 199, 106, 62, 69, 161, 39, 156, 28, 120, 29, 100, 23, 176, 2, 163, 178, 20, 142, 21, 58, 103, 88, 101, 81, 177, 189, 97, 172, 1, 151, 137, 64, 66, 59, 46, 60, 167, 198, 17, 3, 104, 192, 169, 181, 194, 13, 50, 92, 91, 157, 164, 149, 90, 73, 12, 140, 44, 123, 40, 87, 119, 111, 188, 55, 122, 195, 68, 15, 114, 102, 54, 71, 133, 118, 197, 160, 125, 26, 131, 38, 76, 72, 22, 138, 45, 183, 162, 37, 128, 184, 139, 52, 4, 191, 186, 129, 80, 154, 179, 82, 143, 93, 113, 180, 31, 11, 6, 5, 117, 115, 155, 175, 99, 168, 7, 200, 187, 130, 134, 42, 18, 173, 78, 159, 9, 63, 146, 41, 171, 43, 196, 121, 135, 108, 74, 147, 47, 36, 165, 182, 170, 35, 107, 190, 84, 153, 89, 144, 193, 86, 174, 150, 158]项目工期为：604.0；项目成本为：208327.2000000001
染色体结构为:
[24, 95, 65, 67, 141, 148, 48, 14, 16, 79, 136, 145, 61, 19, 109, 83, 98, 94, 34, 116, 30, 51, 132, 70, 110, 85, 49, 56, 32, 77, 25, 105, 8, 57, 75, 126, 124, 112, 96, 166, 53, 88, 185, 152, 127, 1, 10, 137, 142, 33, 60, 64, 59, 66, 198, 46, 23, 199, 103, 17, 106, 167, 27, 194, 192, 3, 169, 181, 40, 87, 104, 161, 20, 119, 92, 111, 91, 50, 90, 157, 13, 44, 149, 73, 62, 164, 123, 29, 140, 12, 39, 69, 100, 120, 163, 28, 176, 156, 178, 21, 195, 2, 188, 58, 55, 101, 177, 189, 151, 81, 97, 172, 68, 15, 122, 133, 54, 71, 114, 118, 102, 160, 125, 26, 131, 197, 22, 38, 72, 76, 162, 138, 139, 183, 52, 184, 37, 186, 45, 4, 129, 191, 128, 82, 154, 143, 80, 93, 179, 180, 113, 11, 6, 153, 5, 175, 99, 31, 115, 117, 168, 155, 130, 200, 134, 187, 7, 42, 173, 18, 63, 159, 78, 41, 43, 9, 146, 135, 196, 108, 171, 147, 121, 182, 74, 165, 47, 35, 36, 170, 144, 84, 107, 190, 193, 158, 89, 86, 150, 174]项目工期为：489.0；项目成本为：223574.10000000003
染色体结构为:
[24, 95, 65, 67, 48, 14, 141, 148, 79, 136, 16, 61, 109, 145, 83, 116, 19, 98, 94, 34, 70, 30, 51, 85, 49, 110, 32, 132, 56, 105, 77, 8, 96, 25, 124, 75, 57, 112, 166, 126, 53, 152, 127, 185, 10, 33, 27, 199, 62, 106, 161, 69, 28, 39, 120, 156, 29, 100, 23, 176, 163, 2, 20, 178, 142, 21, 103, 101, 88, 58, 81, 177, 97, 1, 189, 151, 172, 64, 137, 66, 46, 59, 60, 198, 167, 3, 192, 17, 104, 169, 194, 181, 13, 50, 92, 91, 149, 164, 157, 90, 73, 12, 140, 44, 123, 40, 87, 111, 188, 119, 122, 55, 68, 15, 195, 102, 114, 54, 71, 133, 197, 118, 160, 26, 125, 38, 131, 72, 76, 22, 138, 45, 183, 162, 128, 37, 139, 4, 184, 52, 186, 191, 129, 154, 80, 179, 143, 82, 93, 113, 180, 31, 11, 5, 6, 117, 155, 115, 99, 175, 168, 7, 200, 187, 130, 134, 18, 173, 42, 159, 78, 63, 9, 146, 171, 41, 43, 196, 108, 121, 74, 147, 135, 36, 47, 165, 170, 182, 35, 190, 107, 84, 153, 193, 89, 144, 174, 150, 86, 158]项目工期为：607.0；项目成本为：208265.70000000004
染色体结构为:
[24, 95, 65, 67, 48, 148, 14, 141, 79, 16, 61, 136, 145, 83, 109, 116, 19, 98, 34, 94, 70, 30, 51, 110, 85, 49, 32, 132, 105, 56, 8, 25, 96, 77, 57, 75, 112, 124, 166, 53, 126, 127, 185, 152, 10, 33, 199, 27, 106, 62, 39, 161, 156, 69, 28, 100, 29, 120, 23, 176, 2, 163, 20, 142, 21, 103, 178, 88, 58, 101, 177, 81, 97, 189, 172, 1, 137, 66, 151, 64, 46, 59, 60, 198, 17, 167, 3, 192, 104, 169, 181, 194, 50, 13, 92, 164, 91, 157, 149, 73, 12, 140, 90, 44, 123, 40, 111, 119, 87, 188, 195, 55, 114, 122, 68, 102, 15, 54, 71, 160, 133, 197, 118, 125, 26, 131, 38, 72, 22, 45, 76, 183, 162, 128, 37, 138, 184, 4, 139, 186, 52, 129, 154, 191, 179, 80, 93, 113, 82, 143, 31, 180, 5, 11, 155, 6, 117, 175, 168, 115, 200, 99, 134, 7, 130, 18, 187, 42, 173, 159, 78, 63, 9, 146, 196, 41, 171, 43, 121, 108, 135, 74, 47, 36, 165, 147, 182, 35, 107, 170, 190, 84, 153, 89, 193, 144, 86, 150, 174, 158]项目工期为：547.0；项目成本为：214502.40000000002
染色体结构为:
[95, 24, 65, 67, 48, 14, 141, 148, 79, 136, 16, 61, 109, 145, 83, 116, 19, 98, 94, 34, 70, 30, 51, 49, 85, 110, 32, 132, 105, 56, 77, 8, 96, 25, 124, 75, 57, 112, 166, 126, 53, 152, 127, 185, 10, 33, 27, 199, 62, 106, 161, 69, 28, 39, 120, 156, 29, 100, 23, 176, 163, 2, 178, 20, 142, 21, 101, 88, 103, 58, 81, 177, 97, 1, 189, 151, 172, 137, 64, 66, 46, 59, 60, 198, 3, 167, 192, 17, 104, 169, 194, 181, 13, 50, 92, 91, 149, 157, 164, 90, 73, 12, 140, 44, 123, 40, 87, 111, 188, 119, 122, 68, 55, 15, 195, 102, 114, 54, 71, 133, 197, 118, 160, 26, 125, 38, 131, 72, 76, 22, 138, 45, 183, 162, 128, 37, 139, 4, 184, 52, 186, 191, 129, 154, 80, 179, 143, 82, 93, 113, 180, 31, 5, 11, 117, 6, 115, 155, 99, 175, 168, 7, 200, 187, 130, 134, 18, 173, 42, 159, 78, 63, 9, 171, 146, 41, 43, 196, 108, 121, 74, 135, 147, 36, 47, 165, 170, 182, 35, 190, 107, 153, 84, 193, 89, 144, 174, 150, 86, 158]项目工期为：648.0；项目成本为：207393.5
染色体结构为:
[95, 24, 67, 65, 48, 14, 16, 141, 79, 148, 136, 61, 19, 109, 145, 83, 98, 34, 116, 51, 94, 70, 30, 132, 110, 49, 85, 105, 56, 8, 25, 77, 32, 75, 96, 124, 57, 166, 53, 127, 126, 185, 112, 10, 152, 33, 199, 27, 161, 106, 39, 62, 69, 23, 28, 29, 120, 100, 156, 176, 2, 178, 20, 142, 163, 103, 58, 88, 101, 21, 177, 189, 97, 81, 151, 64, 172, 137, 1, 59, 60, 66, 198, 46, 167, 3, 17, 181, 192, 104, 194, 169, 13, 50, 90, 92, 157, 91, 164, 149, 73, 44, 40, 140, 123, 111, 12, 87, 119, 188, 122, 68, 195, 54, 55, 133, 102, 15, 114, 71, 118, 160, 125, 26, 131, 197, 38, 22, 76, 72, 162, 138, 184, 45, 183, 128, 37, 139, 52, 186, 129, 4, 191, 82, 143, 154, 93, 80, 179, 6, 11, 113, 117, 180, 5, 155, 7, 31, 115, 175, 200, 99, 130, 168, 173, 134, 18, 42, 187, 41, 63, 159, 78, 9, 43, 146, 196, 171, 108, 121, 135, 147, 182, 74, 36, 47, 165, 170, 35, 84, 107, 144, 158, 89, 174, 153, 190, 193, 150, 86]项目工期为：457.0；项目成本为：228941.69999999987
染色体结构为:
[95, 24, 65, 48, 67, 14, 141, 148, 79, 136, 61, 16, 145, 109, 83, 19, 116, 98, 34, 30, 94, 51, 70, 85, 49, 110, 32, 132, 56, 25, 105, 77, 8, 124, 96, 57, 75, 112, 166, 126, 152, 53, 127, 10, 185, 33, 27, 199, 62, 106, 161, 69, 28, 39, 120, 156, 29, 23, 100, 176, 163, 178, 2, 20, 142, 103, 21, 58, 101, 88, 177, 81, 97, 189, 172, 1, 151, 64, 137, 66, 46, 59, 60, 167, 198, 17, 3, 192, 104, 194, 169, 181, 13, 92, 50, 91, 164, 157, 90, 149, 73, 12, 140, 123, 44, 40, 87, 111, 188, 122, 119, 55, 68, 195, 15, 102, 114, 71, 54, 133, 118, 197, 26, 160, 125, 38, 131, 76, 72, 22, 138, 45, 162, 37, 183, 128, 139, 52, 184, 4, 186, 129, 191, 80, 154, 179, 82, 93, 143, 113, 31, 11, 180, 5, 6, 115, 117, 155, 99, 175, 7, 130, 168, 200, 134, 42, 187, 18, 173, 159, 78, 9, 63, 146, 41, 171, 196, 43, 121, 74, 108, 135, 147, 47, 165, 36, 170, 182, 35, 107, 190, 84, 89, 153, 144, 174, 193, 150, 86, 158]项目工期为：600.0；项目成本为：209703.00000000006
染色体结构为:
[24, 95, 65, 67, 132, 49, 110, 148, 48, 14, 141, 145, 16, 136, 19, 79, 61, 109, 83, 98, 51, 34, 94, 116, 30, 199, 70, 23, 178, 103, 142, 2, 20, 21, 88, 101, 177, 189, 152, 75, 77, 58, 172, 97, 156, 151, 161, 57, 32, 106, 129, 81, 133, 71, 39, 26, 154, 184, 44, 160, 60, 54, 69, 169, 90, 29, 194, 140, 5, 123, 35, 6, 27, 85, 33, 167, 3, 8, 17, 45, 197, 15, 153, 162, 80, 52, 82, 93, 4, 131, 179, 192, 10, 128, 113, 11, 180, 37, 105, 191, 114, 100, 134, 72, 31, 38, 50, 122, 126, 46, 28, 183, 92, 25, 137, 13, 117, 1, 12, 59, 64, 62, 73, 112, 68, 91, 166, 119, 118, 198, 102, 124, 96, 125, 22, 76, 53, 138, 63, 108, 36, 188, 171, 168, 155, 55, 163, 120, 173, 127, 111, 182, 56, 66, 175, 7, 149, 143, 147, 130, 174, 104, 74, 164, 157, 47, 144, 185, 186, 196, 115, 121, 86, 87, 139, 107, 78, 18, 40, 84, 176, 158, 99, 89, 187, 135, 42, 9, 150, 43, 165, 170, 146, 190, 41, 181, 200, 159, 195, 193]项目工期为：303.0；项目成本为：283563.6000000002
染色体结构为:
[103, 23, 142, 178, 20, 2, 88, 101, 21, 75, 58, 177, 189, 152, 98, 67, 151, 148, 77, 172, 97, 95, 156, 57, 32, 161, 106, 129, 81, 133, 26, 71, 14, 132, 51, 60, 154, 54, 44, 184, 109, 19, 90, 160, 169, 39, 45, 8, 16, 69, 197, 167, 80, 194, 24, 5, 15, 65, 48, 141, 136, 79, 145, 61, 140, 83, 29, 35, 123, 33, 25, 27, 70, 49, 173, 6, 64, 128, 102, 63, 143, 94, 59, 62, 85, 34, 28, 199, 100, 30, 124, 116, 120, 105, 56, 110, 126, 185, 96, 166, 112, 53, 10, 127, 1, 137, 46, 66, 198, 17, 181, 3, 104, 92, 50, 192, 13, 91, 157, 164, 149, 73, 176, 163, 12, 87, 40, 188, 119, 122, 111, 55, 195, 4, 153, 93, 82, 162, 52, 179, 11, 131, 113, 180, 37, 114, 38, 72, 191, 134, 183, 31, 117, 118, 68, 125, 22, 186, 138, 76, 139, 200, 18, 130, 168, 86, 7, 36, 147, 43, 174, 159, 150, 108, 175, 78, 41, 9, 42, 182, 135, 155, 171, 187, 115, 99, 196, 146, 74, 165, 121, 84, 47, 107, 170, 190, 144, 158, 193, 89]项目工期为：369.0；项目成本为：249655.7
染色体结构为:
[24, 95, 65, 67, 48, 148, 14, 141, 79, 136, 61, 16, 145, 109, 116, 19, 83, 98, 34, 70, 94, 30, 51, 85, 110, 49, 32, 132, 105, 56, 25, 8, 77, 96, 75, 124, 57, 112, 126, 166, 53, 152, 127, 185, 10, 27, 33, 199, 106, 62, 69, 161, 39, 156, 28, 120, 29, 100, 23, 176, 2, 163, 178, 142, 20, 58, 21, 103, 88, 101, 81, 177, 189, 97, 172, 1, 151, 137, 64, 66, 59, 46, 60, 198, 167, 3, 17, 104, 169, 192, 181, 194, 13, 50, 91, 92, 157, 164, 149, 90, 12, 73, 140, 44, 123, 87, 40, 119, 188, 111, 55, 195, 122, 68, 15, 114, 102, 54, 71, 133, 118, 197, 160, 125, 26, 131, 38, 76, 72, 22, 138, 45, 183, 162, 37, 128, 184, 139, 52, 4, 191, 186, 80, 129, 179, 154, 82, 143, 93, 113, 180, 31, 11, 6, 117, 5, 155, 115, 175, 99, 168, 7, 200, 187, 130, 42, 134, 18, 173, 78, 159, 9, 63, 146, 41, 171, 43, 196, 121, 135, 108, 74, 47, 147, 36, 165, 182, 170, 35, 107, 190, 84, 153, 89, 144, 193, 86, 150, 174, 158]项目工期为：590.0；项目成本为：210890.10000000006
染色体结构为:
[95, 24, 67, 65, 48, 14, 148, 16, 141, 79, 136, 145, 61, 109, 83, 19, 34, 98, 116, 94, 51, 49, 70, 30, 110, 32, 85, 105, 56, 25, 132, 96, 8, 77, 124, 75, 57, 112, 126, 166, 53, 152, 127, 185, 10, 199, 33, 106, 27, 62, 39, 69, 161, 120, 28, 156, 29, 23, 2, 163, 100, 176, 20, 142, 103, 178, 88, 177, 21, 58, 101, 81, 189, 97, 151, 172, 1, 137, 64, 66, 46, 60, 198, 59, 167, 3, 192, 17, 169, 104, 181, 194, 50, 13, 92, 90, 91, 157, 164, 73, 149, 44, 140, 188, 12, 123, 119, 40, 87, 111, 55, 195, 122, 15, 68, 71, 102, 114, 160, 133, 54, 118, 26, 125, 131, 197, 72, 38, 22, 138, 183, 76, 162, 128, 45, 37, 139, 52, 4, 186, 184, 154, 80, 129, 191, 179, 82, 93, 113, 11, 143, 117, 6, 31, 5, 155, 115, 180, 99, 175, 200, 130, 7, 168, 134, 187, 173, 42, 18, 78, 63, 159, 9, 41, 171, 196, 43, 146, 108, 153, 147, 182, 121, 135, 165, 36, 47, 35, 74, 107, 84, 174, 170, 144, 86, 193, 89, 150, 158, 190]项目工期为：544.0；项目成本为：215697.7
染色体结构为:
[67, 95, 24, 65, 48, 141, 148, 14, 16, 79, 136, 61, 19, 145, 98, 83, 109, 94, 34, 51, 116, 30, 85, 70, 110, 56, 132, 49, 32, 25, 77, 8, 57, 105, 96, 75, 126, 166, 112, 88, 124, 152, 127, 53, 185, 33, 10, 27, 199, 62, 106, 161, 69, 28, 120, 156, 39, 29, 100, 23, 176, 163, 2, 20, 178, 142, 21, 101, 103, 58, 81, 177, 97, 1, 189, 151, 172, 64, 137, 66, 46, 59, 198, 60, 3, 192, 167, 17, 104, 169, 194, 181, 13, 50, 92, 91, 149, 157, 164, 90, 73, 12, 44, 140, 123, 40, 87, 111, 119, 188, 68, 122, 55, 15, 195, 102, 114, 54, 71, 133, 197, 118, 26, 160, 38, 131, 125, 72, 76, 22, 138, 45, 183, 162, 128, 37, 139, 4, 184, 52, 186, 191, 129, 154, 80, 179, 82, 143, 113, 93, 180, 5, 31, 11, 117, 6, 115, 155, 99, 175, 7, 168, 187, 200, 130, 134, 18, 173, 78, 42, 159, 63, 9, 171, 41, 146, 43, 196, 108, 121, 74, 135, 147, 47, 36, 165, 170, 182, 35, 190, 107, 84, 153, 193, 144, 89, 150, 174, 86, 158]项目工期为：498.0；项目成本为：222282.09999999995
染色体结构为:
[95, 67, 48, 24, 65, 148, 141, 14, 136, 61, 16, 79, 98, 19, 145, 109, 34, 83, 116, 94, 51, 70, 30, 110, 85, 132, 49, 56, 25, 105, 8, 96, 32, 75, 124, 126, 166, 77, 127, 57, 112, 185, 53, 10, 33, 199, 39, 106, 27, 62, 69, 23, 161, 152, 88, 120, 1, 60, 137, 142, 64, 59, 66, 198, 46, 103, 17, 167, 194, 3, 169, 192, 40, 181, 104, 87, 20, 119, 111, 92, 50, 90, 91, 13, 157, 149, 44, 73, 164, 123, 29, 140, 12, 100, 163, 28, 156, 176, 178, 21, 2, 188, 195, 55, 58, 101, 177, 189, 151, 81, 97, 172, 68, 15, 122, 133, 71, 114, 54, 102, 160, 118, 26, 125, 131, 197, 22, 38, 162, 72, 76, 183, 138, 139, 184, 52, 37, 45, 186, 129, 4, 128, 191, 82, 154, 143, 80, 93, 179, 113, 11, 180, 6, 5, 153, 175, 31, 99, 117, 115, 168, 155, 130, 200, 134, 187, 7, 173, 18, 42, 159, 63, 41, 43, 78, 9, 196, 135, 108, 146, 171, 121, 147, 182, 74, 165, 47, 35, 36, 170, 107, 144, 190, 84, 193, 89, 158, 86, 150, 174]项目工期为：488.0；项目成本为：223600.59999999998
染色体结构为:
[24, 95, 65, 67, 48, 14, 141, 148, 136, 79, 16, 109, 61, 145, 83, 116, 19, 98, 94, 34, 70, 30, 51, 85, 49, 110, 32, 132, 105, 56, 8, 77, 96, 25, 124, 75, 57, 112, 166, 126, 53, 152, 127, 185, 10, 33, 27, 199, 106, 62, 161, 69, 28, 39, 120, 156, 100, 29, 23, 176, 163, 2, 20, 142, 178, 21, 103, 101, 88, 58, 81, 177, 97, 1, 189, 151, 172, 64, 137, 66, 46, 59, 60, 198, 167, 3, 192, 17, 104, 169, 194, 181, 13, 50, 92, 91, 149, 164, 157, 90, 73, 12, 140, 44, 123, 40, 87, 111, 188, 119, 122, 55, 68, 15, 195, 102, 114, 54, 71, 133, 197, 118, 160, 26, 125, 131, 38, 72, 76, 22, 138, 45, 183, 162, 128, 37, 4, 139, 184, 52, 186, 191, 129, 154, 80, 179, 143, 93, 82, 113, 180, 31, 11, 5, 6, 117, 155, 115, 99, 175, 168, 7, 200, 187, 130, 134, 18, 173, 42, 159, 78, 63, 9, 146, 171, 41, 43, 196, 108, 74, 121, 147, 135, 36, 47, 165, 170, 182, 35, 190, 107, 84, 153, 193, 144, 89, 150, 174, 86, 158]项目工期为：593.0；项目成本为：210821.59999999998
染色体结构为:
[24, 95, 67, 65, 148, 48, 16, 141, 14, 79, 136, 19, 61, 145, 98, 83, 109, 116, 34, 51, 94, 70, 30, 49, 132, 110, 56, 85, 32, 77, 25, 105, 8, 75, 57, 96, 124, 112, 126, 53, 166, 88, 185, 152, 127, 1, 10, 137, 33, 142, 60, 64, 59, 66, 198, 46, 199, 23, 103, 17, 167, 27, 106, 194, 3, 169, 192, 181, 40, 161, 87, 104, 20, 111, 119, 92, 50, 91, 90, 157, 13, 149, 44, 73, 164, 62, 123, 29, 140, 12, 39, 100, 69, 120, 163, 28, 176, 156, 178, 21, 2, 188, 195, 55, 58, 101, 177, 189, 151, 81, 97, 172, 68, 15, 122, 133, 54, 71, 114, 118, 102, 160, 125, 26, 131, 197, 22, 38, 72, 76, 162, 138, 183, 139, 184, 52, 45, 37, 186, 4, 128, 129, 191, 82, 154, 143, 80, 93, 179, 113, 11, 180, 6, 153, 5, 175, 31, 117, 99, 115, 168, 155, 130, 200, 134, 187, 7, 42, 173, 18, 159, 41, 63, 78, 43, 9, 135, 146, 108, 196, 121, 171, 147, 182, 74, 165, 47, 35, 170, 36, 107, 84, 144, 190, 193, 89, 158, 86, 150, 174]项目工期为：505.0；项目成本为：221322.20000000004
染色体结构为:
[95, 67, 24, 65, 48, 148, 141, 14, 16, 136, 79, 61, 98, 19, 145, 83, 109, 34, 94, 116, 30, 51, 85, 70, 110, 132, 56, 49, 25, 32, 77, 105, 8, 57, 96, 75, 126, 166, 112, 88, 124, 53, 152, 127, 185, 1, 10, 33, 137, 142, 60, 64, 59, 66, 46, 23, 198, 199, 167, 103, 27, 17, 3, 194, 169, 106, 192, 181, 104, 92, 20, 50, 149, 90, 13, 91, 157, 164, 73, 62, 161, 44, 123, 12, 140, 120, 39, 69, 29, 100, 28, 176, 156, 163, 178, 2, 87, 40, 21, 119, 111, 195, 188, 122, 177, 15, 55, 54, 68, 114, 101, 160, 71, 26, 102, 125, 118, 133, 131, 197, 72, 38, 22, 76, 151, 189, 58, 172, 97, 81, 138, 183, 162, 139, 184, 45, 128, 4, 37, 191, 52, 129, 80, 186, 154, 143, 82, 93, 179, 11, 113, 31, 180, 5, 35, 6, 173, 63, 153, 117, 134, 130, 200, 168, 18, 36, 7, 86, 43, 150, 147, 174, 175, 108, 159, 41, 78, 42, 9, 135, 182, 187, 155, 171, 74, 115, 99, 196, 121, 84, 165, 170, 146, 47, 190, 107, 144, 89, 158, 193]项目工期为：386.0；项目成本为：244726.8999999999
染色体结构为:
[23, 103, 142, 178, 2, 20, 88, 21, 101, 58, 75, 177, 189, 152, 98, 67, 151, 148, 172, 77, 95, 97, 156, 161, 32, 57, 129, 81, 106, 26, 133, 132, 71, 60, 14, 51, 54, 154, 184, 109, 44, 19, 39, 90, 45, 160, 8, 169, 69, 16, 197, 15, 167, 194, 5, 80, 65, 24, 48, 141, 79, 136, 145, 61, 140, 83, 29, 35, 123, 33, 27, 70, 25, 49, 6, 64, 173, 102, 128, 63, 143, 94, 62, 59, 85, 34, 199, 30, 28, 116, 100, 124, 105, 120, 56, 110, 126, 166, 96, 112, 53, 127, 185, 10, 137, 66, 1, 198, 17, 46, 3, 192, 181, 104, 50, 13, 92, 91, 149, 157, 73, 164, 176, 12, 87, 163, 40, 119, 111, 122, 188, 195, 55, 68, 125, 118, 114, 131, 38, 76, 22, 72, 138, 183, 162, 139, 153, 4, 93, 82, 11, 179, 52, 180, 113, 191, 37, 134, 186, 31, 200, 117, 130, 168, 18, 36, 86, 7, 43, 150, 174, 147, 175, 115, 159, 99, 155, 187, 42, 78, 41, 135, 9, 146, 196, 108, 171, 121, 182, 74, 47, 165, 170, 107, 144, 84, 193, 190, 89, 158]项目工期为：383.0；项目成本为：245508.79999999996
染色体结构为:
[67, 95, 24, 65, 48, 14, 141, 148, 136, 79, 16, 61, 109, 145, 83, 116, 19, 98, 94, 70, 34, 30, 51, 49, 85, 110, 132, 32, 105, 56, 77, 8, 96, 25, 124, 75, 57, 166, 112, 126, 53, 152, 127, 10, 33, 185, 27, 199, 62, 106, 161, 69, 28, 39, 120, 156, 100, 29, 23, 176, 163, 2, 178, 20, 142, 21, 101, 88, 58, 103, 81, 177, 97, 1, 189, 151, 172, 137, 64, 46, 66, 59, 60, 3, 198, 192, 167, 17, 104, 169, 194, 181, 13, 50, 92, 91, 149, 157, 164, 90, 73, 12, 44, 140, 123, 40, 87, 111, 188, 122, 119, 68, 55, 15, 195, 102, 114, 54, 71, 133, 118, 197, 160, 26, 38, 125, 131, 76, 72, 22, 138, 45, 183, 162, 128, 37, 139, 4, 184, 52, 186, 191, 154, 129, 80, 179, 143, 82, 113, 93, 180, 31, 5, 117, 11, 6, 115, 155, 99, 175, 168, 7, 200, 130, 187, 134, 18, 173, 42, 159, 78, 63, 9, 171, 41, 146, 196, 43, 108, 121, 74, 135, 147, 36, 47, 165, 182, 170, 35, 190, 107, 153, 84, 193, 89, 144, 174, 150, 158, 86]项目工期为：582.0；项目成本为：211545.4
染色体结构为:
[95, 67, 24, 48, 14, 65, 16, 148, 141, 19, 79, 61, 136, 109, 145, 34, 83, 98, 51, 116, 94, 30, 70, 110, 132, 85, 49, 56, 25, 105, 77, 8, 32, 75, 96, 57, 124, 53, 127, 166, 112, 126, 10, 185, 199, 152, 27, 106, 33, 161, 39, 62, 69, 23, 29, 28, 120, 156, 176, 2, 100, 20, 163, 178, 103, 58, 88, 177, 21, 142, 97, 101, 151, 189, 81, 64, 172, 137, 66, 1, 59, 198, 60, 46, 17, 167, 3, 192, 194, 181, 169, 104, 13, 92, 50, 90, 149, 164, 91, 157, 44, 73, 140, 123, 40, 87, 12, 119, 122, 111, 188, 195, 55, 68, 15, 71, 102, 54, 114, 118, 133, 26, 160, 197, 125, 38, 131, 22, 76, 72, 138, 162, 183, 45, 184, 139, 128, 52, 37, 186, 143, 4, 154, 191, 129, 5, 80, 179, 153, 82, 93, 6, 113, 11, 31, 180, 117, 175, 115, 155, 99, 168, 7, 130, 173, 200, 134, 42, 187, 18, 63, 41, 159, 9, 78, 43, 171, 196, 146, 108, 135, 147, 74, 121, 182, 36, 47, 165, 35, 107, 84, 144, 170, 89, 190, 158, 193, 86, 174, 150]项目工期为：414.0；项目成本为：236513.70000000007
染色体结构为:
[95, 24, 67, 65, 48, 14, 141, 148, 136, 79, 16, 61, 109, 145, 83, 19, 116, 98, 94, 34, 30, 70, 51, 49, 85, 110, 32, 132, 105, 56, 77, 8, 96, 124, 75, 25, 57, 112, 166, 126, 53, 127, 152, 185, 33, 10, 27, 199, 62, 106, 161, 69, 39, 28, 120, 156, 29, 100, 23, 176, 163, 2, 178, 20, 142, 21, 101, 88, 103, 58, 81, 177, 97, 1, 189, 151, 172, 137, 64, 66, 59, 46, 60, 198, 3, 167, 192, 17, 104, 169, 194, 181, 13, 50, 92, 91, 157, 149, 164, 90, 73, 12, 140, 44, 40, 87, 111, 123, 188, 119, 122, 68, 55, 15, 195, 102, 114, 54, 71, 133, 118, 197, 160, 26, 125, 131, 38, 72, 76, 22, 138, 45, 183, 162, 128, 37, 4, 139, 184, 52, 186, 191, 129, 154, 80, 179, 143, 82, 93, 113, 180, 31, 5, 11, 117, 6, 155, 115, 99, 175, 168, 7, 200, 187, 130, 134, 18, 173, 42, 159, 78, 63, 171, 9, 146, 41, 43, 196, 108, 121, 74, 135, 147, 36, 47, 165, 170, 182, 35, 190, 107, 153, 84, 193, 89, 144, 174, 150, 86, 158]项目工期为：598.0；项目成本为：210390.39999999997
染色体结构为:
[24, 95, 67, 48, 65, 14, 148, 16, 141, 79, 136, 61, 145, 109, 19, 83, 98, 34, 94, 116, 51, 70, 49, 30, 110, 32, 85, 56, 105, 132, 25, 96, 77, 8, 124, 75, 57, 166, 112, 126, 152, 53, 127, 10, 185, 199, 33, 27, 106, 62, 69, 161, 39, 28, 120, 156, 29, 23, 2, 100, 163, 176, 20, 142, 103, 178, 88, 21, 177, 58, 101, 81, 97, 189, 151, 172, 1, 137, 66, 64, 46, 59, 198, 60, 167, 3, 17, 192, 169, 104, 181, 194, 50, 13, 90, 92, 91, 157, 73, 164, 149, 44, 140, 188, 12, 123, 40, 119, 87, 111, 122, 55, 195, 68, 15, 71, 102, 114, 160, 133, 54, 118, 26, 131, 125, 197, 72, 22, 38, 76, 183, 138, 45, 139, 162, 128, 4, 37, 52, 186, 184, 129, 154, 80, 191, 179, 82, 93, 143, 113, 11, 117, 31, 6, 5, 155, 115, 180, 99, 175, 200, 130, 7, 168, 187, 173, 134, 42, 18, 78, 63, 41, 159, 9, 171, 43, 146, 196, 153, 147, 108, 121, 135, 165, 182, 36, 47, 35, 74, 84, 107, 174, 170, 144, 86, 193, 150, 89, 190, 158]项目工期为：519.0；项目成本为：218276.69999999998
染色体结构为:
[24, 95, 67, 148, 65, 48, 141, 14, 16, 136, 79, 19, 83, 61, 145, 109, 98, 34, 116, 94, 51, 30, 70, 132, 110, 49, 85, 56, 25, 77, 32, 105, 8, 57, 75, 96, 126, 53, 124, 112, 166, 88, 152, 127, 1, 185, 10, 33, 137, 142, 60, 59, 64, 66, 46, 198, 199, 23, 167, 103, 106, 17, 194, 27, 192, 3, 161, 169, 40, 181, 104, 87, 20, 119, 111, 92, 50, 90, 91, 157, 13, 73, 149, 62, 164, 44, 123, 29, 12, 39, 69, 120, 2, 21, 178, 101, 58, 177, 189, 151, 172, 97, 156, 129, 81, 133, 26, 71, 154, 54, 160, 45, 184, 197, 15, 80, 5, 140, 35, 6, 102, 173, 128, 143, 63, 28, 100, 163, 176, 188, 122, 195, 55, 153, 4, 93, 52, 82, 162, 179, 11, 113, 180, 37, 131, 38, 114, 72, 31, 191, 134, 183, 68, 117, 125, 118, 22, 138, 186, 139, 76, 200, 130, 18, 168, 86, 36, 7, 43, 147, 150, 174, 159, 175, 41, 108, 9, 78, 182, 135, 155, 42, 171, 187, 115, 74, 99, 196, 121, 146, 165, 47, 84, 107, 170, 190, 193, 144, 158, 89]项目工期为：389.0；项目成本为：244335.1
染色体结构为:
[24, 95, 67, 65, 48, 14, 148, 16, 141, 79, 136, 145, 61, 109, 83, 19, 34, 98, 116, 94, 51, 49, 70, 30, 110, 132, 85, 56, 32, 77, 25, 105, 57, 8, 75, 126, 124, 112, 96, 166, 53, 88, 185, 152, 127, 1, 10, 137, 142, 33, 60, 64, 59, 66, 198, 46, 23, 103, 199, 17, 106, 167, 27, 194, 192, 169, 3, 40, 181, 87, 104, 161, 20, 119, 111, 92, 91, 50, 90, 157, 13, 44, 149, 73, 164, 62, 123, 140, 29, 12, 39, 69, 100, 120, 28, 163, 176, 156, 178, 195, 2, 21, 188, 58, 55, 177, 101, 189, 151, 81, 97, 172, 68, 15, 133, 122, 54, 114, 71, 118, 160, 125, 102, 26, 197, 131, 22, 38, 72, 76, 162, 139, 138, 183, 52, 184, 37, 186, 45, 4, 129, 191, 128, 82, 143, 154, 80, 93, 179, 113, 180, 11, 6, 153, 175, 5, 99, 31, 115, 117, 168, 155, 130, 134, 200, 187, 7, 42, 173, 18, 63, 159, 78, 41, 43, 9, 146, 135, 196, 108, 171, 147, 121, 182, 74, 165, 47, 35, 36, 170, 144, 107, 84, 190, 193, 158, 89, 86, 150, 174]项目工期为：459.0；项目成本为：228114.10000000003
染色体结构为:
[95, 24, 65, 67, 14, 48, 141, 148, 79, 136, 16, 109, 61, 145, 83, 116, 19, 98, 34, 94, 30, 70, 51, 85, 49, 110, 32, 132, 56, 25, 105, 8, 77, 124, 96, 75, 57, 112, 166, 126, 53, 152, 127, 185, 10, 33, 27, 62, 199, 106, 161, 69, 39, 28, 120, 156, 23, 29, 100, 176, 163, 2, 178, 20, 142, 103, 21, 101, 58, 88, 81, 97, 177, 189, 1, 172, 151, 137, 64, 46, 66, 59, 60, 198, 17, 167, 3, 192, 104, 169, 194, 181, 13, 92, 50, 164, 91, 157, 90, 12, 149, 73, 140, 123, 44, 40, 87, 119, 188, 111, 55, 122, 68, 195, 15, 114, 102, 54, 71, 133, 118, 160, 26, 197, 125, 38, 131, 76, 72, 22, 138, 45, 183, 37, 162, 128, 184, 139, 4, 186, 52, 129, 191, 154, 80, 179, 82, 113, 93, 143, 31, 11, 180, 5, 6, 155, 117, 175, 99, 168, 115, 200, 7, 134, 187, 130, 42, 18, 78, 173, 159, 63, 9, 146, 41, 171, 196, 121, 43, 108, 135, 74, 47, 36, 165, 182, 147, 170, 107, 35, 190, 84, 153, 89, 144, 193, 86, 150, 174, 158]项目工期为：653.0；项目成本为：204647.7
染色体结构为:
[95, 24, 65, 67, 14, 48, 141, 148, 79, 136, 16, 109, 61, 145, 83, 116, 98, 19, 34, 30, 94, 70, 51, 85, 49, 110, 132, 56, 32, 25, 105, 8, 77, 96, 124, 75, 57, 112, 166, 126, 53, 152, 127, 185, 10, 33, 27, 62, 199, 106, 161, 69, 39, 28, 120, 23, 156, 29, 100, 176, 163, 2, 178, 142, 20, 103, 21, 101, 58, 81, 88, 97, 177, 189, 1, 172, 151, 137, 64, 46, 66, 59, 60, 17, 198, 167, 3, 192, 104, 169, 194, 181, 13, 92, 50, 91, 164, 157, 12, 90, 149, 73, 123, 140, 44, 40, 87, 119, 188, 111, 55, 122, 68, 195, 15, 114, 54, 102, 71, 133, 118, 160, 26, 197, 125, 131, 38, 76, 72, 22, 138, 45, 183, 37, 162, 128, 184, 139, 4, 186, 52, 129, 191, 80, 154, 179, 82, 113, 93, 143, 31, 180, 5, 11, 6, 117, 175, 155, 99, 168, 153, 115, 7, 200, 130, 134, 187, 18, 159, 42, 173, 78, 63, 146, 9, 171, 41, 196, 43, 121, 108, 135, 47, 147, 74, 36, 165, 182, 170, 35, 190, 107, 84, 193, 89, 174, 144, 86, 158, 150]项目工期为：577.0；项目成本为：211562.30000000002
染色体结构为:
[24, 95, 65, 67, 48, 14, 16, 141, 79, 148, 136, 61, 19, 145, 109, 83, 98, 116, 34, 51, 94, 70, 30, 132, 110, 49, 85, 105, 56, 8, 25, 32, 77, 96, 75, 124, 57, 166, 53, 126, 127, 185, 112, 152, 10, 33, 199, 27, 161, 106, 39, 62, 69, 23, 28, 29, 120, 176, 100, 156, 178, 2, 20, 142, 163, 58, 103, 101, 88, 21, 177, 189, 97, 81, 151, 64, 172, 137, 1, 59, 60, 66, 198, 46, 167, 3, 17, 192, 181, 104, 194, 13, 169, 90, 50, 92, 157, 164, 91, 149, 73, 40, 140, 44, 123, 111, 87, 12, 119, 122, 188, 68, 195, 54, 55, 133, 102, 15, 114, 71, 118, 125, 160, 26, 131, 197, 38, 22, 76, 72, 162, 138, 184, 183, 45, 128, 37, 139, 52, 129, 186, 191, 4, 82, 143, 154, 80, 93, 179, 6, 11, 113, 117, 5, 180, 155, 7, 31, 115, 175, 200, 99, 130, 168, 173, 18, 134, 42, 187, 41, 63, 159, 78, 9, 43, 146, 196, 171, 108, 121, 135, 147, 182, 74, 36, 165, 47, 170, 35, 84, 107, 144, 158, 89, 174, 153, 190, 193, 150, 86]项目工期为：431.0；项目成本为：231247.8999999999
MID=1.798626223490204
DM=78916.67613888734
SNS=0.12479101001705534
SM=0.7689589645965481
2.279145944166172E-5
76
共计用时：13秒
