染色体结构为:
[131, 150, 91, 113, 70, 74, 170, 34, 16, 177, 129, 104, 154, 178, 126, 110, 185, 66, 119, 158, 148, 111, 49, 45, 105, 54, 1, 53, 108, 14, 47, 68, 10, 147, 159, 15, 114, 17, 67, 62, 133, 56, 164, 152, 184, 128, 76, 31, 124, 35, 43, 41, 194, 65, 96, 40, 103, 87, 120, 88, 176, 82, 28, 174, 24, 140, 63, 83, 2, 25, 23, 135, 33, 166, 50, 52, 167, 8, 162, 39, 196, 107, 142, 189, 9, 81, 193, 127, 143, 55, 155, 29, 157, 78, 61, 98, 165, 163, 86, 134, 73, 42, 5, 161, 79, 186, 156, 125, 109, 72, 44, 27, 130, 97, 173, 37, 192, 101, 36, 182, 121, 7, 20, 146, 6, 77, 64, 94, 179, 171, 4, 197, 168, 18, 13, 21, 11, 89, 138, 117, 144, 38, 80, 60, 132, 93, 92, 198, 75, 122, 102, 19, 30, 58, 188, 95, 191, 136, 84, 26, 69, 106, 12, 22, 3, 181, 139, 71, 100, 169, 145, 116, 59, 183, 137, 199, 160, 32, 190, 118, 123, 115, 149, 151, 172, 46, 85, 153, 112, 187, 57, 51, 48, 99, 141, 90, 200, 195, 175, 180]项目工期为：184.0；项目成本为：254021.69999999992
染色体结构为:
[131, 150, 113, 70, 91, 74, 170, 34, 104, 177, 16, 129, 178, 126, 154, 110, 185, 158, 66, 119, 148, 111, 45, 54, 105, 49, 108, 14, 1, 53, 47, 10, 68, 147, 17, 159, 114, 15, 67, 62, 133, 152, 56, 164, 128, 31, 43, 76, 184, 124, 41, 35, 65, 96, 40, 194, 88, 87, 120, 103, 176, 82, 174, 140, 24, 28, 63, 83, 2, 25, 23, 135, 166, 33, 50, 52, 167, 8, 39, 107, 162, 142, 9, 196, 189, 81, 127, 193, 143, 29, 155, 157, 61, 55, 78, 98, 163, 73, 86, 165, 134, 5, 42, 161, 79, 186, 156, 72, 109, 44, 125, 97, 27, 130, 173, 192, 37, 7, 36, 101, 121, 20, 146, 182, 77, 6, 94, 171, 64, 4, 179, 168, 197, 13, 18, 11, 21, 144, 89, 117, 138, 38, 60, 132, 80, 93, 198, 92, 122, 75, 19, 102, 58, 30, 95, 188, 136, 84, 191, 26, 12, 69, 22, 106, 181, 3, 183, 169, 59, 46, 199, 116, 139, 149, 172, 85, 57, 32, 195, 145, 137, 115, 48, 71, 180, 100, 151, 51, 175, 90, 200, 118, 153, 160, 123, 112, 190, 141, 99, 187]项目工期为：188.0；项目成本为：249695.59999999995
染色体结构为:
[185, 91, 66, 148, 49, 45, 54, 158, 119, 186, 111, 105, 79, 50, 62, 143, 135, 69, 131, 150, 170, 113, 70, 74, 34, 129, 154, 16, 104, 177, 178, 126, 110, 47, 1, 14, 53, 147, 10, 159, 68, 17, 114, 67, 173, 15, 133, 121, 9, 156, 108, 109, 23, 72, 164, 44, 125, 166, 93, 56, 144, 38, 182, 183, 96, 43, 168, 11, 46, 140, 142, 81, 27, 2, 122, 107, 75, 12, 152, 25, 76, 184, 35, 124, 31, 41, 128, 65, 40, 194, 87, 120, 176, 88, 174, 82, 28, 103, 33, 63, 24, 167, 8, 83, 52, 196, 162, 6, 98, 39, 4, 86, 127, 59, 61, 181, 115, 188, 193, 157, 13, 37, 32, 85, 21, 80, 192, 165, 190, 19, 195, 73, 198, 71, 7, 139, 94, 97, 151, 51, 101, 146, 130, 116, 36, 161, 20, 134, 77, 42, 78, 29, 171, 197, 89, 64, 55, 18, 138, 179, 117, 60, 200, 106, 163, 92, 189, 22, 5, 132, 26, 48, 180, 123, 3, 160, 169, 58, 137, 199, 155, 118, 145, 84, 112, 95, 136, 187, 100, 102, 172, 57, 141, 90, 175, 149, 30, 191, 153, 99]项目工期为：185.0；项目成本为：251913.59999999983
染色体结构为:
[91, 66, 185, 158, 148, 45, 111, 119, 49, 54, 131, 79, 105, 170, 150, 113, 74, 34, 70, 154, 129, 16, 104, 177, 126, 178, 1, 47, 110, 14, 10, 68, 53, 147, 67, 15, 159, 17, 133, 114, 62, 9, 121, 173, 108, 156, 186, 44, 72, 164, 109, 166, 23, 125, 50, 56, 38, 43, 93, 144, 182, 168, 183, 96, 46, 11, 81, 140, 2, 27, 142, 122, 135, 152, 107, 25, 12, 75, 128, 76, 184, 35, 124, 65, 31, 41, 194, 87, 120, 88, 40, 103, 176, 82, 24, 63, 28, 174, 83, 33, 8, 52, 167, 196, 162, 6, 39, 127, 4, 98, 59, 61, 86, 188, 181, 85, 157, 32, 193, 115, 37, 21, 13, 80, 19, 195, 192, 165, 198, 190, 73, 97, 71, 7, 69, 139, 94, 22, 143, 92, 106, 163, 101, 130, 146, 134, 36, 20, 77, 161, 42, 29, 64, 78, 171, 197, 179, 18, 89, 60, 55, 117, 138, 200, 189, 132, 5, 180, 48, 26, 169, 160, 3, 84, 151, 155, 145, 112, 137, 136, 100, 95, 187, 57, 102, 90, 172, 118, 116, 51, 58, 175, 141, 123, 149, 199, 153, 30, 99, 191]项目工期为：214.0；项目成本为：225085.4999999999
染色体结构为:
[50, 135, 62, 69, 182, 143, 104, 66, 91, 109, 158, 119, 185, 148, 45, 111, 54, 105, 108, 186, 49, 156, 44, 79, 72, 47, 159, 164, 34, 70, 125, 97, 23, 74, 107, 53, 121, 9, 130, 173, 38, 166, 43, 15, 93, 56, 144, 150, 129, 167, 133, 82, 27, 88, 61, 37, 2, 192, 7, 25, 126, 39, 36, 101, 41, 162, 16, 146, 20, 154, 76, 81, 5, 98, 120, 140, 168, 189, 170, 6, 131, 67, 142, 128, 106, 12, 139, 40, 92, 22, 163, 94, 194, 73, 193, 152, 42, 24, 71, 64, 196, 132, 32, 78, 77, 165, 33, 96, 68, 184, 183, 46, 11, 122, 161, 110, 14, 83, 84, 75, 155, 10, 31, 172, 89, 174, 3, 35, 169, 21, 17, 177, 113, 134, 178, 1, 29, 176, 87, 171, 197, 4, 179, 147, 18, 114, 55, 200, 51, 103, 28, 188, 180, 80, 118, 19, 59, 199, 58, 198, 157, 160, 181, 115, 138, 13, 117, 60, 8, 65, 127, 85, 136, 149, 124, 116, 57, 26, 30, 195, 145, 48, 86, 137, 102, 52, 191, 95, 100, 175, 151, 90, 153, 63, 123, 190, 141, 99, 112, 187]项目工期为：215.0；项目成本为：223314.89999999994
染色体结构为:
[50, 135, 69, 62, 143, 182, 104, 66, 109, 91, 148, 185, 119, 158, 45, 111, 54, 105, 108, 49, 186, 156, 79, 44, 72, 34, 47, 159, 164, 125, 70, 97, 23, 107, 74, 53, 9, 130, 121, 173, 166, 38, 43, 15, 93, 56, 144, 129, 167, 150, 88, 82, 27, 37, 133, 61, 2, 192, 126, 7, 25, 162, 36, 39, 101, 16, 146, 41, 76, 20, 154, 81, 5, 98, 120, 140, 168, 189, 170, 131, 6, 67, 128, 142, 12, 106, 40, 139, 92, 22, 194, 163, 94, 73, 152, 193, 42, 24, 64, 132, 196, 71, 32, 33, 77, 78, 96, 68, 165, 184, 183, 11, 46, 14, 110, 161, 122, 75, 84, 83, 155, 10, 31, 172, 89, 174, 35, 169, 3, 21, 17, 113, 177, 1, 134, 178, 176, 29, 171, 87, 197, 4, 147, 18, 179, 55, 200, 114, 180, 51, 103, 28, 80, 188, 118, 58, 199, 59, 198, 19, 157, 160, 117, 115, 181, 13, 138, 60, 8, 127, 65, 136, 85, 149, 116, 124, 195, 26, 30, 57, 145, 86, 137, 48, 102, 100, 52, 191, 95, 90, 151, 175, 153, 190, 63, 123, 141, 187, 112, 99]项目工期为：216.0；项目成本为：218807.5
染色体结构为:
[66, 185, 91, 111, 148, 158, 54, 105, 45, 49, 119, 79, 50, 62, 186, 135, 69, 182, 143, 67, 104, 120, 109, 6, 121, 9, 108, 131, 173, 156, 72, 34, 44, 47, 159, 23, 164, 150, 125, 166, 74, 170, 16, 154, 177, 113, 178, 110, 70, 1, 129, 53, 126, 14, 7, 24, 193, 56, 15, 38, 43, 144, 97, 93, 130, 88, 167, 82, 107, 27, 37, 61, 133, 192, 2, 36, 25, 162, 39, 101, 20, 41, 146, 189, 81, 76, 98, 5, 140, 168, 128, 12, 22, 40, 142, 139, 194, 92, 106, 152, 163, 73, 94, 64, 42, 132, 32, 71, 196, 77, 78, 165, 68, 184, 96, 183, 33, 46, 11, 161, 122, 83, 75, 84, 155, 10, 172, 31, 89, 174, 3, 35, 169, 21, 17, 134, 176, 29, 171, 87, 4, 197, 147, 179, 114, 55, 18, 13, 157, 138, 28, 117, 200, 60, 59, 198, 136, 188, 80, 65, 19, 124, 26, 58, 127, 199, 85, 57, 149, 116, 195, 115, 30, 8, 137, 145, 86, 48, 102, 100, 51, 103, 52, 118, 180, 160, 181, 191, 95, 90, 175, 190, 151, 153, 123, 63, 141, 99, 187, 112]项目工期为：247.0；项目成本为：198853.90000000005
染色体结构为:
[148, 185, 119, 66, 111, 91, 158, 45, 105, 173, 49, 54, 50, 121, 135, 9, 108, 79, 156, 186, 109, 72, 44, 47, 164, 62, 23, 166, 34, 159, 125, 38, 129, 15, 43, 144, 97, 56, 93, 182, 74, 70, 150, 53, 107, 167, 130, 27, 88, 82, 2, 133, 192, 61, 37, 126, 162, 25, 7, 101, 39, 20, 16, 146, 76, 36, 41, 98, 154, 189, 170, 81, 69, 5, 140, 168, 120, 143, 131, 142, 128, 12, 104, 67, 6, 22, 40, 106, 194, 139, 152, 92, 24, 94, 64, 163, 73, 132, 193, 71, 42, 78, 32, 196, 77, 68, 184, 165, 33, 96, 183, 46, 11, 14, 161, 122, 83, 110, 10, 75, 84, 89, 155, 31, 172, 3, 169, 21, 35, 174, 17, 177, 113, 178, 134, 1, 176, 29, 87, 171, 4, 197, 179, 147, 18, 114, 51, 200, 188, 55, 103, 180, 28, 19, 118, 80, 58, 199, 198, 181, 59, 157, 160, 13, 60, 115, 138, 117, 136, 65, 127, 124, 8, 85, 116, 26, 86, 149, 57, 30, 195, 145, 137, 151, 48, 52, 112, 95, 190, 123, 187, 63, 102, 90, 100, 153, 141, 191, 99, 175]项目工期为：268.0；项目成本为：189670.89999999997
染色体结构为:
[131, 150, 91, 113, 70, 74, 170, 34, 177, 104, 129, 16, 178, 110, 126, 154, 185, 66, 119, 158, 111, 148, 45, 54, 105, 49, 1, 108, 53, 47, 14, 68, 10, 147, 159, 15, 114, 17, 67, 62, 133, 56, 164, 184, 152, 128, 76, 31, 124, 35, 41, 43, 194, 65, 40, 96, 103, 87, 120, 88, 176, 28, 82, 174, 24, 63, 140, 83, 25, 23, 2, 135, 33, 166, 50, 52, 167, 8, 39, 162, 196, 107, 142, 189, 9, 81, 193, 143, 127, 155, 55, 29, 157, 78, 98, 61, 165, 163, 86, 134, 42, 73, 5, 161, 79, 186, 156, 125, 109, 72, 44, 27, 130, 97, 173, 37, 192, 101, 36, 121, 182, 7, 20, 146, 6, 64, 77, 94, 179, 171, 4, 197, 168, 18, 13, 21, 11, 89, 117, 138, 144, 38, 80, 60, 132, 93, 92, 198, 75, 122, 102, 19, 30, 58, 188, 95, 191, 136, 84, 26, 69, 106, 12, 22, 3, 181, 139, 71, 100, 169, 145, 116, 59, 137, 183, 199, 160, 32, 190, 118, 123, 149, 115, 151, 172, 46, 85, 153, 112, 57, 187, 51, 48, 99, 141, 90, 195, 200, 175, 180]项目工期为：181.0；项目成本为：265910.8
染色体结构为:
[66, 185, 91, 148, 111, 158, 54, 105, 45, 49, 119, 79, 50, 62, 135, 186, 69, 182, 143, 67, 104, 120, 109, 6, 121, 9, 131, 108, 173, 72, 156, 34, 44, 47, 23, 159, 150, 164, 166, 125, 74, 170, 154, 16, 177, 113, 178, 110, 70, 1, 129, 53, 126, 24, 14, 7, 56, 193, 15, 38, 43, 144, 97, 93, 130, 167, 88, 107, 82, 27, 61, 37, 192, 133, 2, 25, 162, 36, 39, 20, 101, 41, 189, 146, 81, 76, 5, 98, 140, 168, 128, 12, 40, 22, 142, 194, 139, 92, 106, 152, 163, 94, 73, 64, 132, 42, 71, 196, 78, 32, 77, 68, 96, 165, 33, 46, 184, 183, 11, 161, 122, 84, 83, 155, 75, 10, 31, 172, 89, 174, 3, 169, 35, 21, 176, 17, 134, 29, 87, 171, 4, 179, 147, 18, 114, 197, 55, 200, 51, 188, 103, 28, 180, 118, 80, 199, 58, 198, 19, 181, 59, 157, 160, 115, 13, 117, 60, 138, 65, 136, 127, 8, 124, 85, 26, 149, 116, 30, 145, 57, 195, 86, 137, 48, 102, 52, 100, 191, 95, 175, 151, 153, 190, 90, 123, 187, 63, 141, 99, 112]项目工期为：234.0；项目成本为：203428.3
染色体结构为:
[131, 150, 91, 113, 70, 74, 170, 34, 177, 104, 129, 16, 178, 110, 126, 154, 66, 185, 119, 158, 111, 148, 45, 54, 105, 49, 1, 108, 53, 47, 68, 14, 10, 147, 159, 15, 114, 67, 17, 133, 62, 56, 164, 184, 152, 128, 76, 31, 124, 35, 41, 43, 194, 65, 40, 96, 87, 103, 120, 88, 176, 28, 82, 174, 63, 24, 83, 140, 25, 23, 135, 2, 33, 166, 50, 52, 167, 39, 8, 162, 196, 142, 107, 189, 9, 81, 193, 143, 127, 155, 55, 29, 157, 78, 98, 61, 165, 163, 86, 134, 42, 73, 5, 161, 79, 186, 156, 125, 109, 72, 44, 27, 130, 97, 37, 173, 192, 36, 101, 121, 182, 7, 20, 146, 6, 64, 77, 94, 179, 171, 4, 197, 168, 18, 13, 21, 11, 89, 117, 138, 144, 38, 80, 60, 132, 93, 92, 198, 75, 122, 102, 19, 30, 188, 58, 191, 95, 136, 84, 69, 26, 106, 12, 22, 3, 181, 139, 100, 71, 169, 145, 116, 59, 137, 199, 160, 183, 32, 190, 118, 123, 149, 115, 151, 172, 46, 153, 85, 112, 57, 51, 187, 48, 99, 141, 90, 195, 175, 200, 180]项目工期为：182.0；项目成本为：262824.1
染色体结构为:
[66, 158, 185, 91, 119, 45, 148, 111, 54, 105, 49, 9, 135, 50, 173, 156, 121, 79, 108, 186, 44, 47, 109, 72, 62, 164, 166, 159, 125, 34, 23, 56, 38, 15, 43, 144, 129, 182, 70, 97, 93, 74, 130, 53, 167, 107, 150, 88, 82, 27, 61, 133, 37, 7, 2, 25, 192, 126, 162, 36, 16, 101, 39, 20, 146, 189, 41, 154, 81, 98, 76, 170, 140, 5, 69, 168, 120, 143, 131, 128, 104, 142, 67, 12, 6, 22, 139, 40, 24, 106, 92, 194, 163, 152, 94, 73, 64, 193, 196, 42, 132, 71, 78, 77, 32, 68, 96, 165, 33, 184, 14, 46, 183, 11, 161, 122, 83, 110, 84, 75, 10, 89, 172, 155, 174, 31, 3, 169, 35, 113, 178, 21, 17, 134, 177, 1, 29, 4, 176, 87, 171, 147, 197, 179, 18, 114, 55, 65, 116, 86, 200, 157, 51, 188, 28, 180, 103, 118, 80, 199, 19, 58, 59, 181, 198, 160, 115, 60, 138, 13, 127, 117, 8, 124, 136, 26, 85, 149, 57, 145, 137, 30, 195, 48, 102, 52, 191, 100, 95, 190, 175, 90, 151, 63, 123, 153, 141, 187, 112, 99]项目工期为：351.0；项目成本为：169110.79999999996
染色体结构为:
[91, 113, 131, 150, 74, 34, 70, 104, 170, 177, 154, 129, 16, 178, 126, 158, 110, 66, 185, 119, 45, 148, 111, 105, 49, 54, 108, 53, 1, 47, 10, 14, 147, 159, 17, 68, 15, 114, 67, 56, 133, 62, 152, 164, 128, 76, 184, 124, 43, 31, 35, 65, 41, 96, 40, 87, 194, 82, 88, 120, 103, 28, 24, 176, 63, 174, 83, 140, 25, 2, 135, 23, 166, 33, 52, 50, 167, 39, 8, 196, 162, 107, 9, 142, 127, 189, 81, 29, 155, 193, 61, 143, 55, 157, 163, 78, 98, 86, 73, 165, 134, 42, 5, 161, 186, 156, 79, 72, 125, 44, 109, 97, 27, 130, 192, 37, 173, 101, 36, 7, 121, 20, 182, 146, 6, 77, 94, 179, 64, 171, 168, 4, 197, 18, 21, 11, 13, 144, 138, 89, 60, 117, 132, 80, 93, 92, 198, 38, 122, 19, 75, 30, 102, 58, 95, 191, 136, 188, 84, 106, 26, 12, 3, 69, 22, 139, 181, 169, 71, 100, 116, 59, 199, 183, 137, 145, 123, 160, 190, 32, 118, 151, 115, 172, 149, 85, 57, 46, 187, 99, 112, 51, 153, 141, 48, 200, 90, 175, 195, 180]项目工期为：178.0；项目成本为：272864.5999999999
染色体结构为:
[50, 135, 62, 69, 182, 143, 104, 66, 109, 91, 158, 185, 119, 148, 45, 111, 54, 105, 108, 186, 49, 156, 44, 79, 72, 47, 159, 164, 34, 70, 125, 23, 97, 74, 107, 121, 53, 9, 130, 173, 38, 166, 43, 15, 93, 56, 144, 150, 129, 167, 133, 82, 27, 88, 61, 37, 2, 192, 7, 25, 126, 39, 36, 101, 41, 162, 16, 146, 20, 154, 76, 81, 5, 98, 120, 140, 168, 189, 170, 6, 67, 142, 131, 128, 106, 12, 139, 40, 92, 22, 163, 194, 94, 193, 73, 152, 42, 24, 71, 64, 196, 132, 32, 78, 77, 165, 33, 96, 68, 184, 183, 46, 11, 122, 161, 110, 14, 83, 84, 75, 155, 10, 31, 172, 89, 174, 3, 35, 169, 21, 17, 113, 177, 134, 178, 1, 29, 176, 87, 197, 171, 4, 179, 147, 114, 18, 55, 200, 51, 103, 188, 28, 180, 118, 80, 19, 59, 199, 58, 198, 157, 160, 181, 115, 138, 13, 117, 8, 60, 65, 127, 136, 85, 149, 124, 116, 57, 26, 30, 195, 145, 48, 86, 137, 102, 52, 191, 95, 100, 175, 151, 90, 153, 63, 123, 190, 141, 99, 112, 187]项目工期为：208.0；项目成本为：225142.1999999999
染色体结构为:
[66, 185, 91, 148, 111, 158, 54, 45, 105, 49, 119, 79, 62, 50, 186, 135, 69, 182, 143, 67, 104, 120, 6, 109, 9, 121, 131, 108, 173, 156, 72, 34, 44, 47, 23, 150, 159, 166, 164, 170, 125, 74, 177, 16, 154, 113, 178, 110, 1, 70, 129, 126, 53, 14, 24, 193, 7, 56, 15, 38, 43, 144, 97, 93, 130, 167, 88, 82, 107, 27, 37, 61, 133, 192, 2, 25, 162, 36, 39, 101, 20, 41, 146, 189, 76, 98, 81, 5, 140, 168, 128, 12, 40, 139, 22, 142, 194, 92, 106, 152, 94, 163, 73, 64, 42, 132, 71, 32, 196, 78, 68, 77, 165, 184, 96, 183, 33, 11, 46, 122, 161, 83, 75, 84, 155, 10, 172, 31, 89, 174, 3, 169, 35, 21, 17, 134, 176, 29, 171, 4, 147, 87, 197, 179, 114, 55, 18, 13, 157, 28, 138, 117, 200, 60, 59, 198, 136, 188, 80, 65, 19, 124, 58, 26, 127, 199, 85, 57, 116, 149, 8, 195, 115, 30, 137, 145, 86, 48, 102, 100, 51, 52, 103, 118, 160, 181, 180, 191, 95, 90, 175, 190, 151, 153, 141, 63, 123, 187, 99, 112]项目工期为：240.0；项目成本为：202435.80000000008
染色体结构为:
[66, 185, 91, 158, 119, 148, 150, 170, 131, 34, 113, 104, 74, 16, 70, 177, 129, 154, 45, 54, 178, 49, 111, 79, 105, 186, 50, 62, 135, 69, 126, 143, 1, 110, 47, 53, 10, 14, 147, 68, 159, 17, 15, 114, 67, 133, 173, 9, 108, 121, 156, 72, 109, 44, 166, 164, 23, 125, 56, 93, 38, 144, 43, 183, 182, 96, 168, 81, 46, 11, 2, 27, 140, 142, 107, 122, 75, 152, 12, 76, 25, 184, 124, 35, 128, 41, 65, 194, 31, 40, 87, 120, 176, 88, 28, 103, 174, 82, 33, 63, 24, 8, 83, 167, 196, 52, 39, 162, 98, 6, 4, 127, 86, 59, 61, 188, 181, 115, 157, 85, 193, 32, 13, 80, 37, 165, 21, 192, 19, 190, 198, 73, 195, 139, 7, 71, 97, 151, 51, 94, 101, 130, 116, 36, 146, 161, 20, 134, 77, 78, 42, 64, 29, 171, 197, 18, 55, 138, 179, 89, 200, 117, 60, 163, 92, 106, 22, 189, 132, 26, 5, 48, 3, 160, 180, 123, 169, 58, 137, 155, 199, 112, 118, 30, 102, 95, 191, 136, 84, 100, 145, 172, 149, 57, 187, 153, 99, 141, 90, 175]项目工期为：196.0；项目成本为：239417.6999999999
染色体结构为:
[50, 135, 62, 182, 69, 143, 104, 66, 91, 158, 109, 119, 185, 45, 148, 111, 108, 105, 54, 156, 49, 44, 186, 79, 72, 47, 164, 159, 34, 125, 97, 70, 23, 74, 107, 53, 121, 9, 130, 38, 173, 166, 43, 15, 93, 56, 150, 144, 129, 133, 167, 82, 88, 61, 37, 2, 27, 192, 7, 126, 25, 39, 162, 36, 41, 101, 16, 20, 146, 154, 5, 76, 81, 98, 140, 120, 168, 189, 170, 6, 131, 67, 142, 128, 12, 106, 40, 139, 22, 92, 163, 194, 73, 94, 152, 193, 42, 24, 64, 196, 132, 71, 32, 78, 33, 96, 165, 77, 183, 184, 68, 46, 122, 11, 161, 110, 14, 83, 84, 75, 10, 155, 31, 89, 174, 172, 3, 169, 35, 21, 17, 177, 113, 134, 1, 178, 176, 29, 87, 171, 197, 147, 179, 4, 18, 55, 114, 51, 200, 103, 180, 28, 188, 80, 118, 19, 199, 59, 58, 198, 157, 160, 115, 181, 138, 13, 117, 60, 8, 65, 127, 85, 124, 136, 26, 149, 57, 116, 195, 30, 86, 145, 48, 137, 191, 52, 102, 100, 151, 95, 90, 175, 153, 190, 123, 63, 187, 141, 112, 99]项目工期为：198.0；项目成本为：232110.39999999994
染色体结构为:
[66, 185, 119, 148, 91, 45, 158, 111, 105, 54, 135, 173, 49, 50, 156, 9, 79, 108, 121, 44, 186, 47, 72, 109, 23, 164, 34, 62, 15, 159, 166, 125, 129, 43, 56, 97, 38, 182, 93, 144, 53, 74, 70, 150, 88, 130, 107, 82, 27, 167, 2, 133, 192, 126, 61, 7, 37, 25, 36, 16, 39, 162, 101, 146, 41, 20, 76, 154, 189, 81, 98, 5, 140, 170, 168, 69, 143, 120, 131, 128, 104, 12, 142, 67, 139, 6, 22, 40, 194, 92, 106, 152, 24, 163, 94, 73, 193, 42, 64, 196, 71, 78, 132, 32, 68, 96, 165, 77, 33, 184, 14, 11, 46, 183, 122, 161, 110, 83, 84, 75, 10, 155, 172, 31, 89, 174, 3, 169, 17, 21, 35, 113, 177, 134, 178, 176, 1, 87, 4, 171, 29, 197, 18, 179, 147, 114, 200, 55, 51, 188, 103, 28, 180, 118, 80, 199, 19, 58, 198, 181, 59, 115, 160, 13, 157, 60, 117, 138, 8, 65, 136, 124, 127, 85, 26, 116, 149, 57, 145, 30, 195, 86, 137, 102, 48, 191, 52, 100, 63, 95, 190, 123, 153, 151, 112, 187, 99, 90, 141, 175]项目工期为：269.0；项目成本为：187060.8999999999
染色体结构为:
[66, 185, 119, 91, 158, 148, 45, 111, 54, 105, 49, 9, 50, 135, 173, 121, 156, 79, 186, 44, 108, 109, 47, 72, 62, 159, 164, 166, 125, 34, 23, 56, 38, 15, 43, 129, 144, 182, 70, 97, 93, 130, 53, 74, 167, 150, 107, 88, 82, 27, 61, 133, 37, 7, 25, 2, 192, 126, 162, 36, 16, 101, 39, 146, 189, 20, 76, 154, 41, 98, 170, 81, 140, 5, 69, 143, 120, 168, 131, 128, 104, 142, 12, 67, 139, 6, 22, 40, 194, 106, 152, 92, 24, 94, 163, 73, 42, 193, 196, 64, 71, 78, 132, 68, 32, 96, 77, 165, 184, 33, 14, 11, 122, 46, 183, 110, 83, 84, 161, 155, 10, 75, 31, 172, 174, 3, 35, 89, 21, 17, 177, 169, 113, 1, 178, 29, 87, 4, 134, 176, 65, 171, 86, 116, 197, 147, 55, 157, 18, 114, 179, 28, 13, 138, 60, 117, 198, 59, 200, 136, 188, 80, 127, 124, 19, 58, 199, 26, 149, 85, 57, 8, 195, 30, 115, 145, 118, 137, 51, 103, 180, 160, 181, 52, 151, 112, 48, 95, 190, 63, 123, 187, 102, 100, 191, 175, 153, 90, 141, 99]项目工期为：364.0；项目成本为：167156.30000000005
染色体结构为:
[66, 185, 148, 91, 111, 158, 45, 54, 105, 49, 119, 62, 79, 50, 186, 135, 69, 182, 143, 67, 104, 120, 6, 109, 9, 121, 131, 108, 156, 173, 72, 34, 44, 47, 23, 150, 159, 166, 164, 170, 125, 74, 177, 154, 16, 113, 178, 1, 110, 70, 129, 126, 53, 14, 24, 193, 7, 56, 15, 38, 43, 144, 97, 93, 130, 167, 88, 82, 107, 27, 37, 61, 133, 2, 192, 25, 162, 36, 39, 101, 20, 41, 189, 146, 76, 98, 81, 5, 140, 168, 128, 12, 40, 139, 22, 142, 194, 92, 106, 152, 94, 163, 73, 64, 42, 71, 132, 32, 196, 78, 68, 77, 165, 184, 96, 183, 33, 11, 46, 122, 161, 83, 75, 84, 155, 10, 172, 31, 89, 3, 174, 169, 35, 21, 17, 134, 176, 171, 29, 4, 147, 87, 197, 179, 114, 55, 18, 13, 157, 28, 138, 117, 200, 60, 59, 198, 136, 188, 80, 65, 124, 19, 58, 26, 127, 85, 199, 57, 116, 149, 8, 195, 115, 30, 137, 145, 86, 48, 102, 51, 100, 52, 103, 118, 160, 180, 181, 191, 95, 90, 175, 190, 153, 151, 141, 63, 123, 187, 99, 112]项目工期为：233.0；项目成本为：206556.50000000003
染色体结构为:
[185, 66, 91, 148, 111, 158, 54, 45, 105, 49, 79, 119, 50, 62, 135, 186, 69, 182, 143, 67, 104, 120, 109, 6, 121, 9, 131, 108, 173, 72, 156, 34, 44, 47, 159, 23, 150, 164, 166, 125, 74, 16, 170, 154, 113, 177, 178, 70, 110, 129, 1, 53, 126, 14, 24, 7, 193, 56, 38, 15, 43, 144, 97, 93, 130, 167, 88, 107, 82, 27, 61, 37, 133, 192, 2, 25, 162, 36, 39, 101, 20, 41, 146, 189, 81, 76, 5, 98, 168, 140, 128, 12, 40, 22, 142, 139, 194, 92, 106, 152, 94, 163, 73, 64, 132, 42, 71, 32, 196, 78, 77, 68, 165, 96, 33, 184, 46, 183, 11, 161, 84, 122, 83, 155, 75, 10, 172, 31, 89, 174, 3, 169, 35, 17, 176, 21, 134, 87, 29, 171, 4, 179, 147, 18, 197, 114, 55, 200, 51, 188, 103, 28, 180, 118, 80, 199, 58, 198, 19, 181, 59, 157, 160, 115, 13, 60, 117, 138, 65, 127, 136, 8, 124, 85, 26, 149, 116, 30, 145, 57, 195, 86, 137, 48, 102, 52, 100, 191, 95, 175, 151, 153, 190, 90, 123, 63, 187, 141, 99, 112]项目工期为：237.0；项目成本为：202628.19999999998
染色体结构为:
[148, 185, 119, 91, 66, 158, 45, 111, 105, 173, 49, 54, 50, 135, 121, 9, 79, 108, 156, 186, 109, 44, 72, 164, 47, 62, 23, 166, 159, 125, 34, 38, 15, 129, 43, 144, 97, 56, 93, 182, 74, 70, 150, 53, 107, 130, 167, 27, 82, 88, 133, 2, 192, 61, 126, 37, 25, 162, 7, 101, 39, 16, 20, 146, 36, 76, 98, 41, 189, 154, 81, 170, 5, 69, 120, 140, 168, 131, 143, 142, 128, 12, 104, 67, 6, 22, 106, 194, 40, 139, 92, 152, 94, 24, 64, 163, 132, 73, 193, 71, 78, 42, 32, 196, 77, 68, 184, 165, 33, 96, 183, 46, 11, 161, 14, 122, 110, 83, 10, 75, 84, 89, 172, 31, 155, 169, 21, 35, 17, 3, 174, 113, 177, 178, 1, 134, 176, 171, 29, 87, 4, 197, 179, 18, 147, 114, 51, 200, 188, 55, 180, 103, 28, 80, 19, 118, 58, 199, 181, 198, 157, 59, 160, 115, 13, 60, 138, 136, 117, 65, 127, 124, 8, 85, 116, 86, 149, 26, 57, 30, 195, 145, 137, 151, 48, 52, 112, 95, 123, 190, 63, 187, 102, 90, 141, 153, 100, 175, 99, 191]项目工期为：241.0；项目成本为：201048.3
染色体结构为:
[66, 185, 119, 158, 91, 148, 45, 111, 105, 54, 49, 9, 50, 135, 156, 173, 121, 79, 186, 108, 44, 109, 47, 72, 164, 166, 23, 34, 62, 159, 125, 38, 43, 15, 129, 144, 97, 182, 56, 74, 70, 93, 53, 107, 150, 130, 88, 27, 133, 167, 82, 2, 61, 192, 37, 126, 7, 25, 162, 36, 39, 101, 20, 16, 41, 146, 76, 154, 170, 189, 81, 98, 140, 5, 69, 143, 120, 131, 168, 128, 142, 12, 104, 67, 22, 139, 40, 6, 106, 194, 92, 94, 152, 24, 193, 163, 73, 64, 132, 42, 71, 196, 32, 78, 77, 165, 68, 33, 183, 184, 96, 14, 46, 161, 11, 122, 110, 75, 83, 84, 155, 10, 89, 172, 31, 174, 3, 35, 21, 169, 177, 113, 134, 17, 1, 178, 176, 29, 171, 87, 197, 179, 4, 18, 147, 114, 103, 200, 55, 51, 188, 28, 180, 80, 19, 118, 58, 198, 199, 59, 160, 181, 157, 13, 115, 138, 117, 60, 8, 65, 136, 85, 26, 149, 124, 127, 57, 30, 116, 145, 86, 195, 137, 48, 191, 102, 52, 95, 100, 175, 151, 153, 90, 190, 63, 141, 123, 187, 112, 99]项目工期为：252.0；项目成本为：197710.4999999999
染色体结构为:
[66, 185, 119, 148, 91, 105, 45, 158, 111, 135, 54, 173, 49, 50, 9, 79, 156, 121, 108, 186, 44, 47, 72, 23, 34, 109, 159, 164, 62, 15, 125, 129, 166, 56, 43, 97, 38, 182, 93, 144, 74, 53, 70, 150, 88, 130, 107, 82, 27, 167, 133, 61, 2, 192, 126, 7, 37, 25, 36, 16, 39, 162, 101, 146, 20, 41, 76, 154, 189, 81, 98, 5, 170, 140, 69, 168, 120, 143, 131, 128, 12, 104, 142, 67, 139, 6, 40, 22, 194, 106, 152, 92, 24, 163, 94, 42, 73, 193, 64, 196, 71, 78, 132, 32, 68, 96, 184, 77, 165, 33, 14, 46, 11, 183, 161, 122, 110, 83, 84, 75, 10, 31, 155, 172, 89, 174, 3, 169, 21, 17, 35, 113, 177, 134, 178, 176, 87, 1, 171, 4, 29, 197, 179, 18, 147, 114, 200, 55, 51, 188, 103, 28, 180, 118, 80, 19, 199, 58, 181, 198, 59, 115, 157, 160, 13, 60, 138, 117, 8, 136, 65, 124, 127, 85, 26, 116, 57, 149, 145, 30, 195, 86, 102, 137, 48, 52, 191, 100, 95, 90, 190, 175, 63, 123, 151, 153, 141, 187, 99, 112]项目工期为：310.0；项目成本为：174530.2999999999
染色体结构为:
[66, 185, 91, 148, 111, 158, 54, 45, 105, 49, 119, 79, 50, 62, 135, 186, 182, 69, 143, 67, 104, 120, 109, 6, 121, 9, 108, 173, 131, 72, 34, 156, 44, 47, 23, 159, 150, 164, 166, 125, 74, 170, 16, 154, 113, 177, 70, 178, 110, 1, 129, 53, 14, 126, 24, 193, 56, 7, 15, 38, 43, 144, 93, 97, 88, 130, 167, 82, 107, 27, 61, 37, 133, 192, 2, 36, 25, 162, 39, 101, 20, 146, 41, 189, 81, 76, 98, 5, 140, 168, 128, 22, 12, 40, 142, 194, 139, 92, 106, 152, 163, 94, 64, 73, 132, 42, 32, 71, 196, 77, 78, 68, 184, 165, 183, 96, 33, 46, 11, 161, 122, 75, 83, 84, 155, 10, 172, 31, 89, 174, 3, 35, 169, 21, 17, 134, 29, 176, 171, 87, 4, 147, 197, 179, 114, 55, 18, 157, 13, 138, 28, 117, 200, 59, 198, 136, 60, 188, 80, 65, 19, 124, 26, 58, 127, 199, 85, 57, 149, 195, 116, 8, 115, 30, 145, 137, 86, 102, 51, 48, 100, 103, 52, 180, 118, 160, 181, 191, 90, 95, 190, 175, 151, 153, 63, 123, 141, 187, 99, 112]项目工期为：228.0；项目成本为：209497.60000000012
染色体结构为:
[66, 185, 119, 158, 91, 148, 111, 45, 54, 105, 49, 9, 135, 50, 173, 156, 121, 79, 186, 108, 44, 47, 109, 72, 62, 159, 164, 125, 166, 34, 23, 38, 56, 43, 15, 129, 182, 144, 70, 97, 93, 130, 74, 53, 167, 88, 150, 107, 82, 27, 61, 133, 37, 7, 2, 192, 25, 126, 162, 36, 16, 101, 39, 20, 146, 189, 41, 76, 154, 81, 98, 170, 140, 69, 5, 143, 168, 120, 128, 131, 104, 142, 12, 67, 139, 6, 40, 22, 194, 106, 92, 24, 152, 94, 163, 73, 193, 196, 64, 42, 71, 132, 78, 32, 68, 77, 165, 96, 184, 33, 14, 11, 46, 122, 110, 183, 83, 161, 84, 155, 10, 75, 172, 31, 174, 3, 89, 21, 35, 17, 177, 1, 169, 113, 29, 178, 87, 134, 65, 176, 4, 171, 86, 116, 197, 147, 55, 157, 18, 179, 114, 28, 138, 13, 117, 60, 198, 59, 200, 136, 80, 124, 188, 19, 127, 58, 199, 26, 149, 57, 85, 8, 30, 195, 145, 115, 51, 103, 118, 180, 137, 160, 181, 52, 151, 48, 190, 112, 63, 95, 123, 187, 102, 100, 90, 153, 141, 99, 191, 175]项目工期为：299.0；项目成本为：179372.70000000007
染色体结构为:
[66, 185, 148, 119, 91, 45, 158, 105, 111, 54, 135, 173, 49, 50, 9, 156, 79, 108, 121, 44, 186, 47, 72, 109, 164, 34, 23, 62, 15, 159, 166, 125, 129, 97, 56, 43, 38, 182, 93, 74, 144, 53, 70, 88, 150, 130, 82, 107, 27, 167, 133, 2, 192, 126, 61, 7, 37, 36, 25, 16, 162, 39, 101, 146, 20, 41, 76, 154, 189, 81, 98, 5, 170, 140, 168, 69, 143, 131, 120, 128, 104, 12, 142, 67, 139, 6, 40, 22, 194, 106, 92, 152, 24, 163, 94, 73, 193, 42, 196, 78, 64, 71, 132, 32, 68, 77, 96, 165, 33, 14, 184, 11, 46, 183, 122, 83, 161, 110, 84, 75, 155, 10, 172, 31, 89, 174, 3, 169, 17, 21, 35, 113, 134, 177, 178, 176, 1, 87, 171, 29, 4, 197, 179, 18, 147, 114, 200, 55, 51, 188, 28, 180, 103, 80, 118, 19, 199, 58, 59, 198, 181, 160, 115, 157, 13, 60, 117, 138, 65, 8, 136, 127, 124, 85, 116, 26, 57, 149, 145, 30, 195, 86, 137, 102, 48, 191, 52, 100, 95, 90, 151, 175, 153, 190, 123, 141, 187, 63, 99, 112]项目工期为：296.0；项目成本为：179590.69999999995
染色体结构为:
[158, 66, 185, 119, 91, 45, 148, 111, 54, 49, 105, 9, 50, 135, 173, 156, 121, 79, 186, 108, 44, 109, 164, 47, 72, 166, 62, 159, 125, 23, 34, 56, 38, 15, 144, 129, 182, 43, 70, 97, 93, 74, 130, 53, 150, 167, 88, 107, 82, 61, 27, 133, 7, 2, 192, 37, 25, 126, 162, 36, 16, 101, 20, 39, 189, 146, 41, 81, 154, 76, 98, 140, 170, 5, 69, 120, 143, 168, 128, 104, 131, 142, 12, 67, 22, 6, 139, 40, 24, 92, 106, 194, 163, 94, 152, 73, 196, 64, 42, 193, 71, 132, 77, 78, 68, 32, 96, 165, 33, 184, 14, 183, 11, 161, 46, 110, 122, 83, 84, 75, 89, 10, 155, 172, 174, 3, 31, 169, 35, 113, 21, 178, 17, 177, 134, 1, 29, 176, 4, 87, 171, 197, 147, 18, 179, 114, 55, 65, 86, 200, 116, 157, 188, 51, 28, 180, 103, 80, 118, 19, 199, 58, 59, 181, 198, 160, 115, 60, 138, 13, 117, 127, 8, 124, 136, 85, 149, 26, 145, 137, 57, 30, 48, 195, 102, 100, 52, 191, 90, 95, 151, 175, 153, 190, 123, 63, 141, 187, 112, 99]项目工期为：284.0；项目成本为：180373.99999999997
染色体结构为:
[66, 185, 91, 119, 158, 150, 148, 170, 131, 34, 113, 74, 104, 70, 16, 177, 129, 154, 178, 45, 54, 49, 79, 105, 111, 186, 50, 62, 135, 69, 143, 126, 1, 110, 47, 53, 10, 14, 147, 68, 159, 17, 15, 114, 67, 133, 173, 9, 108, 156, 121, 72, 109, 44, 164, 166, 23, 125, 56, 93, 38, 43, 144, 182, 96, 183, 168, 81, 11, 2, 46, 27, 140, 142, 107, 122, 75, 152, 12, 76, 25, 184, 35, 124, 128, 41, 194, 65, 40, 31, 87, 176, 120, 88, 103, 28, 174, 82, 33, 63, 24, 8, 83, 167, 196, 39, 52, 162, 98, 6, 4, 86, 59, 127, 61, 188, 181, 115, 193, 157, 85, 37, 32, 13, 80, 165, 21, 192, 19, 190, 198, 195, 73, 7, 139, 71, 97, 151, 94, 51, 101, 130, 116, 146, 36, 161, 20, 134, 77, 78, 42, 64, 29, 197, 171, 18, 179, 55, 89, 138, 200, 117, 60, 92, 106, 163, 189, 22, 132, 5, 26, 48, 3, 160, 180, 123, 169, 137, 58, 155, 199, 112, 118, 84, 145, 136, 95, 187, 100, 172, 57, 102, 141, 149, 90, 175, 153, 191, 30, 99]项目工期为：195.0；项目成本为：240139.89999999982
染色体结构为:
[158, 66, 185, 91, 119, 45, 148, 111, 54, 105, 49, 9, 50, 173, 135, 156, 121, 79, 108, 186, 44, 47, 109, 72, 164, 166, 62, 159, 125, 34, 23, 56, 38, 15, 144, 43, 129, 70, 97, 182, 93, 74, 130, 53, 167, 107, 150, 88, 82, 27, 61, 133, 7, 37, 2, 192, 25, 126, 162, 36, 16, 101, 20, 39, 146, 189, 41, 154, 81, 76, 98, 140, 170, 5, 69, 168, 120, 143, 131, 128, 142, 104, 67, 12, 22, 139, 6, 40, 24, 106, 92, 194, 163, 152, 94, 73, 64, 196, 193, 42, 132, 78, 71, 77, 32, 68, 96, 165, 33, 184, 14, 46, 183, 11, 161, 122, 110, 83, 84, 75, 89, 10, 172, 155, 174, 3, 31, 35, 169, 113, 178, 17, 21, 177, 134, 1, 29, 4, 176, 171, 87, 197, 147, 18, 179, 114, 65, 55, 86, 116, 157, 200, 188, 51, 28, 180, 103, 118, 80, 199, 19, 58, 59, 181, 198, 160, 60, 115, 13, 138, 127, 117, 8, 124, 136, 85, 26, 149, 145, 57, 30, 137, 102, 195, 48, 52, 191, 100, 95, 190, 175, 90, 151, 63, 123, 153, 141, 187, 99, 112]项目工期为：323.0；项目成本为：174427.89999999997
染色体结构为:
[66, 185, 148, 91, 158, 111, 54, 105, 45, 119, 49, 79, 50, 62, 135, 69, 186, 182, 143, 67, 104, 120, 109, 6, 121, 131, 9, 173, 108, 72, 156, 34, 44, 47, 23, 159, 150, 164, 166, 125, 74, 154, 170, 16, 177, 113, 178, 110, 70, 1, 129, 53, 126, 24, 14, 7, 56, 193, 15, 38, 43, 97, 144, 93, 167, 130, 88, 107, 27, 82, 61, 37, 192, 133, 2, 25, 162, 36, 39, 20, 101, 41, 189, 146, 81, 76, 5, 98, 140, 168, 128, 12, 40, 22, 142, 194, 139, 106, 92, 152, 94, 163, 73, 64, 132, 42, 71, 196, 78, 32, 77, 68, 96, 165, 33, 46, 184, 183, 11, 161, 122, 84, 83, 155, 75, 10, 31, 172, 89, 174, 3, 169, 35, 21, 176, 134, 17, 29, 87, 171, 4, 179, 147, 18, 114, 197, 55, 200, 188, 51, 103, 180, 28, 118, 80, 199, 58, 198, 19, 181, 59, 160, 157, 115, 13, 60, 117, 138, 65, 136, 127, 124, 85, 8, 26, 149, 116, 30, 145, 195, 57, 86, 137, 102, 48, 52, 100, 191, 95, 175, 151, 190, 153, 123, 90, 187, 63, 141, 99, 112]项目工期为：232.0；项目成本为：208211.80000000005
染色体结构为:
[66, 91, 185, 148, 158, 111, 54, 45, 105, 49, 119, 79, 62, 50, 135, 69, 143, 186, 182, 67, 104, 120, 109, 6, 121, 9, 173, 108, 131, 72, 34, 156, 44, 47, 23, 159, 150, 164, 166, 74, 125, 170, 16, 113, 154, 177, 178, 110, 70, 1, 53, 129, 14, 126, 24, 193, 7, 56, 15, 38, 43, 144, 93, 97, 88, 130, 167, 107, 82, 27, 61, 37, 133, 192, 2, 36, 162, 25, 101, 39, 20, 41, 146, 189, 81, 76, 98, 5, 140, 128, 168, 12, 22, 40, 142, 194, 139, 92, 106, 163, 152, 94, 73, 64, 42, 132, 32, 196, 71, 78, 77, 68, 165, 96, 184, 33, 46, 183, 11, 83, 161, 75, 122, 84, 155, 10, 89, 172, 174, 31, 35, 3, 169, 21, 134, 29, 17, 176, 4, 171, 147, 87, 179, 114, 55, 197, 18, 157, 13, 138, 28, 200, 117, 59, 60, 198, 188, 136, 80, 65, 124, 19, 58, 26, 127, 199, 85, 57, 149, 195, 116, 8, 115, 30, 145, 137, 48, 86, 51, 100, 102, 103, 52, 180, 118, 160, 181, 191, 90, 95, 190, 175, 151, 63, 153, 141, 123, 187, 99, 112]项目工期为：225.0；项目成本为：213203.00000000006
染色体结构为:
[66, 148, 91, 111, 185, 158, 45, 54, 105, 49, 119, 62, 79, 135, 50, 69, 143, 186, 182, 67, 104, 6, 120, 109, 9, 131, 121, 108, 156, 173, 72, 34, 44, 47, 23, 150, 159, 166, 164, 125, 170, 74, 177, 154, 16, 113, 178, 110, 70, 1, 129, 126, 53, 14, 24, 56, 193, 7, 15, 38, 144, 43, 97, 93, 130, 167, 88, 82, 107, 27, 61, 37, 133, 2, 192, 25, 162, 39, 36, 101, 20, 41, 189, 146, 76, 98, 81, 5, 140, 168, 128, 40, 12, 22, 139, 142, 92, 194, 106, 152, 94, 73, 64, 163, 42, 32, 71, 132, 196, 78, 68, 77, 165, 184, 96, 183, 33, 11, 122, 46, 161, 83, 75, 84, 155, 10, 172, 31, 89, 169, 3, 174, 35, 21, 17, 134, 171, 176, 29, 147, 4, 87, 197, 179, 55, 114, 157, 18, 28, 13, 138, 200, 117, 59, 60, 136, 198, 80, 188, 65, 58, 19, 124, 26, 127, 85, 199, 149, 57, 116, 195, 8, 30, 115, 137, 86, 48, 145, 51, 102, 100, 52, 118, 103, 180, 160, 191, 181, 90, 95, 175, 190, 151, 141, 153, 123, 63, 112, 187, 99]项目工期为：204.0；项目成本为：229396.89999999997
染色体结构为:
[66, 185, 91, 148, 111, 45, 158, 54, 49, 119, 105, 62, 79, 50, 135, 186, 69, 182, 67, 143, 104, 120, 6, 109, 9, 121, 131, 156, 173, 108, 34, 44, 47, 72, 150, 23, 159, 166, 164, 125, 74, 170, 177, 154, 16, 113, 178, 1, 110, 70, 129, 126, 53, 14, 7, 24, 193, 56, 15, 38, 43, 144, 130, 93, 97, 88, 167, 82, 107, 37, 61, 27, 133, 2, 192, 162, 25, 36, 101, 39, 20, 41, 189, 146, 76, 98, 81, 168, 5, 140, 12, 128, 40, 139, 142, 22, 194, 92, 152, 106, 163, 94, 73, 64, 42, 132, 71, 32, 196, 78, 68, 165, 77, 96, 184, 183, 33, 11, 46, 161, 122, 83, 75, 84, 155, 10, 31, 172, 3, 89, 169, 35, 174, 21, 17, 134, 176, 171, 29, 4, 147, 87, 179, 114, 197, 55, 18, 13, 157, 28, 138, 117, 200, 60, 136, 59, 198, 188, 80, 65, 124, 19, 58, 127, 26, 199, 85, 57, 149, 116, 195, 8, 30, 115, 145, 137, 86, 48, 51, 102, 100, 52, 103, 118, 160, 180, 191, 181, 95, 90, 153, 175, 190, 151, 141, 123, 187, 63, 112, 99]项目工期为：230.0；项目成本为：209401.19999999995
染色体结构为:
[66, 158, 185, 91, 119, 148, 45, 111, 54, 105, 49, 9, 135, 173, 50, 121, 79, 156, 186, 44, 108, 47, 72, 109, 62, 159, 166, 125, 164, 34, 23, 56, 38, 15, 43, 144, 129, 182, 97, 93, 74, 150, 53, 70, 88, 107, 82, 130, 167, 27, 133, 61, 2, 126, 7, 192, 25, 37, 16, 36, 39, 101, 162, 146, 20, 41, 76, 154, 189, 81, 5, 98, 170, 140, 69, 168, 120, 143, 128, 131, 12, 142, 67, 104, 139, 22, 6, 40, 194, 152, 106, 92, 24, 94, 163, 73, 193, 42, 196, 64, 78, 71, 132, 32, 68, 96, 165, 77, 184, 33, 11, 14, 183, 46, 122, 161, 110, 84, 83, 10, 75, 155, 31, 172, 89, 35, 174, 3, 21, 169, 113, 17, 177, 134, 178, 1, 87, 29, 176, 4, 147, 18, 171, 197, 114, 179, 157, 55, 60, 28, 13, 198, 117, 138, 59, 200, 80, 65, 188, 136, 124, 19, 26, 149, 127, 58, 199, 57, 30, 85, 8, 195, 116, 137, 145, 86, 115, 102, 48, 100, 103, 52, 112, 180, 181, 160, 151, 63, 95, 51, 118, 191, 190, 175, 90, 153, 141, 99, 187, 123]项目工期为：277.0；项目成本为：185576.7
染色体结构为:
[185, 66, 119, 148, 91, 158, 45, 105, 111, 54, 135, 173, 50, 9, 156, 49, 108, 79, 121, 186, 44, 47, 72, 109, 164, 23, 62, 34, 159, 166, 15, 129, 125, 56, 97, 43, 38, 182, 93, 53, 144, 74, 70, 88, 150, 130, 107, 82, 27, 167, 61, 133, 2, 192, 126, 7, 37, 36, 25, 16, 162, 39, 101, 146, 41, 20, 154, 76, 189, 81, 98, 5, 140, 69, 170, 168, 120, 143, 131, 128, 104, 142, 12, 67, 139, 6, 22, 40, 194, 106, 92, 152, 24, 163, 94, 73, 193, 42, 64, 71, 196, 78, 132, 32, 68, 77, 96, 184, 33, 165, 11, 14, 46, 122, 161, 183, 110, 83, 84, 75, 155, 10, 31, 172, 89, 174, 3, 21, 169, 17, 35, 177, 113, 134, 178, 1, 176, 87, 171, 4, 29, 18, 197, 179, 147, 114, 200, 55, 51, 188, 103, 28, 180, 118, 80, 199, 19, 58, 198, 181, 59, 157, 115, 13, 160, 60, 117, 138, 8, 65, 127, 136, 124, 85, 116, 26, 57, 149, 145, 30, 195, 86, 137, 102, 48, 191, 52, 100, 90, 95, 175, 63, 190, 151, 123, 153, 141, 187, 99, 112]项目工期为：298.0；项目成本为：179468.89999999994
染色体结构为:
[50, 135, 62, 69, 182, 104, 66, 91, 143, 109, 158, 119, 185, 148, 111, 45, 108, 105, 49, 156, 54, 44, 186, 79, 72, 159, 47, 164, 125, 70, 34, 23, 97, 74, 53, 107, 121, 130, 9, 173, 166, 38, 43, 15, 93, 56, 144, 150, 129, 167, 82, 133, 88, 37, 61, 2, 27, 192, 7, 25, 162, 126, 39, 36, 101, 41, 16, 146, 20, 76, 154, 81, 5, 98, 140, 120, 168, 170, 189, 6, 131, 67, 128, 142, 12, 106, 139, 40, 22, 163, 92, 194, 94, 73, 193, 152, 42, 24, 64, 71, 196, 132, 32, 77, 78, 33, 96, 68, 165, 46, 183, 184, 11, 122, 161, 110, 14, 83, 84, 75, 10, 31, 155, 172, 174, 3, 89, 35, 169, 21, 17, 177, 113, 134, 1, 178, 176, 29, 87, 197, 171, 147, 4, 179, 55, 18, 114, 51, 200, 103, 180, 28, 80, 188, 118, 19, 59, 199, 58, 198, 157, 160, 115, 138, 181, 13, 117, 60, 65, 8, 127, 85, 124, 136, 26, 149, 57, 116, 30, 195, 145, 48, 86, 137, 102, 191, 52, 100, 95, 151, 90, 175, 153, 190, 63, 123, 187, 141, 99, 112]项目工期为：202.0；项目成本为：232018.1999999999
染色体结构为:
[66, 185, 91, 158, 119, 150, 148, 170, 34, 131, 113, 74, 70, 104, 16, 177, 154, 45, 178, 129, 49, 54, 79, 105, 186, 111, 62, 50, 135, 69, 143, 126, 1, 110, 47, 53, 10, 14, 147, 68, 17, 159, 15, 114, 67, 133, 173, 9, 108, 156, 121, 72, 44, 109, 166, 164, 23, 125, 56, 38, 43, 144, 93, 182, 96, 183, 168, 81, 11, 2, 46, 27, 140, 142, 107, 122, 152, 12, 75, 25, 76, 184, 35, 124, 41, 128, 194, 65, 40, 31, 87, 176, 88, 120, 103, 28, 174, 82, 33, 63, 24, 8, 83, 196, 167, 39, 52, 162, 98, 6, 4, 86, 59, 127, 61, 188, 181, 193, 115, 157, 37, 85, 13, 165, 32, 80, 21, 192, 19, 198, 190, 195, 139, 73, 71, 97, 7, 151, 51, 101, 94, 116, 130, 146, 161, 36, 20, 134, 77, 78, 42, 64, 29, 171, 18, 197, 179, 55, 89, 138, 200, 117, 60, 92, 106, 189, 163, 132, 22, 5, 48, 26, 3, 180, 160, 169, 123, 137, 58, 155, 199, 112, 118, 84, 145, 95, 136, 187, 100, 172, 57, 102, 149, 141, 90, 175, 153, 191, 30, 99]项目工期为：194.0；项目成本为：240965.79999999987
染色体结构为:
[66, 91, 185, 158, 119, 148, 150, 131, 170, 34, 113, 104, 74, 70, 16, 129, 177, 154, 178, 45, 54, 49, 111, 79, 105, 186, 50, 62, 135, 69, 143, 126, 110, 1, 47, 53, 14, 10, 68, 147, 159, 114, 17, 15, 67, 133, 173, 9, 108, 121, 156, 72, 109, 44, 164, 23, 166, 125, 56, 93, 38, 43, 144, 183, 96, 182, 168, 11, 2, 81, 46, 140, 27, 107, 142, 122, 75, 152, 12, 76, 25, 184, 35, 124, 41, 128, 65, 194, 40, 31, 120, 87, 176, 88, 28, 174, 103, 82, 33, 63, 8, 24, 83, 167, 162, 52, 196, 39, 6, 98, 4, 86, 127, 59, 61, 181, 188, 157, 115, 85, 193, 13, 37, 32, 80, 165, 21, 192, 190, 19, 198, 195, 73, 7, 71, 97, 139, 151, 51, 94, 101, 130, 116, 146, 36, 161, 20, 134, 78, 77, 64, 42, 29, 171, 197, 18, 179, 55, 89, 138, 200, 60, 117, 92, 163, 106, 189, 22, 132, 5, 26, 48, 3, 180, 160, 123, 169, 58, 137, 112, 155, 118, 199, 145, 84, 136, 187, 95, 100, 172, 57, 141, 102, 149, 90, 175, 153, 191, 30, 99]项目工期为：206.0；项目成本为：229378.99999999977
染色体结构为:
[185, 91, 66, 158, 148, 119, 111, 54, 45, 49, 9, 50, 135, 105, 173, 156, 121, 186, 79, 108, 47, 44, 109, 72, 164, 159, 62, 166, 125, 34, 56, 23, 38, 15, 43, 129, 144, 182, 70, 131, 150, 97, 93, 88, 53, 107, 130, 74, 167, 82, 133, 61, 27, 126, 37, 2, 192, 7, 25, 36, 162, 39, 101, 16, 41, 146, 20, 189, 76, 154, 5, 170, 98, 81, 69, 140, 168, 120, 143, 12, 67, 128, 104, 6, 142, 22, 139, 40, 194, 106, 163, 24, 92, 152, 94, 73, 42, 64, 193, 196, 71, 78, 32, 132, 96, 165, 77, 14, 184, 68, 11, 46, 33, 83, 122, 110, 183, 161, 10, 84, 155, 75, 172, 31, 174, 3, 89, 17, 35, 169, 21, 113, 178, 177, 1, 134, 29, 4, 176, 171, 87, 147, 179, 197, 114, 65, 18, 55, 116, 86, 200, 157, 51, 188, 28, 103, 180, 118, 199, 19, 58, 80, 59, 198, 181, 160, 115, 60, 13, 138, 127, 117, 8, 136, 124, 26, 85, 145, 149, 30, 57, 137, 102, 48, 195, 52, 191, 100, 190, 95, 175, 90, 151, 63, 153, 123, 141, 112, 99, 187]项目工期为：417.0；项目成本为：164080.8
染色体结构为:
[131, 150, 113, 70, 91, 74, 66, 185, 148, 111, 158, 105, 54, 45, 49, 79, 119, 62, 50, 135, 69, 182, 143, 186, 67, 104, 120, 109, 6, 9, 121, 108, 72, 173, 156, 44, 34, 47, 23, 159, 164, 125, 166, 170, 154, 16, 177, 110, 178, 1, 129, 53, 126, 24, 7, 14, 56, 193, 38, 43, 15, 97, 144, 93, 130, 167, 88, 82, 27, 107, 61, 37, 192, 2, 133, 25, 162, 20, 36, 39, 101, 41, 189, 146, 81, 76, 5, 98, 140, 168, 128, 12, 40, 142, 194, 22, 139, 92, 106, 152, 163, 94, 73, 64, 132, 42, 71, 196, 78, 32, 77, 68, 165, 96, 33, 46, 183, 184, 11, 161, 84, 122, 83, 155, 75, 10, 31, 89, 172, 3, 174, 169, 21, 35, 176, 17, 134, 29, 87, 171, 147, 179, 18, 4, 114, 197, 55, 51, 200, 103, 188, 28, 180, 80, 118, 199, 58, 198, 19, 59, 181, 157, 160, 13, 115, 60, 117, 138, 65, 136, 127, 8, 124, 85, 26, 149, 116, 30, 145, 57, 86, 137, 48, 195, 102, 52, 100, 191, 95, 175, 151, 190, 153, 90, 123, 187, 63, 141, 99, 112]项目工期为：221.0；项目成本为：216135.69999999995
染色体结构为:
[185, 91, 148, 66, 158, 119, 111, 54, 49, 45, 9, 50, 135, 105, 173, 156, 121, 186, 79, 108, 47, 44, 109, 72, 62, 164, 159, 166, 34, 125, 23, 56, 38, 15, 43, 129, 144, 70, 182, 97, 93, 74, 53, 107, 150, 130, 88, 82, 167, 27, 133, 61, 2, 192, 126, 7, 36, 25, 16, 37, 131, 39, 162, 41, 101, 189, 146, 20, 154, 5, 76, 170, 81, 140, 98, 69, 168, 120, 12, 143, 128, 67, 142, 104, 6, 22, 139, 194, 24, 40, 106, 163, 152, 92, 94, 42, 73, 193, 64, 196, 78, 132, 71, 32, 96, 165, 68, 77, 14, 184, 11, 46, 33, 83, 161, 183, 122, 84, 110, 10, 172, 155, 31, 75, 89, 174, 35, 3, 113, 17, 169, 21, 177, 1, 134, 178, 29, 176, 4, 171, 87, 147, 179, 197, 114, 65, 18, 55, 116, 86, 200, 157, 51, 28, 188, 180, 118, 103, 199, 19, 80, 58, 181, 59, 198, 160, 115, 60, 127, 138, 13, 117, 8, 136, 124, 85, 26, 145, 149, 57, 30, 195, 137, 102, 48, 52, 100, 95, 191, 90, 190, 175, 151, 63, 123, 153, 141, 187, 99, 112]项目工期为：384.0；项目成本为：165984.19999999998
染色体结构为:
[131, 150, 113, 70, 91, 74, 66, 185, 111, 148, 158, 105, 54, 45, 49, 79, 119, 62, 50, 135, 69, 182, 143, 186, 67, 104, 109, 120, 6, 9, 121, 72, 108, 156, 173, 44, 34, 47, 159, 23, 125, 164, 166, 170, 154, 16, 177, 110, 178, 1, 129, 53, 126, 24, 7, 14, 56, 193, 38, 43, 15, 97, 144, 130, 93, 167, 82, 88, 107, 61, 27, 37, 192, 2, 133, 25, 162, 20, 39, 36, 101, 41, 189, 146, 81, 76, 5, 98, 140, 168, 128, 12, 142, 40, 22, 194, 139, 92, 106, 152, 163, 94, 64, 73, 132, 42, 71, 78, 196, 32, 77, 68, 165, 96, 33, 46, 183, 184, 11, 84, 161, 83, 122, 155, 75, 10, 31, 89, 172, 3, 174, 169, 21, 35, 176, 17, 134, 29, 87, 171, 147, 179, 18, 4, 114, 197, 51, 55, 200, 103, 28, 188, 180, 80, 118, 199, 58, 198, 19, 59, 181, 157, 160, 13, 115, 60, 117, 138, 65, 127, 136, 124, 8, 85, 26, 149, 116, 30, 145, 86, 57, 137, 48, 195, 52, 100, 102, 191, 95, 151, 175, 190, 153, 90, 123, 187, 63, 99, 141, 112]项目工期为：219.0；项目成本为：218362.09999999992
染色体结构为:
[119, 148, 185, 66, 91, 111, 45, 158, 105, 54, 173, 49, 50, 121, 9, 135, 108, 156, 109, 79, 186, 72, 44, 164, 62, 47, 23, 166, 34, 125, 38, 159, 15, 129, 43, 97, 144, 56, 93, 182, 70, 74, 150, 53, 107, 130, 167, 27, 88, 82, 133, 2, 192, 61, 37, 126, 25, 162, 101, 7, 39, 16, 20, 146, 36, 41, 76, 154, 98, 189, 170, 81, 69, 5, 168, 120, 140, 131, 142, 143, 12, 128, 6, 104, 67, 40, 194, 22, 106, 139, 152, 92, 24, 64, 94, 163, 73, 132, 193, 42, 71, 196, 32, 78, 68, 96, 77, 165, 33, 184, 14, 11, 46, 183, 122, 161, 110, 83, 84, 75, 10, 155, 172, 89, 31, 174, 169, 3, 17, 21, 35, 113, 177, 134, 178, 1, 176, 87, 171, 4, 29, 197, 18, 147, 114, 179, 200, 55, 51, 188, 103, 180, 28, 80, 118, 199, 19, 58, 198, 181, 59, 115, 13, 160, 60, 157, 117, 8, 65, 138, 136, 124, 127, 26, 85, 116, 149, 57, 145, 30, 195, 86, 137, 102, 48, 52, 191, 100, 63, 95, 190, 123, 153, 151, 112, 187, 99, 90, 141, 175]项目工期为：263.0；项目成本为：189904.1999999999
染色体结构为:
[66, 158, 185, 119, 91, 45, 148, 111, 54, 105, 49, 9, 50, 135, 173, 156, 121, 79, 186, 108, 44, 47, 109, 72, 62, 164, 159, 166, 125, 34, 23, 56, 38, 15, 43, 144, 129, 182, 97, 70, 93, 130, 74, 53, 167, 150, 88, 107, 82, 27, 61, 133, 37, 7, 2, 25, 192, 126, 162, 16, 36, 101, 39, 20, 146, 189, 41, 154, 76, 81, 98, 170, 140, 5, 168, 69, 120, 143, 131, 128, 104, 142, 12, 67, 6, 22, 139, 40, 24, 106, 92, 194, 163, 152, 94, 73, 64, 193, 196, 42, 132, 71, 78, 77, 32, 68, 96, 165, 33, 184, 14, 46, 11, 183, 161, 122, 110, 83, 84, 75, 89, 10, 172, 155, 174, 3, 169, 31, 35, 113, 178, 21, 134, 17, 1, 177, 29, 4, 176, 87, 171, 197, 147, 18, 179, 114, 65, 55, 116, 86, 157, 51, 200, 28, 188, 180, 103, 118, 80, 199, 58, 59, 19, 181, 198, 160, 115, 60, 13, 138, 117, 127, 136, 8, 124, 26, 85, 149, 145, 57, 30, 137, 195, 48, 102, 52, 191, 100, 190, 95, 175, 90, 63, 151, 153, 123, 141, 187, 112, 99]项目工期为：301.0；项目成本为：177313.79999999996
染色体结构为:
[66, 185, 119, 91, 148, 131, 150, 158, 111, 105, 45, 49, 54, 50, 173, 135, 121, 9, 79, 186, 156, 108, 47, 44, 109, 72, 164, 23, 34, 62, 125, 166, 159, 129, 15, 38, 43, 97, 56, 144, 93, 182, 74, 88, 53, 70, 107, 130, 167, 82, 133, 27, 61, 126, 37, 2, 192, 7, 25, 36, 162, 39, 101, 16, 146, 41, 20, 189, 76, 154, 5, 98, 170, 81, 140, 168, 69, 120, 128, 143, 12, 67, 104, 142, 6, 139, 22, 40, 194, 24, 106, 152, 163, 92, 94, 64, 73, 42, 193, 196, 78, 71, 32, 132, 165, 96, 68, 77, 14, 184, 46, 11, 33, 122, 83, 183, 161, 10, 110, 155, 84, 75, 172, 31, 89, 174, 35, 3, 17, 169, 113, 178, 21, 177, 134, 1, 4, 29, 176, 87, 171, 147, 197, 179, 18, 114, 65, 55, 116, 86, 157, 200, 188, 51, 180, 28, 118, 103, 80, 199, 19, 58, 59, 181, 198, 160, 115, 13, 60, 138, 117, 127, 136, 8, 124, 85, 26, 145, 149, 57, 30, 137, 48, 102, 195, 52, 191, 100, 190, 95, 175, 90, 151, 63, 123, 153, 141, 112, 99, 187]项目工期为：435.0；项目成本为：160575.30000000005
染色体结构为:
[66, 158, 185, 119, 91, 45, 148, 111, 54, 105, 49, 9, 135, 50, 173, 156, 121, 79, 108, 186, 44, 47, 109, 72, 62, 166, 164, 159, 125, 23, 34, 56, 38, 15, 43, 144, 129, 70, 182, 97, 93, 74, 53, 130, 167, 107, 150, 88, 82, 27, 61, 133, 37, 7, 2, 25, 192, 126, 162, 36, 16, 101, 39, 20, 189, 146, 41, 154, 98, 81, 76, 170, 140, 5, 69, 120, 168, 143, 131, 128, 104, 142, 67, 12, 6, 22, 139, 40, 24, 106, 92, 194, 163, 152, 73, 94, 64, 193, 42, 196, 132, 71, 78, 32, 77, 68, 96, 165, 33, 184, 14, 46, 183, 11, 161, 122, 83, 110, 75, 84, 10, 89, 172, 155, 174, 31, 3, 169, 35, 113, 21, 178, 17, 134, 177, 1, 29, 176, 4, 87, 147, 171, 197, 179, 114, 65, 18, 55, 116, 86, 200, 157, 51, 28, 188, 180, 118, 199, 103, 19, 80, 58, 181, 59, 198, 160, 115, 60, 127, 138, 13, 117, 8, 136, 124, 85, 26, 145, 149, 57, 30, 137, 195, 102, 48, 52, 100, 191, 95, 190, 90, 175, 63, 151, 153, 123, 141, 187, 99, 112]项目工期为：327.0；项目成本为：169502.89999999994
染色体结构为:
[66, 185, 148, 119, 91, 45, 158, 105, 111, 54, 135, 173, 49, 50, 156, 9, 79, 108, 121, 44, 186, 47, 72, 109, 164, 23, 34, 62, 15, 159, 166, 125, 129, 97, 56, 43, 38, 182, 93, 74, 144, 53, 70, 88, 150, 130, 82, 27, 107, 167, 133, 2, 192, 126, 61, 37, 7, 36, 25, 16, 162, 39, 101, 146, 20, 76, 41, 154, 189, 81, 98, 5, 170, 168, 140, 69, 143, 131, 120, 128, 104, 12, 67, 142, 139, 6, 40, 22, 106, 92, 194, 152, 24, 163, 94, 73, 193, 196, 42, 78, 64, 71, 132, 32, 68, 77, 96, 165, 33, 14, 184, 11, 183, 46, 122, 83, 161, 110, 84, 75, 155, 10, 172, 31, 89, 174, 3, 169, 17, 21, 35, 113, 134, 177, 178, 176, 1, 87, 171, 29, 4, 197, 179, 18, 147, 114, 200, 51, 55, 188, 28, 180, 103, 80, 118, 19, 199, 58, 59, 198, 181, 160, 115, 157, 13, 60, 117, 65, 8, 138, 136, 127, 124, 85, 116, 26, 57, 149, 145, 195, 30, 86, 137, 102, 48, 191, 52, 95, 100, 90, 151, 175, 153, 190, 123, 141, 63, 187, 99, 112]项目工期为：282.0；项目成本为：183201.49999999997
染色体结构为:
[66, 185, 119, 148, 91, 131, 150, 158, 111, 105, 54, 45, 49, 50, 173, 135, 121, 9, 186, 79, 156, 108, 47, 109, 44, 72, 164, 23, 34, 125, 62, 166, 159, 129, 15, 38, 43, 56, 97, 144, 93, 74, 182, 53, 88, 70, 107, 167, 130, 82, 27, 133, 61, 37, 126, 2, 7, 25, 192, 36, 162, 39, 101, 16, 41, 146, 20, 189, 76, 5, 154, 170, 98, 140, 81, 168, 69, 120, 143, 12, 128, 67, 104, 142, 22, 6, 139, 40, 194, 24, 106, 152, 163, 92, 94, 73, 64, 196, 193, 42, 132, 78, 71, 77, 32, 68, 165, 96, 33, 184, 46, 14, 183, 161, 11, 122, 110, 84, 83, 75, 89, 10, 172, 155, 3, 174, 169, 31, 35, 113, 178, 134, 17, 21, 177, 29, 1, 4, 176, 87, 171, 147, 197, 18, 179, 114, 65, 86, 55, 157, 116, 200, 51, 188, 28, 103, 180, 118, 80, 199, 58, 19, 59, 181, 198, 115, 160, 60, 138, 13, 127, 117, 8, 124, 136, 85, 149, 26, 145, 57, 30, 137, 195, 102, 48, 191, 52, 95, 100, 190, 90, 175, 63, 151, 123, 153, 141, 187, 99, 112]项目工期为：402.0；项目成本为：165089.0
染色体结构为:
[66, 185, 91, 158, 119, 150, 148, 170, 34, 131, 113, 70, 74, 16, 104, 177, 154, 45, 129, 178, 54, 49, 79, 105, 186, 111, 62, 50, 135, 69, 143, 126, 110, 1, 47, 53, 10, 14, 147, 68, 17, 15, 159, 114, 67, 133, 173, 9, 156, 108, 121, 72, 44, 109, 166, 164, 23, 125, 56, 38, 144, 43, 93, 182, 96, 183, 168, 11, 81, 2, 46, 27, 140, 142, 107, 122, 152, 12, 75, 25, 76, 184, 35, 124, 128, 41, 194, 65, 40, 87, 176, 31, 88, 120, 103, 174, 28, 82, 33, 63, 24, 8, 83, 196, 167, 39, 52, 162, 98, 6, 4, 86, 59, 127, 61, 188, 181, 193, 115, 157, 37, 85, 13, 165, 32, 80, 192, 21, 19, 198, 190, 195, 139, 73, 71, 7, 97, 151, 101, 51, 94, 116, 130, 146, 161, 36, 20, 134, 78, 77, 42, 64, 29, 171, 18, 197, 179, 89, 55, 200, 117, 138, 60, 92, 106, 189, 163, 132, 22, 48, 5, 26, 3, 180, 160, 169, 123, 137, 58, 155, 199, 112, 118, 84, 145, 95, 136, 187, 100, 172, 57, 102, 149, 141, 90, 153, 175, 191, 30, 99]项目工期为：190.0；项目成本为：244874.0999999999
染色体结构为:
[66, 185, 91, 148, 119, 150, 131, 158, 111, 45, 105, 54, 50, 173, 49, 135, 9, 121, 186, 79, 156, 108, 47, 44, 72, 109, 34, 23, 164, 62, 166, 125, 129, 159, 38, 15, 43, 56, 97, 144, 93, 182, 74, 88, 53, 70, 107, 130, 167, 133, 82, 27, 126, 61, 37, 2, 192, 7, 162, 25, 36, 39, 101, 16, 41, 20, 146, 189, 76, 154, 5, 170, 98, 81, 140, 69, 168, 120, 143, 128, 12, 104, 142, 67, 22, 6, 40, 139, 194, 24, 106, 152, 163, 92, 94, 73, 64, 193, 42, 71, 196, 78, 132, 32, 165, 96, 68, 77, 14, 184, 11, 46, 33, 83, 122, 183, 161, 10, 110, 155, 84, 75, 31, 172, 89, 35, 174, 3, 17, 169, 113, 21, 178, 177, 134, 1, 29, 4, 176, 171, 87, 147, 179, 197, 18, 114, 55, 65, 116, 86, 157, 200, 51, 188, 180, 28, 103, 118, 199, 80, 19, 58, 59, 181, 198, 160, 13, 115, 60, 117, 138, 127, 8, 136, 124, 26, 85, 145, 149, 137, 57, 48, 195, 30, 102, 100, 52, 191, 90, 95, 190, 175, 151, 153, 123, 63, 141, 187, 112, 99]项目工期为：420.0；项目成本为：163293.0
染色体结构为:
[66, 185, 91, 148, 119, 45, 111, 158, 105, 173, 54, 135, 9, 49, 156, 50, 121, 108, 79, 186, 47, 44, 109, 164, 23, 72, 62, 34, 15, 125, 159, 166, 56, 43, 97, 129, 38, 93, 182, 74, 53, 144, 150, 70, 88, 107, 167, 130, 82, 133, 27, 61, 192, 2, 126, 7, 16, 25, 36, 37, 162, 39, 131, 101, 146, 41, 20, 189, 76, 154, 5, 98, 170, 81, 140, 69, 168, 120, 143, 128, 142, 104, 67, 12, 22, 6, 139, 40, 24, 106, 92, 194, 163, 152, 73, 94, 64, 196, 42, 132, 193, 71, 77, 78, 32, 68, 165, 33, 184, 96, 14, 46, 122, 11, 110, 183, 83, 161, 84, 155, 75, 10, 172, 31, 174, 3, 21, 89, 35, 17, 177, 1, 169, 113, 29, 178, 87, 134, 4, 65, 176, 171, 116, 86, 197, 147, 55, 157, 18, 179, 28, 13, 114, 138, 117, 60, 198, 59, 136, 200, 124, 188, 80, 127, 58, 19, 199, 149, 85, 26, 8, 57, 195, 30, 145, 115, 51, 118, 103, 180, 137, 160, 181, 52, 151, 48, 190, 112, 63, 95, 187, 102, 123, 100, 90, 153, 141, 99, 175, 191]项目工期为：357.0；项目成本为：168692.60000000006
染色体结构为:
[185, 66, 148, 91, 111, 158, 54, 45, 105, 49, 119, 62, 50, 79, 186, 135, 69, 143, 67, 182, 104, 120, 6, 109, 121, 131, 9, 108, 156, 173, 72, 34, 44, 47, 23, 150, 159, 166, 164, 170, 125, 74, 177, 154, 16, 113, 178, 1, 110, 70, 129, 126, 53, 14, 24, 193, 7, 56, 15, 38, 43, 144, 97, 93, 167, 88, 130, 82, 107, 27, 37, 61, 133, 2, 192, 25, 162, 36, 39, 20, 101, 189, 41, 146, 76, 98, 81, 5, 140, 128, 168, 12, 40, 139, 22, 142, 194, 92, 106, 152, 94, 163, 64, 73, 42, 71, 132, 32, 78, 196, 68, 77, 165, 184, 96, 183, 11, 33, 46, 122, 161, 75, 83, 84, 155, 10, 172, 31, 89, 3, 174, 169, 35, 21, 17, 134, 176, 171, 29, 4, 87, 147, 197, 114, 179, 55, 18, 13, 157, 28, 138, 117, 200, 59, 60, 198, 136, 188, 65, 80, 124, 58, 19, 127, 85, 26, 199, 57, 116, 149, 8, 195, 115, 30, 137, 145, 86, 48, 51, 102, 52, 100, 103, 160, 118, 180, 181, 95, 90, 175, 191, 190, 153, 141, 151, 63, 112, 187, 99, 123]项目工期为：227.0；项目成本为：212985.1
染色体结构为:
[119, 148, 185, 91, 66, 111, 158, 45, 105, 173, 49, 54, 50, 121, 9, 135, 108, 79, 156, 186, 109, 72, 44, 164, 47, 23, 62, 34, 166, 159, 125, 38, 15, 129, 43, 97, 144, 56, 93, 182, 70, 74, 53, 150, 107, 167, 130, 88, 82, 2, 27, 133, 192, 61, 37, 126, 25, 7, 162, 39, 101, 20, 16, 146, 36, 41, 76, 154, 98, 189, 170, 81, 69, 5, 140, 120, 168, 131, 143, 142, 12, 104, 128, 67, 6, 22, 40, 194, 106, 139, 92, 24, 152, 94, 64, 163, 73, 132, 193, 71, 42, 78, 196, 32, 77, 68, 184, 165, 33, 96, 183, 46, 11, 14, 122, 161, 83, 110, 10, 75, 84, 89, 155, 31, 172, 3, 169, 21, 174, 35, 17, 177, 113, 134, 178, 1, 87, 176, 29, 171, 4, 197, 179, 18, 147, 114, 200, 51, 188, 55, 28, 103, 180, 19, 118, 80, 58, 199, 198, 59, 181, 160, 157, 65, 86, 116, 115, 138, 13, 127, 60, 117, 124, 8, 26, 136, 85, 149, 145, 57, 137, 30, 48, 195, 102, 52, 95, 191, 190, 175, 151, 100, 90, 63, 123, 153, 141, 187, 99, 112]项目工期为：254.0；项目成本为：192383.60000000003
染色体结构为:
[158, 66, 185, 119, 91, 148, 45, 111, 54, 49, 105, 50, 9, 135, 156, 173, 121, 79, 186, 108, 109, 44, 164, 47, 166, 72, 62, 159, 125, 23, 34, 56, 38, 15, 129, 144, 182, 43, 70, 97, 93, 74, 130, 53, 167, 150, 88, 107, 82, 61, 27, 133, 7, 2, 192, 37, 126, 25, 162, 16, 36, 101, 39, 20, 189, 146, 41, 81, 76, 154, 98, 140, 5, 170, 69, 143, 120, 128, 168, 104, 131, 142, 12, 67, 22, 6, 139, 40, 106, 24, 194, 92, 163, 94, 152, 73, 196, 64, 42, 193, 71, 132, 77, 68, 32, 78, 96, 165, 33, 14, 184, 183, 11, 161, 46, 122, 83, 110, 84, 75, 89, 10, 155, 172, 174, 3, 31, 169, 35, 21, 113, 17, 177, 178, 134, 1, 29, 176, 4, 87, 171, 147, 197, 18, 114, 179, 55, 65, 86, 200, 116, 157, 188, 28, 51, 103, 80, 180, 118, 19, 199, 58, 59, 198, 181, 160, 115, 60, 138, 13, 117, 127, 8, 124, 136, 85, 149, 145, 26, 57, 137, 30, 48, 52, 195, 100, 102, 191, 95, 175, 151, 90, 190, 63, 153, 123, 141, 187, 99, 112]项目工期为：290.0；项目成本为：180354.59999999995
染色体结构为:
[158, 66, 119, 185, 91, 148, 45, 111, 54, 105, 49, 50, 9, 135, 156, 173, 121, 79, 186, 108, 109, 44, 164, 47, 166, 72, 62, 159, 125, 34, 56, 23, 38, 129, 15, 144, 182, 43, 70, 97, 93, 74, 130, 53, 167, 150, 88, 107, 82, 27, 61, 133, 7, 2, 192, 37, 126, 25, 162, 16, 36, 101, 39, 189, 20, 146, 41, 76, 81, 154, 140, 98, 5, 170, 69, 143, 120, 128, 168, 104, 131, 142, 12, 67, 22, 6, 139, 40, 106, 24, 194, 92, 163, 152, 94, 73, 196, 64, 42, 193, 71, 132, 77, 68, 32, 78, 96, 165, 33, 184, 14, 183, 11, 161, 46, 122, 83, 110, 84, 75, 89, 10, 155, 172, 174, 3, 31, 169, 35, 113, 21, 17, 177, 178, 134, 1, 29, 176, 4, 87, 171, 147, 197, 18, 114, 179, 55, 65, 86, 200, 157, 116, 188, 28, 51, 80, 103, 180, 118, 19, 199, 58, 59, 198, 181, 160, 60, 115, 138, 13, 117, 127, 8, 124, 85, 136, 145, 149, 26, 57, 137, 30, 48, 52, 195, 100, 102, 191, 95, 175, 151, 190, 90, 63, 153, 123, 141, 99, 187, 112]项目工期为：280.0；项目成本为：185126.89999999997
染色体结构为:
[66, 185, 119, 148, 91, 45, 158, 111, 105, 54, 135, 173, 49, 156, 50, 9, 108, 79, 121, 44, 186, 47, 72, 109, 23, 164, 34, 62, 15, 159, 166, 125, 129, 43, 56, 97, 38, 182, 93, 144, 53, 74, 70, 150, 88, 130, 107, 82, 27, 167, 2, 192, 133, 61, 126, 7, 37, 25, 16, 36, 39, 162, 101, 146, 41, 20, 154, 76, 189, 81, 5, 98, 140, 170, 168, 69, 120, 143, 131, 128, 104, 12, 67, 142, 139, 6, 22, 40, 194, 92, 106, 152, 24, 163, 94, 73, 42, 193, 64, 196, 71, 78, 132, 32, 68, 96, 77, 165, 33, 184, 14, 11, 46, 183, 122, 161, 110, 83, 84, 75, 10, 155, 172, 31, 89, 174, 3, 169, 17, 21, 35, 113, 177, 134, 178, 176, 1, 87, 4, 171, 29, 197, 179, 18, 147, 114, 200, 55, 51, 188, 103, 28, 180, 118, 80, 199, 19, 58, 198, 181, 59, 115, 160, 13, 157, 60, 117, 138, 8, 65, 136, 124, 127, 85, 26, 116, 57, 149, 145, 30, 195, 86, 137, 102, 48, 52, 100, 191, 95, 90, 190, 63, 175, 123, 151, 153, 187, 141, 99, 112]项目工期为：262.0；项目成本为：190830.9999999999
染色体结构为:
[66, 185, 91, 148, 119, 131, 150, 158, 111, 45, 105, 50, 54, 173, 49, 135, 121, 9, 186, 79, 156, 108, 47, 44, 109, 72, 34, 23, 164, 62, 166, 125, 129, 159, 38, 15, 43, 97, 56, 144, 93, 182, 74, 88, 53, 70, 107, 130, 167, 133, 82, 27, 126, 61, 37, 2, 192, 7, 162, 25, 36, 101, 39, 16, 41, 20, 146, 189, 76, 154, 5, 170, 98, 81, 140, 69, 168, 120, 143, 128, 12, 104, 142, 67, 22, 6, 40, 139, 194, 24, 106, 152, 163, 92, 94, 64, 73, 193, 42, 71, 196, 78, 132, 165, 32, 96, 68, 77, 14, 184, 11, 46, 33, 83, 122, 161, 183, 10, 110, 155, 84, 75, 31, 172, 89, 35, 174, 3, 169, 17, 113, 21, 178, 177, 134, 1, 29, 4, 176, 171, 87, 147, 179, 197, 18, 55, 114, 65, 116, 86, 157, 200, 51, 180, 188, 28, 103, 118, 199, 19, 80, 58, 59, 181, 198, 160, 13, 60, 115, 117, 138, 127, 8, 124, 136, 26, 145, 85, 149, 137, 57, 48, 195, 30, 102, 100, 52, 191, 95, 90, 190, 175, 151, 153, 123, 63, 141, 187, 112, 99]项目工期为：382.0；项目成本为：167048.79999999996
MID=0.9595534679016506
DM=112289.59410154607
SNS=0.19445878251275836
SM=0.7565571571874371
8.545346303718083E-6
58
共计用时：13秒
