染色体结构为:
[1, 166, 38, 140, 66, 25, 73, 69, 152, 155, 179, 197, 195, 117, 198, 78, 149, 54, 129, 200, 160, 61, 65, 53, 40, 75, 5, 122, 102, 21, 14, 57, 103, 171, 106, 170, 59, 55, 97, 176, 45, 34, 11, 43, 62, 24, 18, 110, 138, 119, 26, 32, 64, 42, 10, 131, 41, 35, 173, 13, 158, 15, 153, 105, 72, 51, 47, 114, 60, 104, 125, 8, 2, 130, 107, 33, 100, 146, 89, 36, 143, 87, 76, 6, 3, 37, 20, 193, 12, 145, 19, 74, 92, 148, 115, 70, 199, 71, 27, 86, 96, 28, 95, 50, 121, 111, 150, 17, 108, 7, 134, 191, 113, 77, 157, 16, 151, 139, 58, 23, 4, 48, 168, 68, 91, 44, 124, 56, 132, 123, 79, 39, 81, 99, 141, 188, 49, 163, 90, 174, 94, 136, 80, 156, 9, 63, 177, 52, 46, 159, 84, 127, 30, 88, 186, 98, 194, 29, 178, 189, 169, 85, 31, 172, 109, 118, 196, 133, 181, 83, 67, 184, 167, 147, 144, 175, 137, 165, 135, 182, 164, 101, 120, 128, 22, 112, 162, 180, 126, 93, 154, 161, 82, 192, 142, 185, 190, 116, 187, 183]项目工期为：347.0；项目成本为：258940.70000000004
染色体结构为:
[26, 1, 119, 64, 42, 138, 61, 131, 10, 41, 32, 117, 195, 35, 197, 198, 149, 78, 129, 54, 69, 200, 65, 73, 160, 75, 122, 53, 21, 40, 166, 5, 57, 102, 14, 171, 170, 103, 106, 59, 38, 25, 140, 66, 15, 152, 8, 179, 155, 125, 114, 107, 55, 2, 130, 33, 146, 45, 100, 87, 24, 89, 6, 36, 76, 143, 173, 3, 20, 11, 72, 37, 193, 145, 12, 19, 92, 148, 97, 74, 176, 34, 18, 43, 110, 13, 62, 153, 104, 158, 105, 47, 51, 17, 60, 39, 58, 71, 50, 91, 77, 79, 151, 16, 139, 48, 199, 23, 4, 68, 121, 86, 115, 7, 95, 111, 70, 150, 28, 113, 96, 108, 157, 191, 134, 168, 44, 132, 56, 81, 124, 123, 49, 27, 163, 141, 99, 90, 136, 174, 63, 188, 94, 156, 9, 80, 177, 127, 52, 46, 84, 159, 30, 88, 186, 194, 98, 29, 169, 31, 172, 178, 189, 85, 109, 196, 118, 133, 83, 167, 181, 67, 137, 184, 144, 175, 147, 165, 22, 135, 101, 182, 120, 128, 164, 161, 82, 180, 116, 93, 112, 142, 126, 162, 187, 183, 154, 192, 185, 190]项目工期为：366.0；项目成本为：250755.8000000001
染色体结构为:
[1, 119, 26, 42, 64, 138, 61, 131, 10, 41, 117, 35, 32, 195, 197, 198, 149, 78, 54, 129, 69, 200, 65, 73, 160, 75, 122, 53, 21, 40, 166, 5, 57, 102, 14, 171, 170, 103, 106, 59, 38, 140, 25, 66, 152, 15, 179, 155, 8, 125, 114, 107, 55, 2, 130, 33, 100, 146, 45, 87, 24, 89, 6, 36, 76, 143, 173, 3, 20, 11, 72, 37, 193, 145, 92, 12, 19, 148, 74, 97, 34, 176, 18, 43, 110, 13, 62, 153, 158, 105, 104, 51, 47, 17, 60, 71, 39, 58, 91, 50, 79, 77, 151, 16, 199, 139, 48, 23, 4, 121, 68, 86, 115, 7, 95, 111, 70, 150, 28, 113, 96, 157, 108, 191, 134, 168, 44, 132, 56, 123, 81, 124, 49, 27, 163, 141, 99, 90, 136, 174, 63, 188, 94, 156, 9, 80, 177, 127, 52, 46, 84, 159, 30, 186, 88, 194, 98, 29, 169, 31, 172, 178, 189, 85, 109, 196, 118, 133, 83, 167, 181, 67, 137, 184, 144, 175, 147, 165, 22, 135, 101, 182, 120, 128, 82, 164, 161, 93, 180, 116, 112, 142, 126, 162, 187, 183, 154, 192, 185, 190]项目工期为：362.0；项目成本为：252357.10000000003
染色体结构为:
[38, 1, 166, 140, 73, 25, 69, 152, 66, 15, 179, 155, 54, 8, 125, 102, 2, 114, 55, 107, 33, 14, 130, 24, 45, 100, 146, 53, 65, 10, 89, 6, 36, 41, 87, 119, 76, 143, 20, 173, 3, 195, 72, 37, 11, 193, 42, 145, 12, 19, 5, 149, 92, 26, 74, 138, 32, 64, 61, 117, 35, 198, 131, 176, 197, 16, 13, 151, 77, 58, 160, 199, 121, 97, 106, 23, 139, 48, 60, 18, 4, 40, 68, 75, 7, 129, 148, 115, 78, 57, 96, 28, 86, 50, 95, 70, 105, 111, 17, 150, 108, 21, 200, 103, 122, 171, 34, 170, 62, 43, 59, 110, 153, 158, 104, 47, 51, 71, 39, 91, 79, 113, 157, 134, 44, 168, 132, 98, 191, 124, 123, 29, 56, 99, 81, 189, 49, 27, 141, 136, 163, 188, 90, 80, 174, 63, 94, 177, 52, 156, 9, 84, 46, 159, 67, 172, 178, 30, 85, 137, 162, 127, 93, 101, 22, 165, 83, 116, 196, 144, 161, 88, 186, 194, 31, 109, 133, 169, 181, 118, 167, 147, 184, 182, 175, 135, 128, 164, 120, 82, 112, 180, 126, 154, 192, 190, 187, 185, 142, 183]项目工期为：341.0；项目成本为：260871.90000000008
染色体结构为:
[26, 1, 119, 64, 10, 42, 138, 61, 131, 117, 41, 35, 32, 195, 197, 198, 149, 78, 129, 54, 69, 200, 65, 73, 160, 75, 122, 21, 40, 53, 166, 102, 57, 5, 171, 14, 170, 106, 103, 59, 38, 25, 140, 66, 152, 179, 15, 155, 125, 8, 114, 107, 2, 130, 55, 33, 146, 45, 100, 87, 24, 89, 6, 36, 76, 173, 3, 143, 20, 11, 193, 72, 145, 37, 92, 19, 12, 148, 97, 74, 34, 176, 18, 43, 110, 62, 13, 153, 158, 51, 104, 105, 47, 17, 39, 60, 58, 71, 91, 50, 79, 77, 151, 16, 199, 139, 48, 23, 121, 4, 68, 115, 86, 95, 7, 111, 70, 28, 150, 113, 96, 157, 108, 134, 191, 168, 44, 132, 56, 123, 124, 81, 49, 27, 141, 163, 99, 90, 174, 136, 94, 188, 63, 9, 156, 177, 80, 127, 52, 84, 159, 46, 186, 30, 88, 194, 98, 29, 169, 31, 178, 172, 85, 189, 196, 109, 118, 133, 137, 147, 101, 22, 162, 93, 67, 83, 182, 165, 144, 112, 120, 161, 126, 180, 175, 116, 164, 128, 135, 181, 82, 184, 167, 187, 192, 154, 142, 185, 190, 183]项目工期为：353.0；项目成本为：255352.50000000003
染色体结构为:
[1, 119, 26, 138, 64, 61, 10, 42, 117, 131, 41, 195, 197, 32, 35, 149, 54, 198, 65, 69, 78, 129, 166, 73, 200, 38, 140, 5, 25, 75, 160, 53, 40, 21, 102, 122, 57, 14, 106, 103, 170, 171, 59, 45, 55, 97, 34, 24, 176, 43, 13, 62, 11, 173, 15, 110, 72, 153, 18, 158, 47, 104, 105, 17, 114, 51, 130, 39, 33, 60, 76, 145, 58, 71, 77, 8, 66, 152, 91, 179, 107, 155, 151, 2, 199, 16, 139, 74, 121, 23, 87, 146, 125, 100, 6, 89, 36, 193, 143, 19, 37, 92, 148, 12, 95, 50, 115, 86, 28, 27, 70, 96, 7, 81, 48, 52, 98, 44, 30, 109, 168, 20, 111, 3, 108, 141, 113, 163, 150, 157, 137, 79, 191, 134, 132, 49, 162, 85, 178, 56, 124, 22, 188, 127, 99, 4, 68, 123, 189, 147, 90, 174, 169, 136, 156, 63, 94, 159, 9, 177, 80, 186, 88, 46, 84, 31, 194, 182, 172, 29, 133, 144, 83, 118, 196, 181, 167, 67, 184, 175, 165, 93, 120, 135, 101, 116, 82, 161, 128, 164, 187, 142, 180, 112, 185, 126, 192, 183, 154, 190]项目工期为：395.0；项目成本为：238499.6000000001
染色体结构为:
[26, 1, 119, 42, 64, 61, 131, 138, 10, 117, 41, 32, 35, 195, 197, 198, 149, 54, 78, 69, 129, 65, 73, 200, 160, 75, 53, 122, 40, 21, 5, 166, 102, 57, 14, 171, 170, 106, 103, 59, 38, 140, 25, 66, 152, 15, 179, 155, 8, 125, 107, 114, 55, 2, 33, 130, 100, 45, 146, 87, 24, 89, 6, 36, 76, 173, 143, 3, 20, 11, 72, 193, 37, 12, 92, 145, 19, 148, 97, 34, 74, 176, 18, 43, 110, 13, 62, 158, 153, 104, 105, 47, 51, 17, 60, 71, 39, 58, 91, 50, 79, 77, 151, 16, 199, 139, 23, 48, 4, 121, 86, 115, 68, 95, 7, 111, 70, 28, 113, 150, 96, 157, 108, 191, 134, 168, 44, 132, 56, 123, 81, 124, 27, 49, 163, 141, 99, 90, 174, 136, 63, 188, 94, 156, 9, 80, 177, 127, 52, 46, 84, 159, 30, 186, 194, 88, 98, 29, 169, 31, 172, 189, 178, 85, 109, 196, 118, 133, 167, 83, 181, 67, 137, 184, 144, 175, 165, 147, 22, 135, 101, 182, 120, 128, 82, 164, 93, 161, 116, 180, 112, 142, 126, 162, 187, 183, 154, 192, 190, 185]项目工期为：344.0；项目成本为：259236.09999999998
染色体结构为:
[26, 119, 1, 64, 42, 10, 138, 61, 117, 131, 32, 41, 195, 35, 197, 149, 198, 54, 78, 65, 129, 69, 73, 166, 38, 200, 140, 25, 5, 160, 75, 53, 40, 21, 122, 102, 14, 106, 57, 103, 59, 170, 171, 97, 55, 45, 34, 24, 176, 43, 62, 11, 13, 173, 110, 15, 72, 18, 153, 104, 47, 158, 105, 51, 17, 114, 39, 130, 33, 60, 76, 145, 71, 58, 77, 66, 8, 152, 91, 179, 107, 155, 2, 151, 199, 16, 74, 139, 121, 23, 146, 87, 125, 89, 100, 36, 6, 193, 37, 143, 19, 12, 92, 148, 95, 50, 115, 28, 86, 96, 70, 27, 7, 48, 52, 81, 98, 30, 44, 168, 109, 111, 20, 141, 3, 113, 108, 150, 163, 134, 137, 157, 191, 132, 79, 49, 162, 85, 178, 124, 56, 127, 22, 188, 4, 99, 123, 68, 90, 189, 147, 174, 169, 136, 63, 156, 94, 177, 9, 80, 159, 46, 186, 88, 84, 194, 31, 144, 182, 172, 29, 83, 118, 133, 181, 196, 167, 67, 184, 135, 165, 175, 93, 101, 116, 120, 161, 128, 82, 142, 164, 187, 180, 112, 185, 126, 192, 183, 154, 190]项目工期为：398.0；项目成本为：237242.10000000018
染色体结构为:
[1, 119, 42, 26, 64, 138, 61, 131, 10, 41, 117, 35, 32, 195, 197, 198, 149, 54, 78, 129, 69, 200, 65, 160, 73, 75, 122, 53, 21, 40, 166, 57, 5, 102, 14, 171, 170, 103, 106, 59, 38, 140, 66, 25, 152, 15, 155, 179, 8, 125, 114, 107, 55, 2, 33, 130, 100, 45, 146, 87, 24, 89, 6, 76, 36, 143, 173, 3, 20, 11, 72, 37, 193, 145, 92, 12, 19, 148, 74, 97, 34, 176, 18, 43, 13, 110, 62, 153, 158, 105, 104, 47, 51, 17, 71, 39, 60, 58, 91, 50, 79, 151, 77, 16, 199, 139, 48, 23, 121, 4, 68, 86, 115, 7, 95, 111, 70, 150, 28, 113, 96, 108, 157, 134, 191, 44, 168, 132, 56, 123, 81, 124, 49, 27, 163, 141, 99, 90, 174, 136, 63, 188, 94, 156, 9, 80, 177, 127, 52, 46, 84, 159, 30, 186, 88, 194, 98, 29, 169, 31, 178, 172, 189, 85, 109, 196, 118, 133, 167, 83, 181, 67, 137, 184, 144, 147, 175, 165, 22, 135, 101, 182, 120, 82, 128, 164, 161, 180, 93, 116, 142, 126, 112, 187, 162, 154, 183, 185, 192, 190]项目工期为：360.0；项目成本为：252625.70000000004
染色体结构为:
[1, 26, 119, 64, 138, 42, 131, 61, 10, 32, 41, 117, 195, 35, 197, 149, 78, 198, 129, 200, 69, 54, 65, 160, 73, 75, 53, 122, 40, 21, 166, 5, 102, 57, 14, 171, 170, 103, 106, 59, 38, 25, 140, 15, 66, 152, 8, 179, 155, 125, 114, 55, 107, 2, 33, 130, 45, 146, 100, 87, 6, 24, 89, 76, 36, 143, 173, 20, 3, 72, 11, 37, 145, 193, 12, 92, 19, 148, 97, 74, 176, 34, 43, 18, 110, 62, 13, 153, 158, 104, 105, 47, 51, 17, 60, 39, 58, 71, 77, 91, 50, 151, 79, 16, 139, 48, 199, 4, 23, 68, 121, 115, 86, 95, 7, 70, 111, 150, 28, 113, 96, 108, 157, 134, 191, 168, 44, 132, 81, 56, 124, 123, 49, 163, 27, 99, 141, 90, 136, 174, 63, 188, 156, 94, 9, 80, 177, 46, 127, 84, 52, 159, 30, 88, 194, 186, 29, 169, 98, 172, 31, 178, 85, 189, 109, 133, 196, 118, 83, 167, 67, 181, 137, 184, 144, 175, 165, 147, 135, 22, 182, 101, 120, 128, 161, 180, 164, 116, 82, 93, 142, 112, 126, 162, 183, 154, 185, 187, 192, 190]项目工期为：363.0；项目成本为：251547.7000000001
染色体结构为:
[26, 1, 119, 64, 10, 42, 138, 61, 131, 117, 32, 41, 195, 197, 35, 149, 198, 54, 78, 65, 69, 129, 73, 200, 166, 38, 25, 140, 75, 5, 160, 53, 40, 21, 122, 102, 14, 57, 106, 103, 170, 59, 171, 45, 97, 55, 34, 176, 24, 62, 43, 11, 13, 110, 173, 15, 16, 18, 158, 105, 72, 51, 153, 47, 114, 60, 104, 152, 179, 155, 66, 8, 107, 2, 125, 130, 33, 146, 100, 89, 87, 6, 36, 20, 143, 193, 76, 3, 37, 71, 39, 91, 17, 58, 92, 23, 86, 81, 52, 27, 30, 7, 199, 115, 77, 145, 121, 151, 139, 74, 148, 50, 19, 95, 12, 70, 28, 98, 48, 96, 141, 44, 168, 109, 111, 150, 108, 113, 157, 191, 163, 79, 134, 137, 49, 132, 85, 162, 127, 56, 178, 124, 188, 123, 22, 99, 4, 68, 147, 90, 189, 136, 174, 169, 80, 63, 177, 94, 46, 156, 84, 9, 88, 159, 186, 172, 118, 194, 31, 29, 196, 167, 83, 181, 133, 184, 165, 67, 175, 144, 182, 164, 101, 135, 161, 120, 126, 128, 112, 93, 154, 180, 142, 116, 82, 187, 192, 185, 183, 190]项目工期为：444.0；项目成本为：223593.00000000026
染色体结构为:
[26, 1, 64, 119, 10, 42, 138, 131, 117, 61, 41, 32, 195, 197, 35, 149, 198, 78, 54, 69, 73, 129, 65, 200, 160, 53, 75, 122, 40, 21, 5, 14, 166, 57, 103, 171, 102, 170, 55, 59, 106, 45, 176, 97, 62, 18, 43, 34, 24, 11, 110, 173, 158, 38, 15, 105, 72, 13, 153, 104, 51, 130, 60, 47, 17, 33, 114, 39, 91, 140, 76, 25, 179, 152, 66, 155, 8, 125, 2, 107, 100, 87, 89, 146, 36, 6, 20, 143, 3, 58, 37, 193, 71, 23, 92, 16, 30, 27, 86, 7, 81, 52, 199, 115, 77, 74, 139, 145, 121, 151, 19, 148, 95, 12, 50, 28, 96, 70, 48, 98, 141, 111, 109, 113, 44, 150, 168, 108, 157, 163, 191, 79, 134, 132, 85, 137, 178, 127, 49, 124, 56, 162, 22, 4, 99, 68, 188, 189, 123, 90, 174, 147, 169, 136, 63, 156, 177, 80, 94, 46, 9, 159, 88, 84, 186, 194, 31, 172, 29, 182, 144, 83, 118, 181, 133, 196, 67, 167, 175, 135, 165, 93, 184, 101, 161, 120, 116, 164, 128, 180, 82, 142, 187, 185, 183, 112, 126, 154, 190, 192]项目工期为：485.0；项目成本为：214728.5000000001
染色体结构为:
[1, 119, 26, 138, 64, 61, 10, 42, 117, 131, 41, 195, 197, 32, 35, 149, 198, 54, 65, 69, 129, 166, 78, 73, 200, 140, 38, 5, 25, 75, 160, 40, 53, 21, 102, 122, 57, 14, 106, 103, 170, 171, 59, 45, 55, 97, 34, 24, 176, 43, 13, 62, 11, 173, 15, 110, 72, 153, 18, 158, 47, 104, 105, 17, 114, 51, 130, 33, 39, 60, 76, 145, 58, 71, 77, 66, 8, 152, 179, 91, 107, 155, 151, 2, 199, 16, 139, 74, 121, 87, 23, 146, 125, 100, 6, 36, 89, 193, 143, 19, 37, 92, 148, 12, 95, 50, 115, 86, 28, 27, 70, 96, 7, 81, 48, 98, 52, 30, 44, 109, 168, 20, 111, 3, 108, 141, 163, 113, 150, 157, 137, 79, 191, 132, 49, 134, 162, 85, 178, 56, 124, 22, 188, 127, 99, 4, 68, 189, 123, 90, 147, 174, 169, 136, 156, 94, 63, 159, 9, 177, 80, 186, 88, 46, 84, 31, 194, 182, 172, 29, 133, 144, 83, 118, 196, 167, 181, 67, 184, 175, 165, 120, 93, 135, 101, 116, 82, 161, 128, 164, 187, 142, 180, 112, 185, 126, 183, 192, 154, 190]项目工期为：397.0；项目成本为：237583.90000000008
染色体结构为:
[1, 26, 119, 138, 64, 42, 61, 10, 131, 117, 41, 35, 195, 32, 198, 197, 149, 54, 78, 65, 129, 69, 73, 166, 200, 38, 140, 5, 25, 75, 160, 53, 40, 21, 102, 57, 122, 14, 106, 103, 170, 171, 59, 45, 55, 97, 34, 24, 176, 43, 11, 13, 62, 173, 110, 15, 72, 153, 18, 158, 47, 104, 105, 17, 114, 51, 39, 130, 33, 60, 76, 145, 71, 58, 77, 8, 66, 152, 91, 179, 107, 155, 151, 2, 199, 16, 74, 139, 121, 23, 146, 87, 125, 100, 6, 89, 36, 193, 37, 143, 19, 92, 148, 12, 95, 50, 115, 86, 28, 27, 70, 96, 7, 48, 81, 52, 44, 98, 30, 168, 109, 111, 20, 3, 113, 108, 141, 163, 150, 157, 191, 137, 79, 134, 49, 132, 162, 85, 178, 124, 56, 22, 127, 188, 99, 4, 68, 123, 147, 189, 90, 174, 136, 169, 63, 156, 94, 177, 159, 9, 80, 46, 186, 88, 84, 31, 194, 182, 144, 172, 29, 133, 83, 118, 196, 181, 167, 67, 184, 165, 175, 135, 93, 116, 120, 101, 82, 161, 128, 164, 187, 180, 142, 185, 112, 126, 192, 183, 154, 190]项目工期为：425.0；项目成本为：227635.10000000018
染色体结构为:
[1, 119, 26, 138, 64, 61, 42, 117, 10, 131, 41, 195, 197, 32, 35, 149, 198, 54, 65, 129, 166, 69, 78, 73, 200, 140, 5, 25, 38, 75, 160, 40, 53, 21, 102, 122, 57, 14, 106, 103, 170, 171, 59, 45, 55, 34, 24, 97, 176, 43, 13, 62, 11, 173, 15, 72, 110, 153, 18, 158, 47, 104, 105, 114, 17, 51, 130, 33, 39, 76, 60, 145, 58, 71, 77, 66, 8, 152, 179, 91, 107, 155, 151, 2, 199, 16, 139, 121, 74, 87, 23, 146, 100, 125, 36, 6, 193, 89, 143, 19, 37, 92, 12, 148, 50, 115, 95, 86, 28, 27, 70, 96, 7, 81, 48, 98, 52, 30, 44, 109, 168, 20, 111, 3, 108, 141, 113, 163, 150, 157, 137, 79, 191, 132, 49, 134, 162, 178, 85, 56, 124, 22, 188, 127, 99, 68, 4, 189, 123, 90, 147, 174, 169, 136, 156, 94, 63, 159, 177, 9, 80, 186, 88, 84, 46, 31, 194, 182, 172, 29, 133, 144, 83, 118, 196, 167, 181, 67, 184, 175, 165, 120, 93, 135, 101, 116, 82, 161, 128, 164, 187, 142, 180, 112, 185, 126, 183, 192, 154, 190]项目工期为：372.0；项目成本为：248835.80000000005
染色体结构为:
[26, 1, 138, 64, 38, 119, 140, 166, 73, 25, 69, 61, 197, 10, 42, 117, 32, 41, 35, 198, 195, 131, 78, 149, 200, 54, 129, 65, 5, 75, 40, 53, 160, 21, 102, 57, 14, 122, 103, 106, 55, 45, 170, 171, 97, 59, 34, 24, 176, 62, 43, 11, 18, 13, 173, 15, 110, 153, 158, 72, 105, 104, 51, 60, 47, 152, 114, 66, 125, 179, 8, 155, 100, 2, 130, 107, 33, 36, 89, 39, 17, 91, 146, 76, 87, 143, 6, 20, 3, 37, 193, 71, 58, 23, 92, 16, 30, 86, 27, 81, 7, 199, 52, 115, 77, 74, 145, 151, 121, 139, 148, 19, 95, 50, 12, 48, 28, 70, 98, 96, 109, 141, 44, 111, 113, 168, 150, 157, 108, 163, 191, 79, 132, 134, 137, 85, 49, 178, 127, 124, 162, 22, 56, 4, 188, 99, 189, 123, 68, 147, 90, 174, 169, 63, 136, 156, 94, 80, 177, 9, 84, 46, 159, 88, 186, 182, 194, 144, 31, 172, 29, 83, 181, 118, 133, 196, 67, 167, 135, 165, 184, 175, 93, 101, 116, 161, 120, 164, 128, 180, 142, 82, 185, 187, 112, 126, 192, 183, 154, 190]项目工期为：411.0；项目成本为：230808.20000000007
染色体结构为:
[1, 119, 26, 138, 64, 42, 10, 61, 117, 131, 41, 35, 195, 32, 198, 197, 149, 54, 78, 65, 129, 69, 73, 166, 200, 38, 140, 5, 75, 25, 160, 53, 40, 21, 102, 57, 122, 14, 106, 103, 170, 171, 59, 45, 55, 97, 34, 24, 43, 11, 176, 13, 62, 173, 110, 15, 72, 153, 18, 158, 47, 104, 105, 17, 114, 51, 39, 130, 33, 60, 76, 71, 145, 58, 77, 8, 66, 152, 91, 179, 107, 155, 151, 2, 199, 16, 74, 139, 121, 23, 146, 87, 125, 100, 6, 89, 36, 193, 37, 143, 19, 92, 148, 12, 95, 50, 115, 86, 28, 27, 70, 96, 7, 48, 81, 44, 52, 98, 168, 109, 30, 111, 20, 3, 113, 108, 141, 163, 150, 157, 137, 191, 79, 134, 49, 132, 162, 85, 178, 124, 56, 22, 127, 188, 4, 99, 68, 123, 147, 90, 189, 174, 136, 63, 169, 156, 94, 177, 159, 9, 80, 46, 186, 88, 84, 194, 31, 182, 144, 172, 29, 133, 83, 118, 196, 181, 67, 184, 167, 175, 165, 164, 135, 101, 120, 112, 128, 180, 126, 93, 154, 161, 192, 82, 142, 190, 185, 116, 183, 187]项目工期为：422.0；项目成本为：230611.30000000013
染色体结构为:
[1, 119, 42, 26, 64, 138, 10, 131, 61, 41, 117, 32, 35, 195, 197, 198, 78, 149, 54, 129, 69, 200, 75, 73, 160, 65, 53, 122, 40, 5, 21, 14, 166, 57, 102, 170, 106, 103, 171, 55, 45, 97, 59, 62, 176, 18, 43, 11, 34, 173, 110, 24, 15, 158, 13, 105, 38, 72, 153, 130, 104, 114, 51, 39, 60, 17, 47, 91, 76, 33, 140, 25, 179, 152, 66, 155, 2, 8, 125, 107, 146, 100, 87, 89, 36, 6, 143, 20, 193, 3, 37, 58, 23, 92, 71, 30, 16, 86, 27, 81, 7, 199, 52, 115, 145, 77, 74, 151, 139, 121, 19, 12, 148, 95, 48, 50, 96, 28, 70, 141, 98, 109, 44, 113, 111, 168, 150, 157, 108, 191, 163, 134, 132, 79, 137, 49, 85, 124, 127, 178, 56, 162, 188, 22, 4, 68, 123, 189, 99, 90, 147, 169, 174, 63, 136, 94, 156, 80, 46, 177, 9, 84, 159, 88, 182, 186, 31, 194, 144, 29, 172, 83, 118, 181, 133, 196, 67, 135, 165, 167, 184, 175, 93, 101, 161, 116, 120, 164, 128, 180, 82, 142, 185, 187, 126, 112, 183, 192, 154, 190]项目工期为：446.0；项目成本为：223078.50000000012
染色体结构为:
[1, 26, 119, 138, 42, 64, 61, 10, 131, 117, 32, 41, 195, 197, 35, 149, 54, 198, 129, 78, 69, 65, 73, 200, 160, 75, 122, 40, 5, 53, 21, 14, 166, 171, 102, 57, 103, 55, 170, 59, 97, 45, 106, 176, 18, 62, 43, 24, 11, 34, 110, 158, 15, 173, 38, 72, 105, 13, 153, 104, 130, 51, 114, 60, 17, 39, 91, 47, 33, 76, 140, 25, 152, 66, 179, 2, 155, 125, 8, 107, 146, 100, 89, 87, 36, 143, 6, 20, 37, 3, 193, 58, 23, 30, 71, 16, 27, 86, 92, 7, 81, 199, 52, 115, 145, 74, 77, 151, 121, 139, 19, 148, 95, 50, 12, 48, 96, 70, 98, 28, 141, 109, 44, 113, 150, 168, 111, 157, 191, 108, 163, 134, 79, 137, 132, 49, 85, 127, 178, 56, 124, 162, 22, 188, 4, 99, 68, 123, 90, 189, 169, 147, 174, 63, 156, 136, 80, 177, 46, 94, 9, 159, 84, 88, 186, 182, 31, 194, 29, 144, 83, 172, 118, 181, 196, 67, 133, 135, 167, 165, 184, 175, 93, 116, 101, 161, 120, 164, 180, 128, 142, 82, 187, 185, 112, 126, 183, 192, 154, 190]项目工期为：536.0；项目成本为：206900.5000000001
染色体结构为:
[26, 1, 64, 119, 138, 38, 73, 166, 25, 140, 69, 42, 61, 117, 10, 197, 32, 35, 41, 198, 195, 131, 78, 54, 149, 129, 200, 65, 5, 40, 53, 160, 21, 102, 75, 122, 57, 14, 106, 103, 170, 55, 45, 171, 176, 97, 59, 34, 62, 11, 24, 173, 43, 18, 13, 110, 15, 158, 72, 104, 47, 153, 105, 51, 17, 130, 60, 114, 91, 39, 33, 76, 71, 58, 23, 16, 100, 92, 6, 86, 81, 2, 30, 27, 199, 52, 115, 7, 145, 152, 77, 66, 155, 179, 8, 146, 125, 107, 89, 87, 36, 3, 143, 20, 37, 151, 74, 193, 121, 148, 139, 50, 19, 12, 95, 48, 28, 96, 44, 70, 98, 109, 111, 113, 141, 168, 150, 108, 191, 163, 157, 132, 137, 79, 85, 134, 162, 178, 127, 49, 124, 56, 22, 4, 188, 99, 68, 189, 123, 147, 90, 169, 174, 63, 136, 156, 94, 80, 177, 9, 84, 46, 159, 88, 186, 182, 194, 31, 144, 172, 29, 83, 118, 181, 196, 133, 67, 135, 167, 165, 184, 93, 175, 101, 116, 161, 120, 128, 164, 82, 180, 142, 187, 112, 126, 192, 185, 183, 154, 190]项目工期为：400.0；项目成本为：235057.20000000016
染色体结构为:
[119, 1, 26, 138, 64, 61, 42, 10, 131, 117, 195, 41, 197, 32, 35, 149, 54, 78, 198, 65, 129, 69, 73, 166, 200, 140, 38, 25, 5, 75, 160, 53, 40, 21, 102, 122, 57, 14, 170, 103, 171, 106, 59, 45, 97, 55, 34, 24, 176, 43, 62, 13, 11, 173, 110, 72, 15, 18, 153, 158, 47, 105, 104, 17, 114, 51, 130, 39, 33, 76, 145, 60, 71, 77, 58, 8, 66, 152, 91, 179, 107, 155, 151, 2, 16, 199, 74, 139, 121, 23, 146, 87, 125, 100, 6, 89, 36, 37, 193, 143, 19, 92, 148, 12, 95, 50, 115, 86, 28, 27, 70, 7, 96, 48, 81, 52, 98, 44, 168, 109, 30, 20, 111, 113, 3, 108, 141, 163, 150, 157, 137, 191, 79, 134, 132, 49, 162, 85, 178, 124, 127, 22, 56, 188, 99, 4, 68, 123, 147, 189, 90, 174, 169, 136, 63, 94, 156, 159, 177, 9, 80, 186, 46, 88, 84, 194, 182, 31, 29, 172, 133, 144, 83, 118, 196, 167, 181, 67, 184, 175, 165, 93, 120, 135, 116, 101, 82, 161, 128, 187, 164, 142, 180, 112, 185, 126, 192, 183, 154, 190]项目工期为：408.0；项目成本为：233313.70000000004
染色体结构为:
[26, 119, 1, 64, 42, 138, 10, 61, 131, 32, 117, 41, 195, 149, 35, 197, 198, 54, 69, 78, 129, 65, 200, 73, 38, 140, 166, 5, 25, 160, 75, 53, 21, 40, 122, 102, 14, 170, 57, 103, 106, 55, 59, 171, 45, 176, 97, 62, 18, 43, 11, 34, 173, 110, 24, 158, 15, 105, 72, 13, 153, 51, 130, 104, 114, 60, 39, 17, 91, 33, 47, 76, 152, 179, 66, 2, 155, 8, 125, 107, 100, 146, 87, 89, 6, 36, 143, 20, 37, 193, 3, 58, 23, 71, 92, 30, 27, 16, 86, 81, 7, 52, 199, 145, 115, 77, 74, 151, 139, 121, 19, 95, 148, 50, 12, 48, 96, 70, 28, 98, 141, 44, 109, 111, 113, 150, 168, 108, 157, 191, 163, 134, 79, 132, 137, 49, 127, 85, 178, 124, 56, 162, 22, 188, 99, 4, 68, 189, 123, 90, 147, 174, 169, 63, 136, 156, 80, 177, 94, 9, 46, 84, 159, 88, 186, 31, 182, 194, 144, 29, 172, 83, 118, 181, 133, 67, 196, 167, 135, 175, 165, 184, 93, 161, 101, 116, 164, 120, 128, 180, 82, 142, 187, 185, 112, 126, 183, 192, 154, 190]项目工期为：625.0；项目成本为：201138.1000000001
染色体结构为:
[1, 64, 26, 119, 42, 138, 10, 131, 61, 32, 117, 195, 41, 197, 149, 198, 35, 54, 78, 69, 129, 73, 65, 160, 53, 200, 75, 40, 122, 21, 5, 14, 166, 57, 102, 171, 103, 59, 170, 97, 106, 55, 176, 16, 34, 62, 43, 45, 11, 173, 24, 18, 110, 15, 13, 158, 72, 105, 38, 51, 153, 47, 114, 60, 104, 152, 25, 140, 66, 179, 155, 107, 8, 2, 125, 33, 130, 100, 146, 89, 87, 6, 143, 20, 76, 36, 3, 37, 71, 193, 91, 39, 17, 58, 23, 86, 92, 81, 52, 27, 7, 30, 115, 199, 77, 145, 121, 151, 74, 148, 139, 19, 50, 95, 12, 28, 70, 48, 98, 141, 44, 96, 168, 109, 111, 150, 108, 191, 113, 157, 163, 79, 134, 137, 132, 49, 85, 162, 124, 127, 56, 188, 178, 22, 123, 99, 4, 68, 147, 90, 189, 136, 174, 169, 80, 177, 63, 84, 156, 94, 46, 88, 9, 159, 186, 194, 172, 31, 118, 196, 29, 167, 83, 181, 133, 184, 67, 165, 144, 175, 182, 164, 120, 101, 161, 135, 128, 126, 93, 112, 154, 116, 180, 82, 142, 187, 192, 185, 183, 190]项目工期为：439.0；项目成本为：225170.8000000002
染色体结构为:
[26, 1, 119, 42, 138, 64, 10, 61, 131, 117, 41, 32, 197, 195, 35, 54, 149, 129, 198, 78, 69, 65, 73, 200, 160, 75, 40, 122, 53, 14, 21, 5, 57, 166, 171, 102, 103, 170, 55, 106, 59, 45, 97, 176, 18, 62, 43, 24, 34, 11, 158, 110, 173, 38, 15, 105, 13, 72, 130, 153, 51, 104, 114, 60, 39, 47, 17, 33, 91, 140, 76, 25, 152, 179, 66, 155, 2, 8, 125, 146, 100, 87, 107, 89, 36, 6, 143, 20, 3, 193, 37, 58, 23, 92, 71, 30, 16, 86, 27, 81, 7, 199, 52, 145, 115, 77, 74, 151, 139, 121, 19, 95, 12, 148, 50, 48, 96, 28, 70, 141, 98, 109, 44, 113, 111, 150, 168, 157, 108, 191, 163, 134, 79, 132, 137, 49, 85, 127, 124, 178, 162, 56, 22, 188, 99, 4, 68, 123, 90, 147, 189, 169, 174, 63, 136, 156, 80, 94, 177, 46, 9, 159, 84, 88, 182, 186, 31, 194, 29, 172, 144, 83, 118, 196, 133, 181, 67, 135, 167, 165, 184, 175, 93, 101, 161, 120, 116, 164, 128, 180, 82, 185, 142, 187, 112, 126, 183, 192, 154, 190]项目工期为：447.0；项目成本为：222765.40000000014
染色体结构为:
[26, 1, 64, 138, 119, 38, 73, 166, 140, 25, 69, 61, 42, 117, 10, 32, 197, 41, 35, 198, 195, 131, 78, 54, 149, 129, 200, 65, 5, 40, 75, 53, 160, 21, 102, 122, 57, 14, 106, 103, 170, 55, 45, 171, 97, 59, 176, 34, 62, 24, 11, 173, 43, 18, 13, 110, 15, 158, 72, 104, 47, 153, 105, 51, 17, 130, 60, 114, 91, 39, 33, 71, 58, 76, 23, 16, 100, 92, 6, 86, 81, 2, 30, 27, 199, 52, 7, 115, 145, 152, 77, 66, 155, 179, 8, 146, 125, 107, 89, 87, 36, 3, 143, 20, 37, 74, 151, 121, 193, 139, 148, 50, 19, 12, 95, 48, 96, 28, 44, 70, 98, 109, 141, 111, 113, 168, 150, 108, 191, 163, 157, 132, 137, 134, 79, 85, 162, 49, 178, 127, 56, 124, 22, 188, 4, 99, 123, 189, 68, 63, 147, 90, 136, 174, 94, 156, 9, 80, 46, 177, 84, 159, 88, 194, 186, 29, 172, 31, 169, 118, 196, 133, 167, 83, 67, 181, 144, 184, 175, 135, 165, 101, 182, 120, 128, 164, 93, 82, 142, 180, 161, 116, 187, 185, 112, 126, 183, 154, 190, 192]项目工期为：406.0；项目成本为：234177.4000000001
染色体结构为:
[1, 119, 138, 64, 26, 10, 61, 41, 117, 42, 131, 197, 32, 35, 195, 149, 198, 54, 129, 78, 69, 65, 200, 160, 75, 73, 122, 53, 21, 40, 166, 5, 57, 102, 14, 171, 170, 106, 103, 59, 140, 38, 66, 25, 15, 152, 179, 8, 155, 125, 114, 55, 107, 2, 130, 33, 100, 146, 87, 45, 24, 89, 6, 76, 36, 143, 173, 3, 20, 11, 72, 145, 12, 37, 193, 19, 92, 148, 74, 97, 176, 34, 18, 43, 110, 13, 62, 153, 158, 104, 47, 105, 51, 17, 60, 71, 39, 50, 58, 91, 77, 79, 151, 16, 199, 139, 23, 48, 4, 121, 68, 86, 115, 7, 95, 111, 70, 150, 28, 113, 96, 108, 157, 191, 134, 168, 44, 132, 56, 81, 123, 124, 49, 27, 163, 99, 141, 136, 90, 63, 174, 188, 94, 156, 9, 80, 177, 127, 52, 46, 84, 159, 186, 30, 88, 194, 98, 29, 169, 31, 172, 189, 178, 85, 109, 196, 118, 133, 83, 167, 181, 67, 137, 144, 184, 147, 175, 165, 22, 135, 101, 182, 128, 120, 164, 82, 116, 93, 161, 142, 180, 162, 187, 126, 112, 154, 185, 192, 190, 183]项目工期为：381.0；项目成本为：243870.80000000008
染色体结构为:
[26, 119, 1, 42, 138, 64, 61, 131, 10, 41, 117, 35, 195, 32, 197, 149, 198, 78, 129, 54, 69, 200, 65, 160, 73, 75, 53, 122, 21, 40, 166, 5, 102, 57, 14, 170, 171, 106, 59, 140, 103, 38, 25, 66, 152, 15, 179, 155, 8, 125, 107, 114, 55, 2, 33, 130, 100, 146, 45, 87, 24, 89, 6, 76, 36, 173, 3, 143, 20, 72, 37, 11, 193, 145, 92, 12, 19, 148, 97, 74, 34, 176, 18, 43, 110, 13, 62, 153, 158, 104, 105, 47, 51, 60, 17, 58, 71, 39, 91, 50, 79, 77, 151, 16, 199, 139, 48, 23, 4, 121, 68, 86, 115, 7, 111, 95, 28, 70, 150, 113, 96, 108, 157, 191, 134, 168, 44, 132, 56, 123, 81, 124, 49, 27, 141, 99, 163, 90, 136, 174, 63, 188, 94, 9, 156, 80, 177, 52, 46, 84, 127, 159, 30, 186, 88, 194, 98, 169, 29, 31, 172, 189, 178, 109, 85, 196, 118, 133, 167, 83, 181, 137, 184, 67, 144, 175, 147, 165, 135, 22, 101, 182, 120, 128, 82, 164, 93, 116, 161, 180, 112, 142, 126, 162, 183, 187, 192, 154, 185, 190]项目工期为：336.0；项目成本为：261263.49999999997
染色体结构为:
[26, 1, 64, 10, 119, 61, 42, 138, 131, 32, 117, 195, 197, 41, 149, 35, 78, 54, 198, 129, 69, 65, 73, 200, 75, 160, 122, 40, 53, 5, 166, 14, 21, 171, 57, 102, 170, 103, 106, 55, 97, 59, 18, 45, 62, 43, 24, 176, 11, 110, 34, 158, 173, 38, 15, 72, 13, 105, 104, 153, 130, 17, 60, 47, 114, 51, 33, 140, 39, 76, 91, 152, 25, 155, 66, 179, 2, 8, 107, 125, 100, 146, 89, 36, 143, 87, 20, 6, 3, 37, 193, 71, 58, 92, 23, 16, 30, 86, 81, 27, 7, 199, 145, 115, 52, 77, 74, 151, 139, 121, 19, 95, 148, 48, 50, 12, 28, 70, 96, 141, 98, 44, 109, 113, 111, 150, 168, 157, 108, 191, 163, 134, 79, 132, 137, 49, 85, 124, 127, 178, 162, 56, 188, 22, 99, 4, 68, 90, 123, 147, 169, 174, 189, 136, 63, 156, 80, 94, 177, 46, 9, 84, 159, 186, 88, 182, 194, 31, 29, 144, 172, 118, 83, 181, 196, 133, 67, 135, 165, 184, 167, 93, 175, 101, 120, 116, 161, 164, 128, 112, 126, 82, 180, 142, 192, 154, 187, 183, 190, 185]项目工期为：469.0；项目成本为：216923.5000000001
染色体结构为:
[1, 119, 26, 138, 64, 10, 42, 61, 117, 41, 32, 131, 35, 195, 149, 54, 197, 129, 198, 69, 78, 73, 75, 65, 160, 200, 122, 40, 53, 5, 14, 166, 21, 102, 171, 57, 103, 170, 106, 55, 59, 45, 97, 62, 176, 18, 43, 11, 34, 110, 15, 173, 24, 158, 72, 13, 38, 153, 130, 105, 104, 51, 114, 39, 60, 17, 76, 47, 91, 33, 25, 140, 152, 66, 2, 179, 8, 155, 125, 100, 146, 107, 87, 89, 36, 6, 143, 37, 20, 71, 193, 3, 23, 30, 58, 92, 27, 86, 81, 16, 7, 52, 77, 199, 145, 151, 115, 139, 74, 121, 19, 148, 95, 50, 48, 12, 28, 96, 98, 70, 44, 141, 109, 113, 111, 150, 168, 157, 191, 134, 163, 108, 79, 132, 49, 137, 162, 85, 178, 124, 127, 22, 188, 99, 56, 123, 4, 68, 90, 189, 147, 174, 169, 63, 136, 156, 177, 94, 159, 80, 9, 84, 46, 88, 182, 186, 144, 29, 194, 31, 172, 118, 83, 181, 133, 167, 196, 67, 135, 175, 165, 184, 93, 101, 161, 116, 120, 164, 82, 142, 180, 128, 112, 185, 187, 126, 192, 154, 183, 190]项目工期为：521.0；项目成本为：208655.3
染色体结构为:
[1, 26, 138, 119, 64, 42, 61, 10, 117, 131, 41, 35, 195, 32, 198, 197, 149, 54, 78, 65, 129, 73, 69, 166, 200, 38, 140, 5, 25, 75, 53, 160, 40, 21, 102, 57, 122, 106, 14, 170, 103, 171, 59, 45, 55, 97, 34, 24, 176, 43, 11, 62, 13, 173, 110, 15, 72, 153, 18, 158, 47, 104, 105, 17, 114, 51, 39, 130, 60, 33, 76, 145, 71, 77, 58, 66, 8, 152, 91, 179, 107, 155, 151, 199, 2, 16, 74, 139, 121, 23, 146, 87, 125, 100, 6, 36, 89, 193, 37, 143, 19, 92, 148, 12, 95, 115, 86, 50, 27, 28, 70, 96, 7, 48, 81, 52, 44, 98, 168, 30, 109, 111, 20, 113, 3, 108, 141, 163, 150, 157, 137, 191, 79, 134, 49, 132, 85, 162, 124, 178, 56, 22, 127, 188, 99, 4, 68, 123, 147, 189, 90, 136, 174, 169, 63, 156, 94, 177, 159, 9, 80, 46, 186, 88, 84, 31, 194, 182, 144, 172, 29, 133, 83, 118, 196, 181, 167, 67, 184, 165, 175, 135, 93, 120, 101, 116, 82, 161, 128, 164, 187, 180, 142, 185, 112, 126, 192, 183, 154, 190]项目工期为：405.0；项目成本为：235028.3000000002
染色体结构为:
[119, 1, 26, 138, 64, 10, 42, 117, 61, 41, 32, 131, 195, 149, 35, 197, 129, 54, 69, 198, 78, 65, 73, 160, 75, 200, 122, 53, 40, 14, 5, 166, 21, 171, 57, 102, 103, 170, 106, 59, 45, 55, 18, 97, 62, 176, 43, 24, 34, 158, 11, 15, 110, 38, 72, 173, 105, 153, 13, 104, 17, 130, 51, 47, 60, 114, 33, 140, 66, 25, 179, 152, 8, 155, 39, 76, 91, 107, 2, 125, 100, 146, 89, 36, 87, 6, 143, 3, 20, 37, 193, 71, 58, 92, 23, 16, 30, 86, 81, 7, 27, 199, 77, 52, 115, 74, 145, 139, 151, 148, 19, 95, 121, 28, 12, 50, 96, 48, 141, 98, 70, 109, 44, 113, 111, 168, 150, 163, 157, 191, 108, 132, 134, 79, 49, 137, 85, 178, 127, 162, 22, 124, 4, 56, 188, 68, 189, 99, 123, 169, 90, 63, 147, 174, 136, 80, 156, 94, 9, 177, 84, 46, 88, 159, 182, 186, 29, 194, 31, 172, 144, 118, 181, 133, 83, 196, 135, 67, 165, 167, 175, 101, 184, 93, 120, 116, 128, 161, 164, 180, 82, 126, 142, 154, 187, 112, 185, 192, 190, 183]项目工期为：537.0；项目成本为：206053.6
染色体结构为:
[26, 1, 64, 138, 119, 38, 73, 166, 140, 25, 69, 61, 42, 117, 10, 197, 32, 35, 41, 198, 195, 78, 131, 54, 149, 200, 65, 5, 129, 40, 160, 75, 53, 21, 122, 102, 57, 14, 103, 106, 170, 55, 45, 97, 171, 176, 59, 34, 62, 24, 11, 173, 43, 18, 110, 15, 13, 72, 158, 104, 153, 47, 105, 51, 17, 130, 60, 114, 91, 33, 39, 76, 58, 71, 23, 100, 92, 16, 86, 6, 2, 81, 30, 27, 52, 7, 199, 115, 145, 152, 77, 66, 179, 155, 8, 146, 125, 107, 89, 87, 36, 3, 143, 20, 37, 74, 193, 151, 121, 139, 148, 50, 19, 12, 95, 28, 48, 96, 44, 70, 98, 109, 141, 111, 113, 168, 150, 108, 191, 157, 163, 132, 137, 79, 134, 162, 85, 178, 49, 56, 127, 124, 22, 188, 4, 99, 123, 189, 68, 147, 63, 136, 90, 174, 94, 9, 156, 46, 80, 177, 84, 159, 194, 88, 186, 29, 31, 169, 172, 118, 196, 133, 83, 167, 181, 67, 184, 144, 175, 135, 165, 101, 182, 120, 128, 164, 93, 82, 180, 142, 116, 161, 185, 187, 126, 112, 183, 192, 154, 190]项目工期为：390.0；项目成本为：239166.9000000002
染色体结构为:
[1, 119, 42, 26, 64, 138, 61, 10, 41, 131, 117, 35, 32, 197, 195, 149, 54, 78, 198, 129, 69, 73, 200, 65, 160, 75, 122, 53, 21, 40, 166, 5, 102, 57, 171, 14, 103, 170, 106, 59, 38, 25, 140, 152, 66, 15, 179, 8, 155, 125, 107, 114, 55, 2, 130, 33, 146, 45, 100, 24, 87, 89, 36, 6, 76, 173, 143, 72, 3, 11, 37, 193, 20, 12, 145, 92, 19, 148, 74, 34, 97, 176, 18, 110, 13, 43, 158, 62, 153, 104, 51, 105, 47, 17, 60, 58, 71, 39, 91, 50, 77, 79, 151, 16, 199, 139, 23, 48, 121, 4, 68, 86, 7, 115, 111, 95, 28, 150, 70, 113, 157, 96, 108, 134, 191, 168, 44, 132, 56, 81, 123, 124, 49, 27, 141, 99, 90, 174, 163, 63, 136, 188, 94, 156, 9, 80, 177, 52, 127, 46, 84, 159, 30, 186, 194, 88, 98, 169, 29, 31, 172, 189, 178, 109, 85, 133, 196, 118, 167, 83, 181, 67, 184, 137, 144, 175, 147, 165, 135, 22, 101, 182, 120, 128, 82, 164, 93, 116, 161, 180, 142, 112, 126, 162, 187, 183, 192, 185, 154, 190]项目工期为：355.0；项目成本为：253644.89999999997
染色体结构为:
[1, 119, 26, 42, 138, 64, 61, 131, 10, 41, 117, 35, 195, 32, 198, 197, 149, 78, 129, 54, 69, 65, 200, 73, 160, 75, 122, 53, 21, 40, 166, 5, 57, 102, 14, 170, 171, 106, 103, 59, 38, 140, 25, 66, 152, 15, 155, 179, 8, 125, 114, 107, 55, 2, 130, 33, 100, 146, 45, 24, 87, 89, 6, 36, 76, 143, 173, 3, 11, 20, 72, 37, 193, 145, 12, 19, 92, 148, 97, 74, 18, 176, 110, 34, 13, 43, 153, 62, 105, 158, 104, 51, 47, 17, 60, 71, 58, 39, 50, 91, 79, 77, 151, 199, 16, 139, 48, 4, 121, 68, 23, 86, 115, 95, 7, 111, 70, 150, 28, 96, 113, 157, 108, 191, 134, 44, 168, 56, 132, 123, 81, 124, 49, 27, 163, 141, 90, 99, 136, 174, 63, 188, 94, 156, 9, 80, 177, 127, 52, 46, 159, 84, 30, 186, 194, 88, 98, 29, 169, 31, 172, 178, 109, 189, 85, 196, 118, 133, 83, 167, 181, 137, 67, 184, 144, 147, 175, 165, 135, 22, 101, 182, 162, 93, 112, 120, 126, 161, 180, 116, 128, 82, 164, 142, 192, 154, 187, 183, 190, 185]项目工期为：357.0；项目成本为：253606.99999999997
染色体结构为:
[119, 1, 26, 138, 64, 61, 10, 42, 117, 41, 131, 32, 195, 149, 35, 197, 129, 54, 198, 78, 69, 65, 73, 160, 75, 200, 122, 53, 40, 5, 14, 166, 21, 171, 57, 102, 103, 170, 55, 97, 106, 18, 45, 59, 62, 43, 176, 24, 11, 110, 34, 158, 15, 38, 173, 13, 72, 105, 153, 104, 51, 130, 17, 60, 47, 114, 33, 140, 91, 76, 152, 39, 155, 25, 179, 66, 107, 2, 8, 125, 100, 89, 146, 36, 87, 3, 6, 143, 20, 193, 37, 71, 58, 92, 16, 23, 30, 7, 86, 27, 81, 77, 52, 199, 115, 74, 145, 151, 139, 121, 19, 148, 28, 95, 50, 12, 48, 96, 98, 70, 109, 141, 44, 111, 113, 168, 150, 157, 163, 108, 191, 79, 132, 49, 134, 137, 162, 85, 124, 127, 178, 188, 123, 56, 22, 99, 147, 68, 4, 189, 90, 136, 174, 169, 80, 63, 177, 84, 94, 156, 9, 46, 159, 88, 172, 194, 186, 31, 29, 118, 196, 83, 167, 181, 67, 133, 184, 93, 101, 165, 144, 116, 175, 182, 164, 135, 120, 161, 128, 126, 112, 154, 180, 82, 142, 192, 187, 183, 185, 190]项目工期为：592.0；项目成本为：201427.00000000015
染色体结构为:
[1, 26, 119, 64, 42, 138, 61, 10, 131, 41, 117, 195, 197, 32, 35, 198, 54, 149, 78, 69, 129, 200, 160, 73, 75, 65, 122, 40, 53, 21, 5, 166, 14, 102, 57, 103, 170, 171, 106, 55, 59, 97, 45, 176, 43, 62, 18, 34, 11, 110, 24, 15, 173, 158, 38, 13, 72, 153, 105, 104, 51, 130, 114, 47, 60, 39, 33, 17, 91, 140, 76, 152, 25, 66, 179, 2, 8, 155, 107, 125, 100, 87, 146, 89, 36, 6, 20, 143, 3, 37, 193, 23, 58, 71, 92, 30, 16, 86, 27, 81, 7, 199, 77, 52, 115, 74, 151, 145, 121, 139, 19, 148, 50, 12, 95, 28, 48, 70, 96, 98, 141, 109, 44, 111, 168, 150, 157, 113, 163, 108, 191, 134, 132, 79, 49, 137, 85, 178, 127, 162, 22, 56, 124, 99, 188, 4, 189, 68, 123, 90, 147, 174, 169, 63, 136, 80, 156, 94, 9, 177, 46, 84, 88, 159, 186, 194, 182, 31, 29, 172, 144, 118, 181, 83, 133, 196, 67, 135, 167, 165, 175, 184, 93, 101, 161, 120, 116, 128, 164, 180, 82, 142, 187, 185, 112, 126, 192, 183, 154, 190]项目工期为：528.0；项目成本为：207263.2000000001
染色体结构为:
[119, 1, 26, 138, 64, 10, 61, 42, 117, 131, 195, 41, 32, 197, 149, 35, 198, 65, 54, 78, 69, 129, 73, 166, 200, 38, 5, 25, 75, 140, 160, 40, 53, 21, 102, 122, 14, 57, 106, 103, 59, 45, 170, 171, 97, 34, 55, 24, 62, 176, 43, 13, 11, 15, 173, 110, 72, 153, 18, 158, 47, 104, 17, 105, 114, 51, 39, 130, 33, 76, 60, 145, 71, 77, 58, 8, 152, 66, 91, 179, 151, 107, 155, 199, 2, 16, 74, 139, 121, 146, 23, 87, 125, 100, 89, 36, 143, 6, 193, 37, 19, 92, 148, 12, 95, 115, 50, 86, 27, 28, 70, 96, 48, 7, 81, 52, 44, 98, 30, 109, 168, 20, 111, 3, 113, 108, 141, 163, 157, 150, 137, 79, 191, 134, 49, 162, 132, 85, 178, 124, 56, 188, 127, 22, 99, 4, 68, 123, 147, 189, 90, 169, 174, 136, 156, 63, 94, 177, 159, 80, 9, 186, 46, 88, 31, 84, 182, 194, 144, 172, 29, 83, 133, 118, 196, 181, 67, 167, 175, 184, 165, 93, 135, 120, 101, 116, 82, 161, 128, 164, 187, 142, 180, 112, 185, 126, 192, 154, 190, 183]项目工期为：385.0；项目成本为：241835.4000000001
染色体结构为:
[1, 119, 26, 138, 64, 10, 61, 117, 42, 41, 32, 131, 35, 195, 149, 54, 197, 129, 198, 69, 78, 73, 75, 65, 160, 200, 40, 122, 5, 53, 14, 166, 21, 171, 102, 57, 103, 170, 106, 59, 45, 55, 97, 62, 176, 18, 43, 11, 34, 173, 110, 24, 158, 15, 38, 105, 13, 72, 153, 130, 51, 104, 114, 60, 39, 17, 91, 47, 33, 76, 140, 25, 152, 179, 66, 155, 8, 2, 125, 107, 100, 146, 87, 89, 36, 6, 20, 143, 3, 37, 193, 23, 58, 92, 71, 30, 16, 86, 27, 81, 7, 199, 52, 145, 77, 115, 74, 139, 151, 121, 19, 95, 12, 148, 50, 48, 28, 96, 70, 98, 141, 44, 109, 113, 111, 150, 168, 157, 108, 191, 163, 134, 79, 132, 137, 49, 85, 124, 178, 127, 56, 162, 22, 188, 99, 4, 68, 123, 90, 189, 169, 147, 174, 63, 156, 136, 80, 177, 94, 9, 46, 84, 159, 88, 186, 182, 31, 194, 29, 144, 83, 172, 118, 181, 133, 196, 67, 135, 167, 165, 184, 175, 93, 101, 161, 120, 116, 164, 128, 180, 142, 82, 185, 126, 187, 112, 183, 192, 154, 190]项目工期为：522.0；项目成本为：207652.9000000001
染色体结构为:
[119, 1, 26, 64, 138, 10, 42, 117, 61, 41, 32, 131, 149, 195, 35, 197, 129, 54, 69, 198, 78, 65, 73, 160, 75, 200, 122, 53, 40, 14, 5, 166, 21, 171, 57, 102, 103, 170, 106, 59, 55, 45, 18, 62, 97, 176, 43, 24, 34, 11, 158, 15, 110, 72, 38, 173, 105, 153, 13, 104, 17, 130, 51, 47, 114, 60, 33, 140, 66, 25, 179, 8, 152, 155, 39, 76, 91, 107, 2, 125, 100, 146, 89, 36, 87, 6, 143, 3, 20, 37, 71, 193, 58, 92, 23, 16, 30, 86, 81, 7, 27, 199, 77, 52, 115, 74, 145, 139, 151, 19, 148, 95, 121, 28, 12, 50, 96, 48, 141, 98, 70, 109, 44, 113, 111, 168, 150, 163, 157, 191, 108, 132, 79, 134, 49, 85, 137, 178, 127, 162, 22, 124, 4, 56, 188, 68, 189, 99, 123, 169, 90, 63, 147, 136, 174, 156, 80, 9, 94, 177, 84, 46, 88, 159, 182, 186, 194, 31, 29, 144, 172, 118, 181, 133, 83, 196, 135, 67, 165, 167, 175, 101, 93, 184, 116, 120, 128, 161, 164, 180, 82, 126, 142, 154, 187, 185, 112, 190, 192, 183]项目工期为：529.0；项目成本为：206988.00000000003
染色体结构为:
[26, 1, 119, 64, 42, 10, 138, 61, 117, 131, 32, 195, 41, 149, 35, 197, 78, 54, 198, 65, 129, 69, 166, 38, 73, 200, 25, 140, 160, 75, 5, 53, 40, 102, 122, 21, 14, 106, 103, 57, 59, 171, 170, 97, 45, 55, 24, 176, 34, 43, 11, 62, 13, 173, 110, 15, 72, 18, 47, 153, 104, 105, 158, 114, 51, 17, 39, 130, 33, 60, 76, 71, 58, 145, 66, 152, 77, 8, 91, 179, 155, 107, 2, 151, 199, 74, 16, 121, 139, 23, 146, 87, 125, 89, 36, 100, 193, 6, 19, 37, 143, 92, 12, 50, 148, 95, 115, 28, 86, 27, 96, 70, 7, 48, 52, 98, 81, 30, 168, 111, 44, 109, 20, 3, 141, 113, 108, 150, 134, 163, 157, 137, 132, 79, 191, 49, 162, 85, 124, 127, 178, 56, 22, 123, 188, 4, 68, 99, 90, 189, 147, 174, 169, 63, 156, 136, 9, 94, 177, 80, 159, 46, 88, 186, 31, 84, 144, 194, 182, 29, 172, 83, 118, 133, 181, 184, 196, 167, 135, 67, 165, 93, 175, 101, 120, 116, 161, 128, 82, 142, 164, 187, 180, 112, 185, 126, 183, 192, 154, 190]项目工期为：369.0；项目成本为：250216.9000000002
染色体结构为:
[78, 26, 16, 97, 119, 1, 42, 10, 138, 64, 61, 32, 131, 117, 195, 41, 197, 35, 198, 149, 54, 69, 200, 129, 73, 65, 53, 75, 160, 40, 122, 5, 14, 166, 171, 21, 57, 102, 103, 170, 59, 106, 45, 55, 176, 62, 18, 43, 11, 110, 34, 173, 158, 24, 38, 15, 105, 13, 153, 72, 130, 51, 104, 114, 60, 39, 17, 47, 33, 91, 76, 140, 25, 152, 179, 66, 8, 155, 125, 2, 100, 146, 107, 87, 89, 36, 6, 20, 143, 3, 193, 37, 23, 71, 58, 92, 30, 86, 81, 7, 27, 52, 115, 199, 74, 145, 139, 77, 121, 151, 19, 95, 148, 50, 28, 48, 12, 96, 70, 98, 141, 109, 44, 168, 113, 150, 111, 163, 191, 108, 157, 132, 79, 134, 178, 49, 85, 137, 162, 127, 124, 22, 56, 188, 4, 189, 68, 99, 90, 123, 147, 169, 63, 174, 136, 80, 94, 156, 177, 46, 9, 84, 159, 88, 186, 182, 31, 194, 29, 144, 118, 83, 172, 181, 196, 133, 167, 67, 184, 175, 164, 165, 120, 101, 135, 128, 161, 112, 126, 180, 93, 154, 116, 82, 142, 192, 185, 187, 183, 190]项目工期为：465.0；项目成本为：218822.90000000008
染色体结构为:
[26, 1, 64, 119, 42, 138, 61, 10, 131, 41, 117, 195, 197, 32, 35, 198, 149, 54, 78, 69, 129, 200, 160, 73, 75, 65, 122, 40, 53, 21, 5, 14, 166, 102, 103, 57, 170, 171, 106, 55, 59, 97, 45, 176, 43, 18, 62, 34, 11, 110, 24, 15, 173, 158, 38, 72, 153, 13, 105, 51, 130, 104, 114, 47, 60, 39, 33, 17, 91, 140, 76, 25, 152, 66, 179, 2, 8, 155, 107, 125, 100, 87, 146, 89, 36, 6, 20, 143, 3, 37, 193, 23, 58, 71, 30, 92, 16, 86, 81, 7, 27, 199, 77, 52, 115, 74, 145, 151, 121, 139, 19, 148, 50, 12, 95, 28, 48, 70, 96, 98, 141, 109, 44, 111, 150, 168, 113, 157, 163, 191, 108, 134, 79, 132, 49, 137, 85, 178, 127, 162, 22, 56, 124, 99, 188, 4, 189, 123, 68, 90, 147, 174, 169, 63, 136, 80, 156, 94, 9, 177, 46, 84, 88, 159, 186, 194, 182, 31, 29, 172, 144, 118, 181, 83, 133, 196, 135, 67, 167, 165, 175, 184, 93, 101, 161, 116, 120, 128, 164, 180, 142, 82, 187, 185, 112, 126, 192, 183, 154, 190]项目工期为：472.0；项目成本为：215340.5000000001
染色体结构为:
[1, 138, 26, 119, 42, 61, 64, 117, 10, 131, 41, 35, 195, 32, 198, 197, 149, 54, 78, 129, 65, 69, 73, 200, 166, 38, 140, 5, 25, 75, 53, 40, 160, 21, 102, 106, 57, 122, 170, 103, 14, 171, 59, 45, 55, 97, 34, 24, 176, 11, 43, 62, 13, 173, 15, 110, 72, 153, 18, 158, 47, 104, 105, 17, 114, 51, 39, 130, 60, 33, 76, 145, 77, 71, 58, 66, 8, 152, 91, 179, 107, 155, 151, 199, 2, 16, 74, 139, 121, 23, 146, 87, 100, 125, 36, 6, 89, 193, 37, 143, 19, 92, 148, 12, 95, 115, 86, 50, 27, 28, 70, 96, 7, 48, 81, 52, 98, 44, 168, 30, 111, 109, 20, 3, 108, 113, 141, 163, 150, 157, 137, 79, 191, 134, 132, 49, 85, 162, 124, 178, 56, 22, 127, 188, 99, 4, 68, 123, 147, 189, 90, 136, 174, 169, 156, 63, 94, 177, 9, 159, 46, 80, 186, 88, 84, 31, 144, 194, 172, 182, 133, 29, 83, 118, 196, 67, 181, 167, 184, 175, 165, 135, 93, 120, 101, 116, 82, 161, 128, 164, 180, 187, 185, 142, 112, 126, 192, 183, 154, 190]项目工期为：386.0；项目成本为：241041.60000000018
染色体结构为:
[1, 26, 138, 119, 64, 42, 61, 10, 117, 131, 41, 35, 32, 198, 195, 197, 149, 54, 78, 65, 73, 129, 69, 166, 200, 38, 140, 5, 25, 75, 53, 160, 40, 21, 102, 57, 122, 106, 14, 170, 103, 171, 59, 45, 55, 97, 34, 24, 176, 43, 11, 62, 173, 13, 110, 18, 158, 15, 105, 72, 153, 104, 130, 17, 60, 51, 47, 114, 33, 39, 91, 76, 152, 155, 2, 66, 179, 107, 8, 125, 100, 146, 89, 36, 87, 143, 20, 6, 3, 37, 193, 58, 71, 92, 23, 16, 30, 81, 86, 27, 7, 199, 145, 115, 52, 77, 74, 139, 151, 121, 19, 95, 148, 50, 48, 12, 28, 70, 96, 141, 98, 109, 44, 113, 111, 150, 168, 157, 108, 191, 163, 134, 132, 79, 137, 49, 85, 127, 124, 162, 178, 22, 56, 188, 99, 4, 68, 123, 90, 169, 147, 174, 189, 136, 63, 156, 80, 94, 177, 46, 9, 84, 159, 88, 186, 31, 182, 194, 29, 144, 172, 83, 118, 181, 196, 67, 133, 135, 167, 165, 184, 175, 93, 101, 120, 116, 161, 164, 128, 180, 82, 142, 187, 185, 112, 183, 126, 192, 154, 190]项目工期为：495.0；项目成本为：211902.10000000006
染色体结构为:
[26, 119, 64, 138, 10, 1, 42, 117, 61, 131, 32, 195, 41, 197, 149, 35, 198, 129, 69, 54, 65, 78, 75, 160, 122, 73, 200, 40, 53, 14, 21, 5, 166, 171, 102, 57, 170, 103, 106, 55, 59, 97, 45, 18, 62, 176, 34, 43, 11, 24, 173, 110, 15, 158, 38, 105, 13, 153, 51, 72, 130, 114, 60, 104, 39, 17, 47, 91, 33, 76, 140, 25, 152, 66, 179, 2, 8, 100, 155, 107, 125, 146, 36, 87, 89, 6, 20, 143, 193, 37, 3, 58, 71, 23, 30, 16, 92, 27, 81, 7, 86, 199, 52, 115, 77, 145, 151, 139, 74, 121, 148, 19, 95, 12, 50, 48, 70, 96, 98, 28, 141, 109, 111, 44, 150, 113, 168, 108, 157, 191, 134, 163, 79, 132, 137, 49, 124, 127, 85, 178, 162, 188, 56, 22, 4, 99, 123, 68, 90, 147, 174, 189, 169, 63, 136, 80, 94, 156, 177, 9, 46, 84, 159, 88, 186, 31, 182, 29, 194, 172, 144, 83, 118, 196, 181, 133, 167, 67, 184, 175, 165, 164, 120, 101, 135, 161, 128, 112, 126, 93, 180, 154, 116, 82, 142, 187, 192, 183, 185, 190]项目工期为：492.0；项目成本为：211911.70000000007
染色体结构为:
[26, 64, 1, 10, 119, 42, 61, 131, 138, 32, 117, 195, 197, 35, 41, 149, 78, 54, 198, 129, 69, 65, 73, 200, 75, 160, 122, 40, 53, 166, 5, 14, 21, 171, 57, 102, 103, 170, 106, 55, 97, 18, 59, 62, 45, 43, 24, 176, 11, 110, 34, 173, 158, 38, 15, 72, 13, 105, 153, 130, 17, 104, 60, 51, 47, 114, 33, 140, 39, 76, 91, 152, 25, 155, 2, 66, 179, 8, 107, 125, 100, 146, 89, 36, 143, 87, 20, 6, 3, 37, 193, 71, 58, 92, 16, 23, 30, 81, 86, 7, 27, 199, 145, 52, 77, 115, 74, 151, 139, 121, 19, 95, 148, 48, 50, 12, 28, 96, 141, 98, 70, 109, 113, 111, 44, 168, 150, 157, 108, 191, 163, 134, 79, 137, 132, 85, 49, 124, 127, 178, 56, 162, 22, 188, 99, 123, 4, 68, 90, 147, 174, 169, 189, 63, 136, 156, 94, 80, 177, 46, 9, 84, 159, 88, 186, 182, 31, 29, 194, 144, 83, 172, 118, 196, 181, 167, 133, 184, 165, 67, 175, 164, 101, 161, 112, 135, 120, 126, 154, 93, 128, 116, 180, 142, 187, 192, 82, 185, 183, 190]项目工期为：449.0；项目成本为：221750.40000000005
染色体结构为:
[26, 1, 64, 138, 119, 38, 73, 166, 25, 140, 69, 61, 42, 117, 10, 197, 32, 35, 41, 198, 131, 195, 78, 54, 149, 200, 65, 5, 40, 129, 53, 75, 160, 21, 102, 122, 14, 57, 103, 106, 170, 55, 45, 97, 171, 176, 34, 59, 62, 24, 11, 173, 43, 18, 110, 13, 15, 72, 158, 153, 104, 105, 47, 51, 17, 130, 60, 114, 91, 33, 39, 76, 71, 58, 100, 23, 16, 92, 86, 6, 2, 81, 30, 27, 52, 199, 7, 115, 145, 152, 77, 66, 155, 179, 8, 146, 125, 107, 89, 87, 36, 3, 143, 20, 74, 37, 193, 151, 121, 139, 148, 50, 19, 12, 95, 48, 28, 96, 44, 70, 98, 109, 141, 111, 113, 168, 150, 191, 108, 163, 132, 157, 137, 79, 134, 85, 162, 49, 127, 178, 56, 124, 22, 4, 188, 99, 123, 189, 68, 147, 63, 136, 90, 174, 94, 9, 156, 46, 80, 177, 84, 159, 194, 88, 29, 186, 31, 172, 118, 169, 196, 133, 167, 83, 67, 181, 184, 144, 175, 165, 135, 101, 182, 128, 120, 164, 93, 82, 142, 180, 161, 116, 187, 185, 126, 112, 183, 192, 154, 190]项目工期为：384.0；项目成本为：242419.4000000002
染色体结构为:
[1, 119, 26, 138, 10, 64, 61, 117, 41, 42, 32, 131, 35, 195, 149, 54, 197, 129, 198, 78, 69, 73, 75, 65, 160, 200, 40, 122, 5, 53, 14, 166, 21, 171, 102, 103, 57, 170, 106, 59, 45, 55, 97, 62, 176, 18, 43, 34, 173, 11, 110, 24, 15, 158, 38, 105, 13, 72, 130, 153, 51, 114, 104, 60, 39, 17, 91, 47, 33, 76, 140, 25, 152, 179, 66, 155, 8, 2, 125, 107, 100, 146, 87, 89, 36, 6, 20, 143, 3, 37, 193, 23, 58, 92, 71, 30, 16, 86, 27, 81, 7, 199, 52, 145, 77, 115, 74, 139, 151, 121, 95, 19, 12, 148, 48, 50, 28, 96, 70, 98, 141, 168, 44, 109, 111, 150, 191, 108, 113, 157, 163, 79, 134, 132, 137, 85, 49, 162, 127, 124, 56, 178, 22, 188, 123, 99, 4, 68, 147, 90, 174, 189, 136, 80, 169, 63, 177, 94, 84, 46, 88, 156, 159, 9, 194, 186, 172, 31, 118, 196, 29, 167, 83, 133, 181, 184, 67, 175, 165, 144, 182, 164, 101, 120, 135, 161, 128, 112, 126, 93, 154, 180, 116, 82, 187, 142, 192, 185, 183, 190]项目工期为：611.0；项目成本为：201386.00000000017
染色体结构为:
[26, 119, 138, 64, 10, 1, 117, 61, 42, 131, 41, 32, 195, 35, 197, 149, 129, 54, 198, 69, 78, 65, 160, 73, 75, 200, 122, 40, 53, 5, 21, 14, 166, 57, 171, 170, 102, 103, 55, 106, 59, 45, 18, 62, 97, 176, 24, 43, 34, 158, 11, 15, 110, 72, 38, 173, 105, 153, 13, 104, 17, 51, 130, 47, 114, 33, 60, 140, 66, 25, 179, 8, 152, 155, 39, 76, 91, 107, 2, 125, 100, 146, 89, 87, 36, 6, 143, 3, 20, 71, 37, 193, 58, 92, 23, 16, 30, 86, 81, 7, 27, 199, 77, 52, 115, 74, 145, 139, 19, 151, 148, 95, 28, 121, 50, 12, 96, 48, 141, 98, 70, 109, 44, 113, 111, 168, 150, 163, 157, 108, 191, 132, 134, 79, 85, 49, 137, 178, 127, 162, 22, 124, 4, 56, 188, 189, 68, 99, 123, 169, 63, 90, 174, 147, 136, 80, 156, 94, 9, 84, 177, 88, 182, 46, 159, 186, 29, 194, 31, 144, 172, 118, 181, 133, 83, 196, 135, 67, 165, 167, 175, 184, 101, 93, 120, 116, 128, 164, 161, 82, 180, 142, 154, 126, 187, 112, 185, 192, 190, 183]项目工期为：500.0；项目成本为：210387.30000000005
染色体结构为:
[1, 119, 138, 64, 26, 61, 10, 41, 117, 42, 131, 197, 32, 35, 195, 149, 198, 54, 129, 78, 69, 65, 200, 160, 73, 75, 122, 53, 21, 40, 166, 57, 5, 14, 102, 171, 170, 103, 106, 59, 140, 38, 66, 25, 15, 179, 152, 8, 155, 125, 114, 55, 107, 2, 130, 33, 100, 146, 87, 45, 24, 89, 6, 76, 36, 143, 173, 3, 20, 11, 72, 145, 12, 37, 193, 19, 92, 148, 74, 97, 176, 34, 18, 43, 110, 13, 62, 153, 158, 104, 47, 105, 51, 17, 60, 71, 39, 50, 58, 91, 77, 79, 151, 16, 199, 139, 48, 23, 4, 68, 121, 86, 115, 95, 7, 111, 70, 150, 113, 28, 96, 157, 108, 191, 168, 44, 134, 56, 132, 124, 81, 123, 49, 27, 163, 99, 141, 90, 136, 174, 188, 94, 63, 156, 9, 80, 177, 127, 52, 46, 84, 159, 30, 186, 88, 194, 29, 169, 98, 31, 172, 189, 178, 85, 109, 196, 118, 133, 83, 167, 181, 137, 67, 144, 184, 175, 147, 165, 22, 135, 101, 182, 120, 128, 164, 162, 93, 161, 116, 82, 187, 142, 185, 112, 126, 180, 192, 183, 154, 190]项目工期为：375.0；项目成本为：247720.50000000003
染色体结构为:
[26, 119, 138, 64, 10, 1, 117, 61, 42, 131, 41, 32, 195, 35, 197, 149, 129, 198, 54, 69, 78, 65, 160, 73, 75, 200, 122, 40, 53, 5, 21, 14, 166, 57, 171, 170, 102, 103, 55, 106, 59, 45, 18, 62, 97, 176, 24, 43, 34, 158, 11, 15, 110, 72, 38, 173, 105, 153, 13, 17, 104, 51, 130, 47, 114, 33, 60, 140, 66, 25, 8, 179, 152, 155, 76, 39, 91, 2, 107, 125, 100, 146, 89, 87, 36, 6, 143, 3, 20, 71, 37, 193, 58, 92, 23, 30, 16, 81, 86, 7, 27, 199, 77, 52, 115, 74, 145, 139, 19, 151, 148, 95, 28, 121, 50, 12, 96, 48, 141, 70, 98, 109, 44, 113, 111, 150, 168, 163, 157, 191, 108, 132, 134, 85, 79, 49, 137, 178, 162, 127, 22, 124, 4, 56, 188, 68, 189, 99, 123, 63, 169, 90, 174, 147, 136, 80, 156, 94, 9, 84, 88, 177, 182, 46, 159, 186, 29, 194, 144, 31, 172, 181, 133, 118, 83, 196, 135, 67, 165, 175, 167, 184, 101, 120, 93, 116, 128, 164, 161, 82, 180, 154, 142, 126, 187, 112, 185, 192, 190, 183]项目工期为：498.0；项目成本为：211638.60000000003
染色体结构为:
[26, 1, 119, 138, 64, 10, 42, 61, 131, 117, 41, 195, 35, 32, 149, 198, 197, 78, 54, 129, 65, 73, 166, 69, 200, 38, 5, 25, 140, 75, 160, 53, 40, 21, 102, 57, 122, 14, 106, 103, 171, 170, 59, 55, 45, 97, 34, 24, 176, 43, 11, 13, 173, 62, 110, 15, 72, 18, 158, 153, 47, 105, 104, 17, 114, 39, 51, 130, 60, 33, 76, 145, 71, 58, 77, 152, 8, 66, 91, 179, 107, 151, 155, 199, 2, 16, 74, 139, 121, 23, 146, 87, 125, 100, 6, 89, 36, 37, 193, 143, 19, 92, 12, 148, 95, 50, 115, 86, 28, 27, 70, 96, 7, 48, 81, 52, 98, 44, 30, 168, 109, 111, 20, 3, 113, 108, 141, 163, 150, 157, 137, 79, 191, 49, 134, 132, 162, 85, 178, 124, 56, 22, 127, 188, 99, 68, 4, 123, 147, 189, 90, 174, 136, 63, 169, 156, 94, 177, 9, 159, 46, 80, 186, 88, 84, 31, 182, 194, 144, 172, 29, 133, 83, 118, 196, 67, 181, 167, 184, 165, 93, 135, 175, 101, 116, 161, 120, 128, 164, 82, 180, 142, 187, 112, 126, 192, 185, 183, 154, 190]项目工期为：410.0；项目成本为：232594.90000000017
染色体结构为:
[26, 1, 42, 119, 64, 61, 131, 138, 10, 117, 41, 32, 35, 195, 198, 197, 149, 54, 78, 129, 200, 69, 65, 73, 160, 53, 75, 122, 40, 21, 5, 14, 166, 102, 171, 57, 170, 103, 59, 106, 55, 97, 176, 34, 11, 43, 62, 45, 18, 24, 173, 140, 38, 66, 25, 152, 15, 179, 155, 8, 125, 107, 114, 2, 33, 100, 146, 87, 130, 89, 36, 6, 76, 143, 3, 20, 72, 37, 193, 145, 12, 92, 19, 148, 74, 110, 13, 153, 158, 105, 104, 47, 51, 17, 60, 71, 39, 58, 91, 50, 79, 77, 151, 16, 199, 139, 48, 23, 4, 68, 121, 86, 115, 7, 95, 70, 111, 28, 96, 113, 157, 150, 108, 191, 168, 44, 134, 132, 56, 123, 124, 81, 27, 49, 163, 141, 90, 99, 136, 174, 63, 188, 94, 156, 9, 80, 127, 177, 52, 46, 84, 159, 30, 186, 88, 194, 98, 29, 31, 169, 189, 172, 178, 85, 109, 196, 133, 118, 167, 83, 181, 67, 137, 184, 175, 147, 144, 165, 135, 101, 22, 182, 120, 128, 82, 164, 93, 161, 116, 180, 112, 126, 162, 142, 187, 183, 154, 190, 192, 185]项目工期为：349.0；项目成本为：257963.90000000005
染色体结构为:
[119, 1, 26, 138, 64, 10, 42, 61, 131, 117, 41, 195, 32, 149, 35, 197, 129, 54, 69, 198, 78, 65, 73, 160, 75, 200, 122, 53, 5, 40, 14, 166, 171, 21, 57, 102, 103, 170, 106, 55, 97, 59, 45, 18, 62, 176, 43, 24, 34, 11, 110, 158, 38, 15, 72, 173, 105, 13, 153, 104, 130, 17, 51, 60, 47, 114, 140, 33, 39, 91, 76, 25, 179, 152, 155, 66, 2, 8, 107, 125, 100, 146, 89, 36, 87, 6, 143, 3, 20, 193, 37, 71, 58, 92, 23, 30, 16, 81, 86, 27, 7, 52, 115, 77, 199, 74, 145, 151, 121, 139, 148, 19, 95, 28, 50, 12, 48, 98, 96, 70, 109, 141, 44, 111, 113, 168, 150, 157, 163, 108, 191, 132, 79, 49, 134, 137, 162, 85, 124, 127, 178, 56, 188, 123, 22, 99, 147, 68, 90, 4, 189, 136, 80, 174, 169, 63, 177, 94, 84, 46, 156, 9, 159, 88, 186, 172, 194, 31, 29, 118, 182, 144, 181, 83, 196, 133, 67, 135, 165, 175, 167, 184, 120, 101, 93, 116, 161, 164, 128, 82, 180, 126, 142, 187, 154, 112, 185, 192, 183, 190]项目工期为：691.0；项目成本为：200762.2000000002
染色体结构为:
[1, 119, 26, 64, 138, 42, 10, 61, 117, 41, 32, 131, 149, 195, 35, 197, 129, 54, 69, 198, 78, 65, 73, 160, 75, 200, 122, 53, 40, 14, 5, 166, 21, 171, 57, 102, 103, 170, 59, 106, 45, 55, 18, 97, 62, 176, 43, 24, 34, 11, 158, 15, 110, 38, 72, 173, 105, 153, 13, 104, 17, 130, 51, 47, 60, 33, 114, 140, 66, 25, 179, 152, 8, 39, 155, 91, 107, 76, 2, 125, 100, 89, 146, 36, 87, 6, 3, 143, 20, 37, 193, 71, 58, 92, 23, 16, 30, 86, 81, 7, 27, 199, 77, 52, 115, 74, 139, 145, 151, 148, 19, 95, 121, 28, 50, 12, 96, 48, 141, 98, 70, 109, 44, 113, 111, 168, 150, 163, 191, 157, 108, 132, 134, 79, 49, 137, 85, 178, 127, 162, 124, 22, 4, 56, 188, 68, 189, 99, 123, 169, 63, 90, 147, 136, 174, 80, 156, 94, 9, 177, 84, 46, 88, 159, 182, 29, 186, 194, 31, 172, 118, 144, 181, 133, 83, 196, 67, 135, 165, 167, 175, 101, 184, 120, 93, 116, 128, 161, 164, 180, 82, 126, 154, 187, 142, 112, 185, 190, 192, 183]项目工期为：538.0；项目成本为：205873.09999999998
染色体结构为:
[1, 64, 26, 119, 42, 138, 131, 61, 10, 117, 41, 32, 35, 195, 149, 197, 54, 198, 78, 200, 69, 129, 65, 73, 53, 160, 75, 122, 21, 40, 5, 166, 14, 171, 102, 57, 103, 170, 106, 97, 55, 59, 176, 34, 43, 24, 11, 45, 62, 173, 110, 18, 15, 13, 38, 153, 158, 72, 105, 47, 114, 51, 140, 104, 152, 25, 60, 66, 179, 2, 155, 8, 125, 107, 33, 130, 100, 146, 89, 87, 6, 36, 143, 76, 20, 3, 71, 193, 37, 39, 17, 91, 58, 23, 92, 16, 30, 86, 27, 81, 7, 52, 199, 77, 145, 115, 74, 151, 121, 139, 19, 95, 148, 50, 12, 28, 70, 48, 96, 98, 141, 44, 111, 113, 109, 150, 168, 157, 191, 163, 79, 108, 132, 134, 137, 49, 85, 162, 178, 124, 56, 127, 22, 4, 188, 99, 68, 147, 189, 123, 90, 174, 63, 136, 94, 156, 169, 177, 80, 46, 9, 159, 88, 84, 186, 194, 182, 31, 144, 172, 29, 118, 83, 181, 196, 133, 167, 67, 135, 175, 165, 184, 93, 101, 116, 161, 120, 164, 128, 180, 82, 142, 187, 112, 183, 185, 126, 192, 154, 190]项目工期为：431.0；项目成本为：226447.30000000016
染色体结构为:
[119, 1, 26, 64, 138, 10, 61, 42, 117, 131, 41, 32, 197, 195, 35, 149, 54, 198, 78, 65, 69, 129, 73, 200, 38, 166, 140, 5, 25, 75, 53, 160, 40, 122, 21, 102, 14, 57, 106, 103, 170, 171, 59, 45, 55, 97, 34, 176, 24, 62, 43, 13, 11, 173, 110, 15, 72, 18, 153, 158, 104, 47, 105, 17, 51, 114, 39, 130, 33, 60, 76, 145, 71, 58, 77, 66, 8, 152, 91, 179, 107, 155, 151, 2, 16, 199, 74, 139, 23, 121, 146, 87, 125, 100, 6, 89, 36, 193, 37, 143, 19, 92, 12, 148, 95, 50, 115, 86, 70, 28, 27, 96, 7, 48, 52, 81, 44, 98, 30, 168, 109, 111, 20, 3, 108, 113, 141, 163, 150, 157, 137, 134, 191, 79, 132, 49, 162, 85, 178, 56, 124, 127, 22, 188, 99, 123, 4, 68, 189, 147, 90, 174, 169, 136, 156, 94, 63, 9, 159, 177, 186, 80, 46, 88, 194, 84, 31, 144, 182, 29, 172, 83, 133, 118, 196, 167, 181, 67, 165, 184, 175, 135, 93, 116, 101, 120, 128, 82, 161, 164, 142, 187, 180, 112, 185, 126, 192, 183, 154, 190]项目工期为：424.0；项目成本为：230472.9000000002
染色体结构为:
[26, 1, 138, 119, 64, 42, 61, 117, 10, 131, 41, 35, 195, 32, 198, 197, 149, 54, 78, 65, 129, 73, 69, 200, 166, 38, 140, 5, 25, 75, 53, 160, 40, 21, 102, 57, 106, 122, 14, 170, 103, 171, 59, 45, 97, 55, 34, 24, 176, 43, 11, 13, 62, 15, 110, 173, 72, 153, 18, 47, 158, 104, 17, 105, 114, 51, 130, 39, 60, 33, 145, 77, 76, 58, 71, 66, 152, 8, 91, 179, 107, 155, 151, 199, 16, 2, 74, 139, 121, 23, 146, 87, 125, 100, 36, 6, 89, 193, 37, 19, 143, 92, 148, 12, 95, 115, 50, 86, 27, 28, 70, 96, 48, 7, 81, 44, 52, 98, 30, 109, 168, 111, 113, 20, 3, 108, 141, 150, 163, 157, 137, 191, 79, 49, 134, 132, 162, 85, 124, 178, 56, 22, 127, 188, 99, 4, 68, 123, 147, 189, 136, 90, 174, 169, 63, 156, 177, 94, 159, 9, 80, 46, 186, 88, 31, 84, 194, 144, 172, 182, 29, 133, 83, 118, 196, 181, 67, 167, 175, 184, 135, 165, 93, 120, 101, 116, 82, 161, 128, 164, 180, 142, 187, 185, 112, 126, 183, 192, 154, 190]项目工期为：388.0；项目成本为：239953.4000000002
染色体结构为:
[138, 1, 26, 119, 42, 64, 61, 117, 10, 131, 41, 35, 32, 195, 198, 197, 149, 54, 78, 129, 65, 69, 73, 200, 166, 38, 140, 5, 75, 25, 53, 40, 160, 102, 21, 106, 57, 122, 170, 103, 14, 171, 59, 45, 55, 97, 34, 24, 176, 11, 62, 43, 13, 173, 15, 72, 110, 153, 18, 158, 47, 104, 105, 17, 51, 114, 39, 130, 60, 33, 76, 145, 77, 71, 58, 66, 8, 152, 91, 179, 107, 155, 151, 199, 2, 16, 74, 121, 139, 23, 146, 87, 100, 125, 36, 6, 89, 193, 37, 143, 19, 92, 148, 12, 95, 115, 86, 50, 27, 28, 70, 96, 7, 48, 81, 52, 98, 44, 168, 30, 111, 109, 20, 108, 3, 113, 141, 163, 150, 157, 137, 79, 191, 134, 49, 132, 85, 162, 178, 124, 56, 22, 127, 188, 99, 4, 68, 123, 147, 189, 90, 174, 136, 169, 156, 63, 94, 9, 177, 159, 46, 80, 186, 88, 84, 31, 144, 172, 194, 182, 133, 29, 83, 118, 196, 67, 181, 167, 184, 175, 165, 135, 93, 120, 101, 116, 82, 161, 128, 164, 180, 187, 185, 112, 142, 126, 192, 183, 154, 190]项目工期为：376.0；项目成本为：244727.90000000017
染色体结构为:
[1, 119, 26, 42, 64, 61, 138, 10, 131, 117, 35, 41, 32, 195, 197, 198, 149, 78, 54, 129, 69, 200, 65, 160, 75, 73, 40, 122, 5, 53, 21, 166, 14, 57, 102, 106, 170, 103, 171, 55, 59, 45, 176, 62, 97, 18, 43, 11, 110, 34, 173, 158, 24, 15, 38, 105, 13, 153, 72, 130, 104, 51, 114, 60, 39, 47, 17, 91, 33, 140, 76, 25, 152, 66, 179, 155, 8, 125, 2, 107, 100, 146, 87, 89, 36, 6, 143, 20, 3, 193, 37, 23, 58, 92, 30, 71, 16, 27, 81, 86, 7, 52, 199, 77, 145, 115, 74, 139, 151, 121, 19, 95, 12, 148, 50, 48, 28, 96, 70, 98, 141, 109, 113, 44, 111, 168, 150, 163, 157, 108, 79, 191, 132, 49, 134, 137, 162, 85, 124, 178, 127, 188, 123, 56, 22, 147, 68, 99, 189, 4, 90, 174, 136, 169, 80, 177, 63, 94, 84, 156, 9, 46, 159, 88, 186, 31, 194, 29, 172, 118, 83, 196, 167, 181, 67, 101, 133, 165, 184, 93, 116, 144, 182, 175, 164, 135, 120, 161, 128, 154, 126, 112, 180, 82, 142, 192, 183, 187, 185, 190]项目工期为：486.0；项目成本为：213889.30000000016
染色体结构为:
[119, 1, 42, 26, 64, 138, 61, 10, 131, 41, 117, 32, 197, 35, 195, 198, 149, 78, 54, 129, 69, 200, 65, 160, 75, 73, 40, 122, 53, 5, 21, 57, 14, 166, 170, 102, 106, 103, 171, 55, 59, 45, 176, 97, 62, 18, 43, 11, 34, 173, 110, 24, 158, 38, 15, 105, 13, 72, 153, 130, 104, 51, 114, 60, 39, 47, 17, 91, 33, 76, 140, 25, 152, 179, 66, 155, 2, 8, 125, 100, 107, 146, 87, 89, 36, 6, 20, 143, 3, 193, 23, 37, 58, 92, 30, 71, 16, 27, 81, 86, 7, 52, 199, 145, 77, 115, 74, 139, 151, 121, 19, 95, 12, 148, 48, 50, 28, 96, 70, 98, 141, 109, 113, 44, 111, 168, 150, 163, 157, 108, 191, 79, 132, 49, 134, 137, 162, 85, 124, 127, 178, 188, 123, 56, 22, 147, 68, 189, 99, 4, 90, 174, 136, 169, 80, 177, 63, 94, 46, 84, 9, 156, 159, 88, 186, 194, 31, 172, 118, 29, 196, 83, 167, 181, 67, 133, 101, 184, 165, 93, 116, 144, 182, 175, 164, 135, 161, 120, 128, 180, 82, 142, 187, 112, 126, 192, 185, 154, 190, 183]项目工期为：507.0；项目成本为：209221.1000000001
染色体结构为:
[26, 119, 138, 64, 10, 1, 42, 61, 117, 131, 41, 32, 195, 197, 149, 35, 198, 69, 129, 54, 65, 78, 75, 160, 73, 122, 200, 40, 53, 14, 5, 21, 166, 171, 102, 57, 170, 103, 106, 59, 55, 97, 45, 18, 62, 176, 34, 11, 43, 24, 173, 110, 15, 158, 38, 105, 13, 153, 51, 72, 130, 114, 60, 104, 39, 17, 47, 91, 33, 76, 140, 25, 152, 179, 66, 2, 8, 100, 155, 107, 125, 146, 87, 36, 89, 6, 20, 37, 143, 193, 3, 58, 71, 30, 23, 92, 16, 27, 86, 81, 7, 52, 199, 115, 77, 145, 151, 74, 139, 121, 148, 19, 95, 50, 12, 48, 96, 70, 28, 98, 141, 109, 44, 111, 150, 113, 168, 108, 191, 157, 134, 163, 79, 137, 132, 49, 124, 127, 85, 178, 162, 56, 188, 22, 4, 99, 68, 123, 90, 147, 174, 189, 169, 63, 136, 80, 156, 94, 177, 9, 46, 84, 159, 88, 186, 182, 31, 29, 194, 144, 172, 83, 118, 181, 133, 196, 167, 67, 175, 184, 164, 165, 120, 101, 135, 161, 128, 112, 126, 93, 180, 154, 116, 82, 142, 187, 192, 185, 183, 190]项目工期为：477.0；项目成本为：215156.5000000002
染色体结构为:
[119, 1, 26, 64, 138, 61, 10, 42, 117, 41, 131, 195, 32, 149, 35, 197, 129, 54, 198, 78, 69, 65, 73, 160, 75, 200, 53, 122, 5, 40, 166, 14, 21, 171, 57, 102, 103, 170, 55, 97, 106, 18, 45, 59, 62, 176, 43, 24, 11, 110, 34, 158, 38, 15, 173, 72, 13, 105, 153, 130, 104, 51, 17, 47, 60, 33, 114, 140, 91, 76, 39, 152, 25, 155, 66, 179, 107, 2, 8, 125, 100, 146, 89, 36, 87, 3, 6, 143, 20, 193, 37, 71, 58, 92, 16, 23, 30, 86, 7, 27, 52, 81, 77, 199, 115, 74, 145, 151, 139, 121, 148, 19, 28, 95, 50, 12, 96, 48, 98, 70, 109, 141, 44, 111, 113, 168, 150, 157, 163, 108, 191, 79, 132, 49, 134, 137, 162, 124, 85, 127, 178, 188, 123, 56, 22, 99, 147, 68, 4, 189, 90, 136, 174, 169, 80, 63, 177, 94, 84, 156, 9, 46, 159, 88, 194, 186, 172, 31, 29, 196, 118, 83, 167, 181, 67, 133, 101, 184, 165, 93, 116, 144, 175, 182, 164, 120, 135, 161, 128, 154, 126, 112, 180, 142, 82, 192, 187, 183, 185, 190]项目工期为：563.0；项目成本为：201947.9000000001
染色体结构为:
[1, 119, 26, 138, 10, 64, 61, 117, 41, 42, 32, 131, 35, 195, 149, 54, 197, 129, 198, 78, 69, 73, 75, 65, 160, 200, 122, 40, 5, 53, 14, 166, 21, 171, 102, 103, 57, 170, 106, 59, 45, 55, 97, 62, 18, 176, 43, 34, 173, 11, 110, 24, 15, 158, 38, 105, 13, 72, 153, 130, 51, 114, 104, 60, 39, 17, 91, 47, 33, 76, 140, 25, 152, 179, 66, 155, 8, 2, 125, 107, 100, 146, 87, 89, 36, 6, 143, 20, 3, 37, 193, 58, 23, 92, 71, 30, 16, 86, 27, 81, 7, 199, 52, 145, 77, 115, 74, 151, 121, 139, 95, 19, 12, 148, 48, 50, 28, 96, 70, 98, 168, 141, 109, 44, 111, 150, 191, 108, 113, 163, 157, 79, 134, 132, 137, 85, 49, 162, 127, 124, 56, 178, 22, 188, 123, 99, 4, 68, 147, 90, 174, 189, 80, 136, 169, 63, 177, 94, 84, 46, 88, 159, 156, 9, 194, 186, 172, 31, 196, 118, 29, 83, 167, 133, 181, 184, 67, 165, 175, 144, 182, 101, 164, 120, 135, 161, 128, 112, 126, 93, 154, 180, 116, 82, 187, 142, 192, 185, 183, 190]项目工期为：546.0；项目成本为：204036.8000000002
染色体结构为:
[1, 119, 26, 138, 64, 10, 61, 117, 41, 42, 131, 32, 35, 195, 149, 54, 197, 198, 129, 78, 69, 73, 75, 65, 160, 200, 40, 122, 5, 14, 166, 53, 21, 171, 102, 103, 57, 170, 106, 59, 45, 55, 62, 97, 176, 18, 43, 34, 173, 11, 110, 24, 15, 158, 38, 105, 13, 72, 130, 153, 51, 114, 104, 60, 39, 17, 91, 33, 47, 76, 25, 152, 140, 66, 179, 155, 8, 2, 125, 107, 100, 146, 87, 89, 36, 20, 6, 143, 3, 37, 193, 23, 58, 92, 71, 16, 30, 86, 27, 81, 7, 199, 52, 145, 77, 115, 74, 139, 151, 121, 95, 19, 148, 12, 48, 28, 50, 96, 70, 98, 141, 168, 44, 111, 109, 150, 191, 108, 113, 157, 163, 79, 134, 132, 137, 85, 49, 162, 127, 124, 56, 178, 22, 188, 123, 4, 99, 68, 147, 90, 189, 174, 136, 169, 80, 63, 177, 94, 84, 46, 88, 159, 156, 9, 194, 186, 172, 31, 118, 196, 29, 167, 83, 133, 181, 67, 184, 175, 165, 182, 144, 164, 101, 120, 135, 161, 128, 112, 126, 93, 154, 180, 116, 82, 187, 142, 192, 185, 183, 190]项目工期为：545.0；项目成本为：205004.90000000014
染色体结构为:
[1, 119, 42, 26, 61, 64, 138, 131, 10, 117, 35, 41, 32, 195, 197, 149, 198, 78, 54, 69, 129, 200, 73, 65, 160, 75, 122, 53, 21, 40, 166, 5, 57, 102, 14, 171, 170, 103, 106, 59, 38, 140, 25, 66, 15, 152, 179, 155, 8, 125, 114, 107, 55, 2, 130, 33, 100, 146, 45, 87, 24, 89, 6, 76, 143, 36, 3, 173, 20, 11, 72, 37, 193, 145, 92, 12, 19, 148, 97, 74, 34, 176, 18, 43, 110, 13, 62, 153, 105, 158, 104, 47, 51, 60, 17, 71, 58, 39, 91, 50, 77, 79, 151, 139, 16, 48, 199, 23, 4, 121, 68, 86, 115, 7, 95, 70, 111, 150, 113, 96, 28, 191, 157, 108, 134, 44, 168, 132, 81, 56, 124, 123, 163, 49, 27, 99, 90, 141, 174, 136, 188, 63, 94, 156, 9, 80, 127, 177, 46, 52, 84, 159, 186, 88, 30, 194, 98, 29, 169, 172, 31, 178, 189, 85, 109, 196, 118, 133, 83, 167, 67, 181, 184, 137, 144, 175, 165, 147, 135, 22, 182, 101, 120, 82, 128, 164, 161, 93, 116, 112, 180, 142, 162, 187, 126, 183, 192, 185, 154, 190]项目工期为：352.0；项目成本为：257519.90000000002
染色体结构为:
[26, 1, 64, 10, 119, 61, 42, 138, 131, 32, 117, 195, 197, 41, 35, 149, 78, 54, 198, 129, 69, 73, 65, 200, 75, 160, 122, 40, 53, 5, 166, 14, 21, 171, 57, 102, 170, 103, 106, 55, 97, 59, 18, 45, 62, 43, 24, 176, 11, 110, 34, 158, 173, 38, 15, 72, 105, 13, 104, 153, 130, 17, 60, 47, 114, 33, 51, 39, 140, 76, 91, 152, 25, 155, 66, 179, 2, 8, 107, 125, 100, 146, 89, 36, 143, 87, 20, 3, 6, 37, 193, 71, 58, 23, 92, 16, 30, 86, 81, 7, 27, 199, 145, 115, 77, 74, 52, 151, 121, 139, 19, 95, 148, 48, 50, 12, 28, 70, 96, 141, 98, 44, 109, 113, 111, 150, 168, 157, 108, 191, 163, 134, 132, 79, 137, 85, 49, 124, 127, 178, 162, 56, 188, 99, 22, 68, 4, 90, 123, 147, 169, 174, 189, 136, 63, 156, 80, 94, 177, 46, 9, 84, 159, 186, 88, 182, 194, 31, 29, 144, 172, 118, 181, 83, 196, 67, 133, 135, 165, 184, 167, 93, 175, 101, 120, 116, 161, 164, 128, 112, 126, 82, 180, 142, 192, 154, 187, 183, 190, 185]项目工期为：452.0；项目成本为：219814.6000000001
MID=2.1646382200445475
DM=60502.34149758151
SNS=0.2250966313496356
SM=0.5774659655372832
3.577775944640218E-5
67
共计用时：13秒
