染色体结构为:
[149, 75, 7, 53, 44, 55, 15, 165, 26, 122, 95, 92, 60, 51, 148, 20, 13, 25, 87, 154, 183, 39, 1, 32, 31, 21, 41, 11, 120, 91, 89, 5, 197, 129, 57, 132, 126, 117, 163, 45, 27, 131, 81, 178, 82, 28, 62, 8, 50, 78, 96, 199, 157, 158, 146, 6, 16, 65, 118, 33, 111, 10, 37, 69, 43, 159, 17, 143, 195, 113, 18, 153, 66, 49, 174, 22, 105, 74, 167, 86, 47, 85, 102, 156, 36, 46, 109, 79, 30, 48, 168, 98, 176, 107, 59, 99, 130, 106, 63, 151, 54, 42, 171, 128, 133, 73, 35, 64, 2, 150, 84, 116, 9, 70, 58, 97, 180, 112, 83, 145, 38, 134, 103, 124, 173, 193, 119, 121, 76, 14, 142, 24, 104, 136, 101, 189, 12, 4, 19, 181, 94, 161, 192, 100, 182, 34, 114, 123, 3, 138, 71, 80, 72, 194, 198, 61, 196, 164, 137, 141, 166, 29, 68, 40, 23, 140, 172, 175, 135, 177, 162, 127, 169, 186, 155, 108, 90, 144, 190, 184, 152, 52, 77, 147, 93, 179, 185, 187, 56, 125, 110, 188, 115, 160, 200, 67, 139, 170, 191, 88]项目工期为：335.0；项目成本为：241760.59999999995
染色体结构为:
[91, 129, 89, 57, 197, 132, 126, 53, 60, 117, 45, 154, 163, 131, 27, 81, 178, 82, 28, 62, 5, 8, 122, 96, 26, 50, 78, 199, 157, 158, 146, 55, 6, 16, 118, 111, 65, 10, 33, 1, 148, 37, 69, 41, 17, 43, 39, 13, 159, 143, 195, 18, 113, 66, 153, 49, 22, 105, 174, 21, 15, 86, 74, 167, 85, 102, 47, 46, 36, 156, 95, 183, 109, 32, 30, 48, 79, 168, 25, 44, 98, 176, 107, 59, 99, 51, 106, 130, 63, 165, 92, 31, 151, 54, 171, 42, 128, 133, 73, 35, 64, 2, 116, 84, 9, 150, 58, 70, 97, 180, 83, 112, 145, 134, 38, 173, 11, 103, 193, 120, 124, 76, 119, 142, 149, 14, 121, 7, 24, 104, 136, 189, 101, 12, 19, 4, 94, 181, 192, 161, 20, 100, 34, 114, 75, 182, 71, 123, 3, 138, 80, 194, 72, 61, 196, 198, 87, 164, 137, 141, 166, 29, 68, 23, 172, 175, 40, 140, 135, 177, 127, 162, 186, 169, 155, 108, 90, 144, 190, 184, 152, 147, 200, 160, 67, 77, 179, 188, 93, 187, 125, 139, 170, 115, 52, 88, 185, 56, 110, 191]项目工期为：291.0；项目成本为：261586.29999999996
染色体结构为:
[91, 89, 129, 197, 57, 132, 126, 53, 60, 117, 45, 163, 154, 27, 131, 178, 81, 82, 62, 28, 5, 8, 122, 96, 50, 26, 78, 199, 157, 158, 55, 146, 6, 16, 118, 33, 111, 65, 10, 1, 148, 69, 37, 41, 43, 17, 39, 13, 143, 159, 195, 18, 113, 66, 153, 49, 174, 22, 105, 15, 21, 86, 74, 85, 167, 46, 102, 47, 36, 95, 156, 109, 183, 30, 48, 168, 32, 79, 44, 25, 98, 176, 107, 59, 99, 51, 106, 130, 165, 63, 92, 31, 151, 54, 171, 42, 128, 73, 133, 2, 35, 116, 64, 84, 150, 9, 58, 70, 97, 180, 112, 83, 145, 134, 38, 173, 11, 193, 120, 103, 124, 119, 142, 121, 76, 149, 14, 7, 104, 24, 136, 189, 101, 12, 4, 19, 181, 94, 20, 161, 192, 100, 34, 75, 182, 114, 71, 123, 3, 138, 80, 194, 72, 196, 61, 198, 87, 164, 137, 166, 29, 141, 68, 23, 40, 172, 175, 140, 135, 177, 127, 162, 169, 186, 155, 108, 144, 90, 190, 184, 152, 200, 147, 160, 67, 77, 179, 188, 93, 187, 125, 139, 170, 115, 52, 88, 56, 185, 110, 191]项目工期为：276.0；项目成本为：266132.30000000005
染色体结构为:
[149, 53, 75, 7, 55, 122, 15, 44, 95, 165, 92, 26, 60, 51, 154, 20, 62, 25, 148, 18, 183, 156, 105, 49, 85, 31, 36, 39, 32, 120, 21, 41, 151, 5, 82, 138, 134, 11, 123, 58, 57, 84, 124, 13, 100, 116, 91, 178, 16, 27, 63, 184, 86, 29, 47, 28, 35, 8, 167, 81, 111, 153, 89, 168, 52, 37, 117, 109, 98, 194, 1, 158, 14, 157, 34, 146, 70, 174, 43, 197, 136, 133, 99, 114, 131, 186, 73, 192, 97, 119, 199, 113, 2, 127, 30, 126, 79, 48, 33, 10, 107, 59, 118, 106, 176, 65, 102, 143, 38, 130, 150, 129, 145, 96, 45, 3, 4, 163, 103, 23, 46, 17, 64, 9, 93, 50, 6, 19, 12, 69, 152, 193, 87, 42, 108, 147, 164, 78, 94, 112, 179, 101, 185, 104, 196, 182, 77, 132, 198, 66, 135, 142, 195, 166, 54, 128, 171, 173, 83, 180, 76, 121, 189, 22, 24, 181, 177, 161, 72, 190, 56, 125, 172, 187, 80, 90, 40, 110, 115, 159, 162, 188, 74, 71, 200, 68, 169, 141, 140, 61, 144, 155, 160, 137, 67, 175, 139, 170, 191, 88]项目工期为：393.0；项目成本为：222778.20000000007
染色体结构为:
[53, 149, 75, 44, 7, 15, 55, 122, 165, 92, 95, 26, 60, 51, 154, 148, 62, 20, 18, 25, 156, 49, 183, 105, 85, 36, 39, 31, 32, 41, 120, 151, 21, 5, 82, 138, 134, 11, 123, 84, 124, 57, 100, 13, 58, 16, 178, 91, 116, 63, 86, 184, 27, 47, 29, 35, 28, 8, 167, 153, 111, 81, 168, 52, 89, 117, 37, 194, 109, 98, 1, 157, 14, 158, 34, 146, 70, 174, 43, 133, 197, 114, 136, 99, 186, 73, 131, 119, 192, 97, 199, 2, 127, 113, 48, 79, 126, 33, 30, 107, 10, 118, 106, 59, 65, 176, 102, 143, 130, 38, 129, 150, 145, 3, 96, 4, 45, 163, 103, 17, 23, 46, 6, 64, 50, 93, 69, 9, 19, 152, 12, 108, 193, 87, 147, 42, 78, 94, 164, 179, 112, 101, 185, 104, 77, 196, 132, 182, 198, 135, 66, 166, 142, 195, 54, 171, 173, 128, 83, 180, 121, 24, 76, 189, 181, 22, 161, 72, 172, 125, 190, 177, 187, 80, 90, 56, 188, 110, 115, 40, 74, 162, 159, 68, 200, 169, 141, 71, 61, 137, 175, 191, 88, 160, 140, 144, 67, 155, 139, 170]项目工期为：392.0；项目成本为：224387.79999999996
染色体结构为:
[91, 89, 129, 197, 57, 132, 126, 53, 60, 117, 45, 163, 154, 27, 131, 178, 81, 82, 28, 62, 5, 8, 122, 96, 50, 26, 78, 199, 157, 158, 55, 146, 6, 16, 118, 111, 33, 65, 10, 1, 148, 69, 37, 41, 43, 17, 39, 143, 13, 195, 159, 18, 66, 113, 153, 49, 174, 105, 22, 15, 21, 86, 74, 85, 167, 46, 102, 47, 95, 36, 156, 109, 183, 30, 48, 168, 32, 79, 44, 25, 98, 176, 107, 59, 99, 51, 106, 130, 165, 63, 92, 31, 151, 54, 171, 42, 128, 73, 133, 2, 35, 116, 64, 84, 150, 9, 58, 70, 97, 180, 112, 83, 145, 134, 38, 173, 11, 193, 120, 103, 124, 119, 142, 121, 76, 14, 149, 7, 104, 24, 136, 189, 101, 12, 4, 19, 94, 20, 181, 161, 192, 100, 34, 75, 182, 114, 71, 123, 3, 138, 194, 80, 72, 196, 61, 198, 87, 164, 137, 166, 29, 141, 68, 23, 40, 172, 175, 140, 135, 177, 127, 162, 169, 186, 155, 144, 108, 90, 190, 152, 200, 184, 147, 160, 67, 77, 179, 188, 93, 187, 125, 139, 170, 115, 52, 88, 185, 56, 110, 191]项目工期为：274.0；项目成本为：268217.0
染色体结构为:
[53, 149, 55, 44, 7, 122, 75, 15, 165, 92, 95, 26, 148, 51, 60, 154, 25, 62, 20, 18, 156, 183, 49, 105, 85, 36, 39, 31, 32, 120, 41, 5, 82, 21, 123, 138, 151, 124, 134, 11, 57, 58, 84, 13, 100, 116, 91, 16, 178, 27, 86, 63, 184, 35, 29, 47, 28, 167, 8, 111, 153, 81, 168, 89, 52, 194, 37, 117, 109, 98, 158, 1, 34, 157, 14, 146, 70, 174, 43, 136, 99, 197, 114, 133, 131, 186, 73, 192, 199, 97, 119, 113, 48, 2, 127, 126, 30, 33, 118, 79, 10, 107, 59, 106, 176, 65, 102, 143, 38, 130, 150, 129, 96, 3, 145, 45, 163, 23, 4, 46, 103, 17, 50, 64, 9, 93, 6, 19, 12, 193, 69, 152, 87, 108, 42, 147, 78, 94, 164, 179, 101, 112, 185, 182, 196, 104, 77, 198, 132, 195, 66, 166, 135, 142, 171, 54, 128, 173, 83, 180, 76, 121, 189, 22, 181, 177, 161, 24, 190, 172, 56, 72, 125, 187, 40, 80, 90, 115, 110, 159, 162, 74, 68, 188, 71, 200, 141, 169, 140, 61, 144, 137, 160, 155, 175, 67, 139, 191, 170, 88]项目工期为：362.0；项目成本为：232512.5000000001
染色体结构为:
[129, 91, 57, 89, 197, 126, 75, 132, 55, 149, 15, 7, 53, 44, 92, 165, 26, 60, 95, 122, 51, 148, 20, 62, 154, 18, 183, 25, 156, 49, 36, 85, 39, 105, 31, 41, 32, 120, 21, 82, 134, 11, 138, 151, 5, 123, 84, 124, 58, 100, 178, 116, 13, 16, 63, 47, 29, 86, 27, 184, 35, 153, 28, 8, 167, 81, 111, 168, 37, 117, 52, 98, 109, 1, 157, 194, 174, 34, 70, 14, 146, 158, 133, 43, 114, 131, 99, 136, 186, 73, 97, 192, 119, 127, 199, 30, 113, 2, 48, 145, 33, 96, 193, 59, 150, 69, 6, 195, 166, 4, 142, 77, 46, 3, 78, 94, 182, 152, 65, 12, 50, 87, 118, 10, 79, 106, 102, 176, 107, 143, 171, 54, 130, 42, 45, 128, 38, 9, 83, 64, 173, 112, 180, 103, 163, 76, 24, 17, 189, 19, 101, 121, 22, 104, 181, 161, 72, 190, 23, 172, 66, 185, 177, 125, 56, 187, 80, 135, 108, 90, 188, 198, 40, 115, 147, 93, 164, 196, 179, 74, 162, 200, 110, 169, 68, 159, 141, 140, 71, 155, 144, 61, 67, 88, 137, 160, 139, 170, 191, 175]项目工期为：323.0；项目成本为：246778.69999999998
染色体结构为:
[197, 38, 70, 36, 51, 41, 122, 55, 129, 60, 25, 183, 48, 126, 123, 96, 44, 75, 53, 149, 27, 15, 165, 7, 95, 26, 154, 92, 18, 148, 20, 156, 62, 85, 49, 105, 39, 32, 31, 120, 151, 11, 21, 82, 134, 5, 84, 138, 124, 57, 58, 13, 100, 116, 178, 16, 63, 47, 91, 86, 29, 184, 35, 8, 28, 167, 111, 153, 89, 168, 81, 52, 37, 117, 157, 98, 109, 174, 194, 146, 14, 1, 158, 43, 34, 133, 99, 114, 136, 186, 192, 73, 97, 131, 199, 127, 119, 30, 2, 113, 33, 145, 59, 193, 6, 69, 150, 195, 166, 4, 77, 142, 3, 46, 78, 182, 94, 50, 152, 65, 87, 12, 176, 118, 10, 79, 102, 107, 106, 54, 143, 130, 128, 42, 9, 171, 64, 83, 45, 112, 180, 132, 173, 103, 163, 17, 76, 24, 104, 121, 19, 101, 189, 22, 66, 161, 181, 72, 177, 23, 172, 190, 56, 185, 80, 135, 125, 188, 187, 108, 93, 164, 147, 196, 198, 179, 90, 40, 115, 74, 110, 162, 159, 200, 169, 68, 141, 140, 71, 61, 155, 144, 137, 160, 175, 67, 191, 88, 139, 170]项目工期为：366.0；项目成本为：231686.00000000003
染色体结构为:
[149, 53, 55, 44, 7, 122, 75, 15, 165, 92, 26, 95, 148, 51, 60, 25, 154, 62, 20, 18, 156, 183, 49, 105, 36, 85, 39, 31, 32, 120, 41, 5, 82, 21, 138, 123, 151, 124, 134, 11, 57, 58, 84, 13, 100, 116, 16, 91, 27, 178, 86, 63, 184, 35, 29, 47, 28, 167, 8, 111, 153, 81, 168, 89, 52, 194, 117, 37, 109, 158, 1, 98, 34, 157, 146, 14, 70, 174, 43, 136, 99, 197, 114, 133, 131, 186, 73, 192, 199, 119, 97, 113, 48, 2, 127, 126, 30, 33, 79, 118, 10, 107, 59, 106, 176, 65, 143, 102, 38, 130, 150, 129, 96, 3, 145, 45, 163, 23, 46, 4, 103, 17, 50, 64, 9, 93, 6, 19, 12, 193, 69, 152, 108, 87, 42, 147, 78, 94, 164, 179, 101, 112, 185, 182, 196, 104, 198, 77, 132, 195, 66, 166, 142, 135, 171, 54, 173, 128, 83, 180, 76, 121, 189, 22, 181, 177, 161, 24, 190, 56, 172, 72, 125, 40, 187, 80, 90, 115, 110, 159, 162, 74, 68, 188, 71, 141, 200, 169, 140, 61, 144, 137, 160, 155, 175, 67, 139, 170, 191, 88]项目工期为：349.0；项目成本为：234018.70000000007
染色体结构为:
[75, 53, 149, 44, 55, 7, 15, 122, 165, 92, 95, 26, 148, 51, 60, 154, 62, 25, 20, 18, 156, 183, 49, 105, 85, 36, 39, 31, 32, 120, 21, 5, 41, 82, 151, 123, 134, 138, 124, 11, 84, 57, 58, 13, 116, 16, 100, 91, 178, 86, 27, 63, 184, 35, 29, 47, 28, 167, 8, 111, 153, 81, 168, 89, 52, 37, 194, 109, 117, 98, 158, 1, 157, 34, 14, 146, 70, 174, 43, 136, 197, 99, 133, 114, 131, 186, 73, 192, 97, 199, 113, 119, 2, 48, 127, 30, 126, 33, 79, 10, 107, 118, 59, 106, 176, 65, 102, 143, 38, 130, 150, 129, 96, 3, 145, 45, 163, 4, 23, 46, 103, 17, 64, 50, 9, 93, 6, 19, 12, 69, 193, 152, 87, 108, 147, 42, 78, 94, 164, 179, 112, 185, 104, 101, 182, 196, 198, 77, 132, 66, 166, 195, 135, 142, 171, 54, 128, 83, 173, 180, 76, 121, 189, 22, 177, 181, 161, 24, 56, 190, 72, 172, 125, 187, 40, 80, 90, 110, 115, 159, 162, 74, 68, 188, 71, 200, 169, 141, 140, 144, 61, 137, 155, 160, 175, 67, 139, 191, 170, 88]项目工期为：374.0；项目成本为：228392.30000000016
染色体结构为:
[53, 75, 149, 44, 7, 55, 15, 122, 26, 60, 165, 92, 154, 95, 20, 51, 148, 18, 62, 25, 156, 183, 36, 105, 49, 41, 21, 39, 32, 85, 31, 151, 82, 5, 109, 138, 120, 11, 134, 123, 84, 100, 124, 57, 13, 116, 58, 16, 178, 27, 91, 184, 86, 47, 63, 29, 35, 8, 167, 28, 153, 81, 111, 89, 168, 37, 117, 52, 1, 194, 98, 70, 197, 129, 38, 126, 48, 96, 14, 158, 157, 174, 34, 146, 43, 136, 114, 133, 131, 186, 99, 192, 73, 97, 119, 2, 199, 113, 30, 127, 79, 33, 118, 107, 10, 59, 65, 106, 176, 143, 102, 130, 150, 3, 45, 145, 4, 23, 163, 103, 46, 17, 64, 50, 9, 6, 93, 19, 69, 152, 12, 193, 108, 147, 87, 42, 164, 78, 94, 112, 101, 179, 104, 185, 196, 77, 182, 198, 132, 195, 66, 135, 142, 166, 54, 171, 173, 83, 128, 76, 180, 121, 189, 24, 181, 22, 177, 161, 72, 56, 190, 125, 187, 172, 80, 40, 110, 90, 159, 162, 188, 115, 74, 68, 71, 200, 141, 169, 140, 144, 155, 61, 137, 175, 160, 67, 139, 191, 170, 88]项目工期为：414.0；项目成本为：217382.8000000001
染色体结构为:
[53, 55, 75, 149, 44, 7, 15, 122, 92, 165, 95, 51, 26, 148, 62, 20, 154, 60, 156, 18, 25, 183, 105, 85, 49, 32, 39, 31, 120, 41, 36, 151, 21, 82, 5, 138, 11, 134, 123, 84, 100, 57, 13, 124, 58, 178, 116, 16, 91, 63, 29, 27, 184, 86, 35, 47, 28, 8, 167, 111, 81, 153, 52, 37, 89, 168, 117, 109, 98, 1, 194, 14, 157, 34, 158, 174, 133, 70, 146, 43, 136, 197, 114, 99, 126, 96, 145, 186, 48, 30, 73, 33, 10, 118, 131, 192, 199, 97, 119, 127, 59, 2, 113, 6, 193, 69, 166, 150, 195, 4, 77, 142, 38, 129, 106, 176, 79, 107, 65, 102, 143, 3, 130, 45, 163, 50, 23, 103, 17, 46, 93, 64, 19, 12, 9, 87, 108, 147, 42, 152, 164, 94, 179, 78, 112, 101, 104, 196, 185, 182, 198, 132, 66, 135, 54, 128, 173, 171, 83, 76, 180, 121, 189, 24, 22, 177, 181, 72, 161, 56, 190, 172, 125, 187, 80, 90, 110, 40, 159, 162, 115, 74, 188, 68, 71, 200, 169, 141, 140, 144, 155, 61, 137, 175, 160, 67, 139, 191, 88, 170]项目工期为：438.0；项目成本为：210988.00000000015
染色体结构为:
[149, 75, 7, 53, 44, 55, 15, 165, 26, 122, 95, 60, 51, 92, 148, 13, 25, 20, 87, 154, 183, 1, 39, 32, 31, 21, 41, 11, 120, 91, 89, 5, 129, 197, 57, 132, 126, 117, 163, 45, 131, 27, 81, 178, 82, 28, 62, 8, 50, 96, 78, 199, 157, 146, 6, 158, 16, 65, 118, 33, 10, 37, 111, 43, 69, 159, 17, 143, 195, 113, 153, 66, 18, 49, 174, 22, 167, 105, 74, 86, 47, 85, 102, 46, 156, 36, 79, 109, 30, 48, 168, 98, 176, 107, 59, 130, 99, 106, 151, 63, 54, 42, 171, 128, 133, 73, 35, 64, 116, 84, 2, 150, 9, 70, 97, 58, 180, 83, 145, 112, 38, 103, 134, 124, 173, 119, 193, 76, 121, 14, 142, 24, 104, 189, 101, 136, 4, 12, 19, 181, 94, 161, 100, 192, 34, 114, 182, 3, 123, 138, 71, 80, 194, 72, 196, 198, 61, 137, 164, 141, 166, 68, 29, 23, 40, 172, 140, 175, 135, 177, 127, 169, 162, 155, 186, 108, 90, 144, 190, 184, 152, 147, 200, 52, 77, 179, 185, 56, 93, 125, 187, 110, 188, 115, 160, 67, 139, 170, 88, 191]项目工期为：296.0；项目成本为：257131.99999999997
染色体结构为:
[75, 7, 149, 53, 55, 15, 44, 165, 92, 26, 60, 122, 148, 51, 95, 20, 18, 62, 25, 154, 156, 183, 36, 49, 85, 105, 32, 39, 41, 31, 21, 5, 120, 82, 11, 134, 138, 151, 84, 124, 123, 58, 57, 13, 178, 100, 16, 63, 116, 91, 47, 86, 29, 27, 35, 184, 8, 28, 153, 167, 89, 111, 81, 168, 117, 52, 37, 109, 98, 157, 174, 34, 194, 14, 1, 70, 146, 197, 158, 43, 114, 131, 133, 136, 73, 192, 99, 97, 186, 119, 127, 199, 30, 113, 48, 2, 126, 33, 145, 193, 150, 96, 59, 69, 6, 195, 142, 166, 4, 77, 129, 46, 3, 78, 94, 182, 50, 65, 152, 12, 10, 87, 118, 79, 176, 102, 106, 171, 143, 130, 107, 54, 42, 128, 45, 38, 9, 64, 83, 180, 112, 132, 173, 103, 76, 163, 24, 121, 17, 19, 189, 101, 104, 22, 181, 161, 23, 72, 66, 172, 190, 185, 177, 125, 56, 187, 80, 135, 108, 188, 90, 198, 115, 40, 74, 110, 169, 162, 159, 68, 200, 164, 71, 140, 141, 144, 147, 196, 93, 61, 155, 179, 67, 160, 137, 175, 191, 139, 170, 88]项目工期为：313.0；项目成本为：250721.7
染色体结构为:
[57, 89, 129, 91, 132, 126, 197, 55, 149, 75, 7, 53, 44, 15, 165, 26, 92, 122, 60, 51, 20, 148, 154, 95, 18, 62, 183, 25, 156, 85, 49, 36, 105, 39, 31, 32, 41, 21, 120, 82, 11, 5, 134, 151, 138, 123, 84, 178, 58, 124, 100, 16, 13, 63, 116, 86, 47, 27, 29, 184, 35, 153, 8, 167, 28, 81, 111, 168, 52, 37, 117, 109, 98, 194, 1, 157, 174, 34, 14, 146, 158, 133, 70, 43, 136, 99, 114, 131, 186, 97, 73, 192, 119, 199, 127, 30, 113, 2, 145, 48, 33, 96, 150, 59, 69, 193, 6, 195, 166, 142, 4, 77, 46, 3, 78, 94, 182, 152, 65, 50, 87, 12, 118, 10, 79, 106, 102, 143, 176, 54, 107, 171, 42, 130, 45, 128, 38, 173, 9, 64, 83, 180, 112, 103, 76, 24, 163, 17, 189, 101, 19, 121, 22, 104, 161, 181, 72, 66, 190, 23, 172, 185, 177, 125, 56, 80, 187, 135, 108, 198, 188, 90, 40, 115, 164, 147, 93, 196, 74, 179, 162, 110, 169, 68, 200, 159, 141, 140, 71, 155, 144, 88, 61, 67, 137, 160, 139, 170, 191, 175]项目工期为：312.0；项目成本为：251485.9
染色体结构为:
[91, 89, 129, 197, 57, 132, 126, 53, 60, 117, 45, 163, 154, 27, 131, 178, 81, 82, 62, 28, 5, 8, 122, 96, 50, 26, 78, 199, 157, 55, 158, 146, 6, 16, 118, 111, 33, 65, 10, 1, 148, 69, 37, 41, 43, 17, 39, 13, 143, 159, 195, 18, 113, 66, 153, 49, 174, 22, 105, 15, 21, 86, 74, 85, 167, 46, 102, 47, 36, 95, 109, 156, 30, 183, 48, 168, 32, 79, 44, 25, 176, 107, 98, 59, 99, 51, 106, 130, 165, 63, 92, 151, 54, 31, 171, 42, 128, 73, 133, 2, 35, 116, 64, 84, 150, 9, 58, 70, 97, 180, 112, 83, 145, 134, 38, 173, 11, 193, 120, 103, 124, 142, 119, 121, 76, 149, 14, 7, 24, 104, 136, 189, 101, 12, 4, 19, 181, 94, 161, 20, 192, 100, 34, 75, 182, 114, 71, 3, 123, 138, 80, 194, 72, 196, 61, 87, 198, 164, 137, 166, 29, 141, 68, 23, 40, 172, 175, 140, 135, 177, 127, 162, 169, 186, 155, 144, 108, 90, 190, 152, 184, 200, 147, 160, 77, 67, 188, 179, 93, 187, 125, 139, 170, 115, 52, 88, 56, 185, 110, 191]项目工期为：269.0；项目成本为：271242.30000000005
染色体结构为:
[126, 60, 183, 55, 25, 44, 48, 123, 96, 145, 197, 73, 27, 18, 98, 59, 33, 95, 89, 193, 157, 6, 14, 85, 148, 81, 51, 122, 69, 150, 5, 195, 7, 91, 153, 166, 37, 20, 92, 4, 142, 1, 77, 8, 167, 194, 46, 184, 129, 3, 156, 100, 114, 149, 58, 182, 113, 16, 174, 78, 154, 94, 65, 32, 168, 9, 143, 75, 15, 57, 29, 86, 116, 132, 64, 82, 2, 11, 163, 84, 17, 118, 165, 109, 53, 26, 45, 131, 117, 178, 62, 28, 199, 146, 158, 50, 111, 41, 13, 159, 10, 66, 43, 39, 22, 49, 105, 102, 74, 21, 36, 30, 47, 176, 99, 107, 63, 106, 79, 130, 31, 171, 151, 42, 54, 128, 70, 133, 35, 83, 97, 180, 134, 112, 38, 173, 103, 124, 119, 120, 76, 101, 104, 24, 121, 12, 189, 19, 136, 192, 181, 161, 80, 34, 52, 138, 179, 56, 93, 72, 164, 110, 108, 169, 90, 162, 177, 198, 196, 23, 61, 172, 135, 137, 40, 191, 147, 87, 71, 200, 68, 160, 67, 175, 139, 125, 141, 140, 186, 127, 185, 190, 144, 187, 152, 88, 170, 115, 155, 188]项目工期为：307.0；项目成本为：252132.80000000005
染色体结构为:
[149, 53, 75, 15, 44, 7, 55, 122, 165, 95, 60, 92, 26, 51, 154, 148, 62, 20, 18, 156, 25, 49, 183, 105, 36, 85, 39, 31, 32, 41, 151, 120, 5, 21, 82, 138, 11, 134, 84, 123, 124, 100, 57, 13, 58, 16, 178, 116, 63, 86, 91, 184, 27, 47, 29, 35, 28, 8, 167, 153, 111, 81, 168, 52, 117, 89, 37, 98, 194, 109, 157, 1, 14, 158, 34, 146, 70, 43, 197, 133, 174, 114, 136, 99, 186, 73, 131, 119, 192, 2, 97, 199, 127, 113, 79, 48, 126, 30, 107, 10, 118, 106, 33, 59, 65, 176, 143, 102, 130, 38, 150, 129, 145, 3, 96, 4, 45, 103, 17, 23, 163, 46, 6, 50, 64, 93, 69, 19, 9, 152, 12, 193, 147, 108, 87, 42, 78, 164, 94, 179, 112, 185, 101, 104, 196, 77, 132, 182, 135, 198, 66, 166, 142, 54, 195, 171, 128, 173, 180, 83, 121, 24, 76, 181, 189, 161, 22, 172, 72, 125, 190, 177, 187, 80, 188, 90, 56, 110, 115, 74, 40, 162, 159, 200, 68, 169, 141, 71, 61, 137, 175, 191, 88, 160, 140, 144, 67, 139, 155, 170]项目工期为：384.0；项目成本为：226224.1
染色体结构为:
[75, 44, 149, 53, 55, 7, 15, 122, 92, 165, 95, 26, 18, 199, 60, 25, 133, 51, 20, 148, 154, 13, 87, 183, 1, 32, 39, 31, 41, 21, 120, 11, 5, 123, 151, 138, 84, 82, 124, 105, 36, 134, 62, 49, 156, 85, 109, 30, 168, 48, 126, 111, 10, 27, 145, 73, 197, 98, 33, 96, 59, 89, 193, 81, 157, 14, 6, 69, 195, 150, 37, 166, 91, 153, 142, 167, 8, 4, 77, 46, 184, 194, 100, 129, 3, 58, 113, 114, 94, 16, 182, 78, 174, 57, 178, 86, 116, 63, 29, 35, 47, 52, 117, 28, 34, 158, 146, 70, 136, 43, 99, 131, 97, 186, 192, 119, 2, 79, 127, 118, 106, 176, 107, 65, 143, 38, 102, 45, 130, 23, 163, 103, 64, 17, 50, 93, 9, 12, 19, 152, 42, 108, 164, 147, 179, 112, 101, 185, 196, 104, 132, 198, 66, 135, 171, 54, 83, 128, 173, 121, 76, 180, 181, 24, 189, 22, 161, 190, 172, 125, 72, 177, 80, 187, 90, 56, 188, 110, 115, 74, 162, 40, 68, 159, 169, 200, 141, 71, 61, 137, 175, 191, 140, 88, 160, 144, 155, 67, 139, 170]项目工期为：336.0；项目成本为：241566.69999999992
染色体结构为:
[126, 60, 183, 55, 25, 44, 48, 123, 96, 197, 145, 73, 27, 18, 98, 59, 95, 33, 193, 89, 157, 14, 6, 85, 148, 81, 51, 122, 69, 5, 150, 195, 7, 91, 153, 37, 20, 166, 92, 4, 142, 1, 77, 167, 8, 194, 46, 184, 129, 156, 3, 100, 114, 149, 58, 182, 113, 16, 174, 154, 78, 94, 65, 32, 168, 9, 75, 143, 15, 57, 29, 86, 116, 132, 64, 82, 2, 11, 163, 84, 17, 118, 165, 109, 53, 26, 45, 131, 117, 178, 62, 28, 199, 146, 50, 111, 158, 41, 13, 10, 159, 66, 43, 39, 22, 105, 49, 102, 74, 21, 36, 30, 47, 176, 99, 107, 63, 106, 79, 130, 31, 171, 151, 42, 54, 128, 70, 133, 35, 83, 97, 180, 134, 112, 38, 173, 103, 124, 119, 120, 76, 101, 104, 24, 121, 12, 189, 19, 136, 181, 192, 161, 80, 34, 52, 138, 179, 56, 93, 72, 164, 110, 108, 169, 90, 162, 177, 198, 196, 23, 61, 172, 135, 137, 40, 191, 147, 87, 200, 71, 68, 160, 67, 175, 139, 125, 141, 140, 186, 127, 185, 190, 144, 187, 152, 88, 170, 115, 155, 188]项目工期为：299.0；项目成本为：254752.70000000007
染色体结构为:
[53, 55, 149, 75, 44, 7, 15, 122, 165, 92, 95, 26, 51, 148, 62, 20, 154, 60, 156, 18, 25, 105, 183, 85, 49, 32, 39, 31, 120, 41, 36, 151, 21, 82, 138, 5, 11, 134, 123, 84, 100, 57, 13, 58, 124, 178, 116, 16, 91, 63, 29, 27, 184, 86, 35, 47, 28, 8, 167, 111, 81, 153, 52, 37, 168, 89, 117, 109, 98, 1, 194, 14, 157, 34, 174, 158, 133, 70, 146, 43, 136, 114, 197, 99, 126, 96, 145, 186, 48, 73, 30, 33, 10, 118, 131, 192, 199, 97, 119, 127, 59, 2, 6, 113, 193, 69, 166, 150, 195, 4, 77, 142, 38, 129, 106, 176, 79, 107, 65, 102, 143, 3, 130, 45, 163, 50, 23, 103, 46, 17, 93, 64, 19, 12, 9, 87, 108, 147, 152, 42, 164, 94, 179, 78, 112, 101, 104, 196, 185, 198, 182, 132, 135, 66, 54, 128, 173, 171, 83, 76, 180, 189, 121, 22, 24, 181, 177, 72, 161, 56, 190, 172, 187, 125, 80, 90, 40, 110, 159, 162, 115, 74, 188, 68, 71, 169, 200, 141, 140, 144, 155, 61, 137, 175, 160, 67, 139, 191, 88, 170]项目工期为：426.0；项目成本为：214338.40000000014
染色体结构为:
[149, 53, 55, 44, 7, 122, 75, 165, 15, 92, 26, 148, 95, 51, 60, 25, 154, 62, 20, 18, 183, 49, 156, 36, 105, 85, 31, 39, 32, 120, 5, 82, 41, 21, 123, 138, 151, 124, 134, 57, 58, 11, 13, 84, 100, 116, 16, 27, 178, 91, 86, 63, 184, 35, 29, 47, 28, 8, 111, 167, 153, 81, 168, 89, 52, 194, 117, 109, 37, 158, 1, 98, 34, 157, 146, 14, 70, 174, 136, 43, 99, 197, 114, 133, 131, 186, 73, 199, 192, 119, 97, 48, 113, 2, 127, 30, 126, 33, 79, 118, 107, 10, 59, 106, 176, 65, 143, 38, 102, 130, 150, 96, 129, 145, 3, 45, 163, 23, 4, 46, 103, 17, 50, 9, 93, 64, 6, 19, 12, 69, 193, 152, 87, 108, 42, 147, 94, 78, 164, 179, 101, 112, 185, 182, 196, 104, 198, 77, 132, 195, 66, 166, 142, 135, 171, 54, 173, 128, 180, 83, 76, 121, 189, 22, 177, 181, 161, 190, 24, 56, 72, 172, 125, 187, 40, 80, 90, 115, 110, 159, 162, 74, 68, 188, 71, 141, 200, 169, 140, 61, 144, 137, 160, 155, 175, 67, 139, 170, 191, 88]项目工期为：343.0；项目成本为：238159.40000000002
染色体结构为:
[53, 55, 75, 149, 44, 15, 7, 122, 92, 165, 95, 51, 26, 148, 62, 20, 154, 60, 156, 25, 18, 183, 105, 49, 85, 32, 39, 31, 41, 36, 120, 151, 21, 82, 138, 5, 11, 123, 134, 100, 84, 57, 13, 124, 58, 178, 116, 16, 63, 91, 29, 27, 184, 35, 86, 47, 8, 28, 167, 111, 81, 153, 52, 37, 89, 168, 109, 117, 98, 1, 194, 14, 34, 157, 158, 133, 174, 146, 70, 43, 136, 197, 114, 99, 96, 126, 145, 186, 48, 30, 33, 73, 10, 118, 131, 192, 199, 97, 119, 127, 59, 2, 6, 113, 193, 69, 166, 195, 4, 150, 142, 38, 77, 129, 106, 176, 79, 65, 107, 102, 3, 45, 143, 130, 163, 50, 23, 17, 103, 93, 46, 64, 12, 19, 9, 87, 108, 42, 147, 152, 164, 94, 179, 78, 112, 101, 104, 196, 185, 182, 132, 198, 66, 135, 54, 128, 173, 171, 83, 76, 180, 121, 189, 22, 24, 177, 181, 161, 72, 190, 56, 125, 172, 187, 80, 110, 90, 40, 162, 159, 115, 74, 68, 188, 71, 169, 200, 141, 140, 155, 144, 61, 137, 160, 175, 67, 139, 191, 88, 170]项目工期为：412.0；项目成本为：218093.40000000014
染色体结构为:
[57, 89, 129, 91, 132, 126, 197, 55, 75, 149, 7, 53, 44, 15, 26, 165, 92, 122, 60, 51, 20, 148, 154, 95, 18, 62, 183, 25, 156, 49, 85, 36, 105, 39, 31, 32, 41, 21, 120, 82, 11, 5, 134, 151, 138, 123, 84, 178, 58, 124, 100, 16, 13, 63, 116, 86, 47, 29, 27, 184, 35, 8, 153, 167, 28, 81, 111, 168, 52, 37, 117, 109, 98, 194, 157, 1, 174, 34, 14, 146, 158, 133, 43, 70, 136, 99, 114, 131, 186, 97, 73, 192, 119, 127, 199, 30, 113, 2, 145, 48, 33, 96, 150, 59, 69, 193, 6, 166, 142, 195, 4, 77, 46, 3, 78, 94, 182, 152, 65, 50, 87, 12, 118, 10, 79, 106, 102, 143, 176, 54, 107, 42, 171, 130, 45, 128, 38, 173, 9, 64, 83, 180, 112, 103, 76, 24, 163, 17, 101, 189, 19, 121, 104, 22, 161, 72, 181, 190, 23, 66, 172, 185, 177, 125, 56, 80, 187, 135, 108, 198, 188, 90, 40, 115, 164, 147, 93, 196, 74, 179, 162, 110, 169, 68, 200, 159, 140, 141, 71, 144, 155, 88, 61, 67, 160, 137, 139, 170, 175, 191]项目工期为：301.0；项目成本为：254299.70000000004
染色体结构为:
[53, 75, 55, 7, 149, 44, 15, 122, 51, 165, 95, 26, 92, 62, 20, 148, 154, 25, 60, 156, 18, 183, 105, 85, 49, 39, 120, 32, 31, 41, 21, 36, 82, 138, 151, 134, 123, 11, 5, 57, 84, 100, 124, 178, 58, 13, 116, 29, 91, 27, 16, 184, 47, 63, 86, 8, 167, 35, 28, 111, 81, 153, 52, 37, 89, 168, 117, 98, 1, 109, 194, 14, 157, 34, 174, 70, 146, 158, 133, 43, 99, 197, 136, 114, 186, 73, 131, 192, 119, 199, 97, 127, 113, 79, 2, 48, 33, 126, 10, 30, 107, 65, 118, 106, 59, 176, 102, 38, 143, 129, 150, 145, 130, 3, 96, 45, 163, 4, 23, 17, 103, 46, 50, 6, 93, 64, 9, 19, 69, 152, 12, 193, 166, 108, 195, 142, 77, 87, 147, 164, 42, 179, 94, 78, 104, 112, 101, 196, 198, 185, 182, 132, 66, 54, 128, 135, 76, 171, 173, 83, 121, 180, 189, 24, 22, 181, 177, 72, 161, 56, 172, 190, 125, 80, 187, 90, 110, 40, 159, 115, 162, 188, 74, 200, 71, 68, 169, 140, 141, 144, 155, 61, 160, 137, 175, 67, 139, 170, 191, 88]项目工期为：463.0；项目成本为：205750.0
染色体结构为:
[149, 53, 44, 75, 7, 15, 55, 122, 165, 95, 92, 60, 26, 51, 154, 148, 62, 20, 18, 25, 156, 49, 183, 105, 36, 85, 39, 31, 32, 41, 120, 151, 21, 5, 82, 138, 134, 11, 84, 123, 124, 57, 100, 13, 58, 178, 16, 91, 116, 63, 86, 184, 27, 47, 29, 35, 28, 167, 8, 153, 111, 81, 168, 52, 89, 117, 37, 194, 98, 109, 1, 157, 14, 158, 146, 34, 70, 174, 43, 114, 133, 136, 197, 186, 131, 99, 73, 192, 119, 97, 199, 2, 127, 113, 79, 126, 48, 33, 30, 10, 107, 118, 59, 106, 65, 176, 102, 143, 38, 150, 129, 96, 130, 145, 4, 3, 163, 45, 23, 17, 46, 103, 50, 64, 6, 93, 9, 19, 69, 12, 193, 152, 166, 108, 142, 195, 77, 147, 87, 42, 164, 179, 78, 94, 112, 104, 185, 101, 196, 182, 198, 132, 66, 135, 54, 128, 173, 171, 83, 76, 180, 189, 121, 24, 22, 181, 177, 72, 161, 56, 172, 190, 125, 80, 187, 90, 110, 40, 115, 159, 188, 71, 74, 162, 200, 68, 141, 169, 140, 144, 61, 155, 137, 175, 160, 67, 191, 139, 170, 88]项目工期为：432.0；项目成本为：211791.30000000005
染色体结构为:
[53, 55, 75, 149, 44, 7, 15, 122, 92, 165, 95, 51, 148, 26, 62, 20, 154, 156, 60, 18, 25, 183, 85, 105, 49, 32, 31, 39, 120, 41, 36, 21, 82, 151, 5, 138, 134, 11, 123, 84, 57, 100, 58, 13, 124, 178, 116, 16, 91, 29, 63, 27, 86, 47, 184, 35, 8, 28, 167, 81, 111, 153, 52, 37, 89, 168, 117, 109, 98, 1, 194, 157, 14, 34, 174, 133, 158, 146, 70, 197, 43, 136, 114, 99, 145, 126, 96, 186, 48, 30, 73, 118, 33, 10, 192, 131, 199, 119, 97, 2, 127, 59, 113, 193, 6, 69, 166, 150, 195, 4, 142, 77, 38, 129, 176, 106, 79, 107, 65, 102, 143, 130, 3, 45, 163, 23, 50, 103, 46, 17, 64, 93, 9, 19, 12, 87, 108, 147, 42, 152, 164, 94, 78, 179, 112, 101, 196, 185, 104, 182, 198, 132, 66, 135, 54, 128, 171, 173, 83, 76, 180, 121, 189, 22, 24, 181, 161, 177, 72, 56, 190, 172, 125, 187, 80, 90, 110, 40, 115, 159, 188, 74, 162, 68, 71, 200, 169, 141, 140, 144, 155, 61, 137, 175, 160, 67, 139, 170, 191, 88]项目工期为：416.0；项目成本为：215861.80000000016
染色体结构为:
[57, 89, 129, 91, 132, 126, 197, 55, 149, 75, 7, 53, 44, 15, 165, 26, 92, 122, 60, 51, 20, 148, 154, 95, 18, 62, 183, 25, 156, 85, 49, 36, 105, 39, 31, 32, 41, 21, 120, 11, 82, 5, 134, 151, 138, 123, 84, 178, 58, 124, 100, 16, 13, 63, 116, 47, 86, 27, 29, 184, 35, 153, 8, 167, 28, 81, 111, 168, 52, 37, 109, 117, 98, 194, 1, 157, 174, 34, 14, 146, 133, 158, 70, 43, 136, 99, 114, 131, 186, 97, 73, 192, 119, 199, 127, 30, 113, 2, 145, 48, 33, 96, 150, 59, 69, 193, 6, 195, 166, 142, 4, 77, 46, 3, 78, 94, 182, 152, 50, 65, 87, 12, 118, 10, 79, 106, 143, 102, 176, 54, 107, 171, 130, 42, 45, 128, 38, 173, 64, 83, 9, 180, 103, 112, 76, 24, 163, 17, 189, 101, 19, 22, 104, 121, 161, 181, 66, 72, 190, 23, 172, 185, 177, 56, 125, 80, 187, 135, 108, 198, 188, 40, 90, 115, 164, 147, 93, 196, 74, 162, 179, 110, 169, 68, 200, 159, 141, 140, 155, 71, 144, 88, 61, 67, 137, 139, 160, 170, 191, 175]项目工期为：306.0；项目成本为：252199.6
染色体结构为:
[53, 55, 75, 149, 44, 7, 15, 122, 92, 165, 51, 95, 148, 26, 62, 20, 154, 60, 156, 18, 25, 183, 85, 105, 49, 32, 31, 39, 120, 41, 36, 21, 82, 5, 138, 151, 134, 11, 123, 84, 100, 57, 58, 13, 124, 116, 178, 16, 91, 29, 63, 27, 86, 47, 184, 35, 8, 28, 167, 81, 111, 153, 52, 37, 89, 168, 117, 98, 109, 1, 194, 157, 14, 34, 174, 158, 133, 70, 146, 197, 43, 136, 114, 99, 145, 126, 96, 186, 48, 30, 118, 73, 33, 10, 131, 192, 199, 119, 97, 2, 127, 59, 113, 6, 193, 69, 166, 150, 195, 4, 142, 77, 38, 129, 176, 106, 79, 65, 107, 102, 143, 130, 3, 45, 163, 23, 50, 103, 46, 64, 17, 93, 9, 12, 19, 87, 108, 147, 42, 164, 152, 94, 179, 78, 112, 101, 196, 185, 104, 182, 198, 132, 66, 135, 54, 128, 171, 173, 83, 180, 76, 121, 189, 24, 22, 181, 177, 161, 72, 56, 172, 190, 125, 187, 80, 90, 110, 40, 115, 159, 74, 188, 162, 68, 200, 71, 169, 140, 141, 144, 155, 61, 137, 175, 160, 67, 139, 170, 191, 88]项目工期为：437.0；项目成本为：211471.00000000015
染色体结构为:
[149, 53, 55, 44, 122, 7, 75, 165, 15, 92, 26, 148, 51, 95, 60, 25, 154, 62, 20, 18, 49, 183, 156, 36, 105, 85, 31, 39, 32, 120, 5, 82, 21, 41, 123, 138, 151, 124, 134, 57, 58, 11, 13, 84, 100, 116, 16, 27, 178, 91, 86, 63, 184, 35, 29, 47, 8, 28, 111, 153, 167, 81, 168, 89, 52, 194, 117, 109, 37, 158, 1, 98, 34, 157, 146, 14, 70, 174, 136, 43, 99, 197, 114, 133, 131, 186, 73, 199, 192, 119, 97, 48, 113, 2, 127, 30, 126, 33, 79, 118, 107, 10, 59, 106, 176, 65, 38, 143, 102, 130, 150, 96, 129, 145, 3, 45, 23, 163, 4, 46, 103, 17, 50, 9, 93, 64, 6, 19, 69, 12, 193, 152, 87, 108, 42, 147, 94, 78, 164, 179, 101, 112, 185, 182, 196, 104, 198, 77, 132, 195, 66, 166, 142, 135, 171, 54, 173, 128, 180, 83, 76, 121, 189, 22, 181, 177, 161, 190, 24, 56, 72, 172, 125, 187, 40, 80, 90, 110, 115, 159, 162, 74, 68, 71, 188, 141, 200, 169, 140, 61, 144, 137, 160, 155, 67, 175, 139, 170, 191, 88]项目工期为：327.0；项目成本为：242564.2
染色体结构为:
[91, 129, 89, 197, 57, 132, 53, 126, 45, 60, 117, 163, 154, 131, 27, 81, 178, 62, 28, 82, 8, 5, 122, 96, 50, 26, 199, 78, 157, 146, 158, 6, 55, 16, 118, 111, 65, 33, 10, 1, 148, 69, 41, 37, 17, 43, 39, 13, 143, 159, 195, 18, 113, 66, 153, 174, 49, 105, 21, 15, 22, 86, 167, 74, 85, 102, 47, 46, 36, 183, 156, 95, 109, 30, 32, 48, 79, 168, 25, 44, 98, 176, 59, 107, 99, 106, 51, 130, 63, 165, 92, 31, 54, 151, 171, 128, 42, 133, 35, 64, 73, 2, 84, 116, 150, 9, 70, 58, 97, 83, 180, 145, 112, 134, 38, 173, 11, 103, 193, 120, 124, 119, 76, 121, 142, 149, 14, 7, 24, 104, 189, 136, 101, 12, 4, 19, 94, 161, 181, 192, 20, 100, 34, 75, 114, 71, 123, 138, 182, 3, 80, 194, 72, 196, 61, 87, 198, 164, 137, 166, 141, 68, 23, 29, 172, 40, 175, 140, 127, 177, 135, 162, 169, 186, 155, 108, 144, 90, 190, 184, 152, 200, 147, 160, 77, 67, 93, 188, 179, 187, 125, 115, 139, 170, 52, 185, 88, 56, 110, 191]项目工期为：293.0；项目成本为：261225.59999999992
染色体结构为:
[149, 44, 53, 75, 7, 15, 55, 165, 122, 92, 95, 26, 51, 60, 154, 148, 62, 20, 18, 156, 25, 49, 183, 85, 105, 36, 39, 31, 32, 41, 151, 21, 120, 82, 138, 5, 134, 11, 124, 123, 84, 57, 100, 13, 58, 16, 116, 178, 63, 184, 91, 86, 27, 29, 47, 35, 28, 167, 8, 111, 153, 81, 168, 52, 89, 117, 37, 194, 98, 109, 1, 157, 14, 158, 146, 70, 34, 174, 43, 133, 197, 114, 136, 99, 186, 73, 131, 192, 119, 199, 97, 127, 113, 2, 48, 126, 79, 33, 30, 107, 10, 106, 59, 118, 65, 176, 143, 102, 130, 38, 129, 150, 145, 3, 96, 4, 45, 163, 23, 103, 46, 17, 6, 50, 64, 69, 93, 9, 19, 152, 108, 12, 193, 87, 147, 42, 78, 94, 179, 164, 112, 101, 185, 104, 77, 196, 132, 182, 198, 135, 66, 142, 166, 195, 54, 173, 83, 171, 180, 128, 121, 76, 24, 189, 181, 22, 161, 190, 72, 172, 125, 177, 187, 80, 56, 188, 90, 40, 115, 74, 110, 159, 162, 200, 68, 169, 141, 71, 140, 61, 155, 144, 160, 137, 175, 191, 67, 139, 170, 88]项目工期为：385.0；项目成本为：225169.49999999997
染色体结构为:
[53, 55, 75, 149, 44, 7, 15, 122, 92, 165, 51, 95, 26, 62, 148, 154, 20, 60, 18, 156, 25, 183, 105, 85, 49, 32, 39, 120, 31, 41, 21, 36, 151, 82, 5, 138, 11, 123, 134, 84, 100, 57, 58, 13, 124, 116, 178, 91, 16, 29, 63, 27, 184, 86, 47, 8, 35, 28, 167, 81, 153, 111, 52, 37, 117, 89, 98, 109, 168, 1, 194, 157, 14, 34, 174, 158, 70, 133, 146, 43, 197, 114, 136, 126, 99, 96, 186, 145, 30, 48, 73, 33, 118, 10, 192, 131, 199, 97, 119, 2, 127, 113, 59, 193, 6, 69, 166, 150, 195, 4, 77, 142, 129, 38, 176, 106, 79, 65, 107, 102, 143, 3, 45, 130, 163, 50, 23, 17, 103, 93, 46, 9, 64, 19, 12, 108, 87, 147, 42, 152, 164, 94, 179, 78, 112, 101, 104, 185, 196, 198, 132, 182, 135, 66, 54, 128, 173, 171, 83, 180, 76, 121, 189, 22, 24, 181, 177, 161, 72, 190, 56, 172, 125, 187, 80, 110, 90, 40, 159, 162, 115, 188, 74, 68, 71, 200, 169, 140, 141, 144, 155, 61, 137, 175, 160, 67, 139, 170, 191, 88]项目工期为：410.0；项目成本为：218421.0000000001
染色体结构为:
[53, 55, 75, 149, 44, 7, 15, 122, 92, 165, 95, 51, 148, 26, 62, 20, 154, 60, 156, 18, 25, 183, 85, 49, 32, 105, 31, 39, 120, 41, 36, 21, 82, 151, 5, 138, 134, 11, 123, 84, 57, 100, 58, 13, 124, 178, 116, 16, 91, 29, 63, 27, 47, 86, 184, 35, 8, 28, 167, 81, 111, 153, 52, 37, 89, 168, 117, 109, 98, 1, 194, 157, 14, 34, 174, 133, 158, 146, 70, 197, 43, 136, 114, 145, 99, 126, 96, 186, 48, 30, 73, 118, 33, 10, 192, 131, 199, 97, 119, 2, 127, 59, 113, 193, 69, 166, 6, 150, 195, 4, 142, 77, 38, 129, 176, 106, 79, 107, 65, 102, 143, 130, 3, 45, 23, 163, 50, 103, 46, 64, 17, 93, 9, 19, 12, 87, 147, 108, 42, 152, 164, 94, 78, 179, 112, 101, 196, 185, 104, 182, 198, 132, 66, 135, 54, 128, 171, 173, 83, 76, 180, 121, 189, 22, 24, 181, 161, 177, 72, 56, 190, 172, 125, 187, 80, 110, 90, 40, 115, 159, 188, 74, 162, 71, 68, 200, 169, 141, 140, 144, 155, 61, 137, 175, 160, 67, 139, 170, 191, 88]项目工期为：398.0；项目成本为：220407.3000000002
染色体结构为:
[149, 53, 75, 7, 44, 15, 55, 122, 165, 92, 95, 26, 51, 60, 154, 148, 62, 20, 18, 25, 156, 183, 105, 49, 36, 39, 85, 31, 32, 41, 120, 21, 151, 5, 82, 138, 134, 11, 84, 123, 124, 57, 100, 13, 58, 16, 178, 116, 91, 63, 86, 184, 29, 47, 27, 35, 28, 8, 167, 111, 153, 168, 81, 52, 89, 117, 194, 37, 109, 98, 1, 157, 14, 158, 34, 146, 70, 174, 133, 43, 197, 114, 136, 99, 186, 131, 73, 119, 192, 199, 97, 113, 2, 127, 48, 79, 126, 30, 33, 107, 10, 118, 106, 59, 65, 176, 102, 143, 130, 38, 129, 150, 3, 145, 96, 4, 45, 163, 17, 23, 103, 6, 46, 50, 64, 93, 9, 69, 19, 152, 12, 108, 193, 147, 87, 42, 78, 94, 164, 179, 112, 101, 104, 185, 77, 196, 182, 132, 198, 135, 66, 166, 142, 54, 171, 195, 173, 128, 83, 180, 121, 76, 24, 189, 181, 22, 161, 190, 72, 172, 125, 177, 187, 80, 56, 90, 188, 110, 115, 40, 74, 162, 68, 159, 169, 200, 141, 61, 71, 137, 175, 88, 191, 140, 160, 144, 67, 155, 139, 170]项目工期为：397.0；项目成本为：220762.3
染色体结构为:
[53, 75, 55, 7, 149, 44, 15, 122, 51, 165, 95, 26, 92, 62, 20, 148, 25, 154, 156, 60, 18, 183, 105, 85, 49, 39, 32, 120, 31, 41, 21, 36, 82, 138, 151, 134, 123, 11, 57, 5, 84, 100, 178, 124, 58, 13, 116, 91, 29, 27, 16, 184, 47, 63, 86, 8, 167, 35, 28, 81, 111, 153, 52, 37, 89, 168, 117, 98, 109, 194, 1, 14, 157, 34, 174, 70, 158, 146, 133, 43, 99, 136, 197, 114, 186, 131, 73, 192, 119, 199, 97, 127, 113, 79, 48, 2, 33, 10, 126, 30, 107, 65, 118, 106, 176, 59, 102, 143, 129, 38, 150, 145, 130, 3, 96, 45, 163, 17, 23, 4, 103, 46, 50, 6, 93, 64, 9, 19, 69, 152, 12, 193, 166, 195, 108, 142, 77, 147, 87, 164, 42, 179, 78, 94, 104, 112, 101, 196, 198, 185, 182, 132, 66, 54, 135, 128, 76, 173, 171, 83, 121, 180, 189, 22, 24, 177, 181, 161, 72, 172, 56, 190, 125, 80, 187, 110, 90, 40, 159, 162, 115, 188, 74, 200, 71, 68, 169, 140, 141, 144, 155, 61, 160, 137, 67, 175, 139, 170, 191, 88]项目工期为：456.0；项目成本为：205928.30000000002
染色体结构为:
[53, 75, 55, 149, 7, 44, 15, 122, 165, 92, 95, 51, 26, 20, 148, 62, 154, 60, 25, 156, 183, 18, 105, 85, 49, 36, 39, 31, 32, 151, 41, 21, 120, 138, 82, 134, 5, 11, 124, 123, 100, 84, 13, 57, 58, 16, 116, 178, 63, 91, 184, 27, 86, 29, 47, 35, 28, 167, 8, 111, 153, 81, 168, 52, 89, 37, 117, 194, 98, 109, 1, 157, 14, 158, 34, 146, 70, 43, 174, 133, 197, 114, 136, 99, 186, 192, 73, 119, 131, 97, 199, 127, 2, 113, 48, 79, 126, 30, 33, 107, 10, 59, 106, 118, 176, 65, 143, 130, 102, 38, 150, 129, 145, 3, 96, 4, 45, 23, 163, 103, 6, 46, 17, 64, 50, 93, 69, 9, 19, 152, 108, 12, 193, 87, 147, 42, 78, 179, 94, 164, 112, 101, 185, 104, 77, 196, 132, 182, 198, 135, 66, 142, 166, 195, 54, 83, 173, 180, 171, 128, 121, 76, 24, 189, 181, 22, 161, 190, 72, 172, 125, 177, 187, 80, 56, 188, 110, 90, 115, 40, 162, 74, 68, 159, 200, 141, 71, 169, 61, 137, 88, 175, 191, 140, 160, 144, 155, 67, 139, 170]项目工期为：368.0；项目成本为：229034.59999999995
染色体结构为:
[149, 44, 75, 53, 55, 122, 7, 15, 165, 92, 95, 26, 60, 199, 133, 18, 51, 148, 20, 25, 154, 13, 87, 183, 1, 32, 31, 39, 21, 120, 41, 11, 123, 5, 151, 138, 84, 82, 134, 124, 105, 49, 36, 62, 156, 109, 85, 30, 168, 111, 48, 126, 10, 145, 27, 197, 73, 98, 96, 33, 193, 89, 59, 157, 81, 6, 14, 69, 195, 150, 37, 166, 91, 153, 4, 142, 8, 167, 77, 46, 184, 194, 100, 3, 58, 129, 113, 114, 182, 16, 78, 94, 174, 178, 57, 116, 86, 63, 35, 29, 47, 28, 52, 117, 34, 146, 158, 70, 136, 43, 131, 99, 97, 186, 119, 2, 192, 79, 127, 118, 106, 107, 176, 65, 102, 143, 130, 38, 45, 163, 23, 103, 64, 17, 50, 93, 12, 19, 9, 108, 152, 42, 147, 179, 164, 112, 101, 185, 104, 196, 132, 198, 66, 135, 54, 171, 128, 173, 83, 121, 180, 76, 24, 189, 181, 22, 161, 190, 172, 72, 177, 125, 187, 56, 80, 188, 90, 110, 115, 40, 162, 74, 159, 68, 169, 141, 200, 71, 61, 137, 175, 140, 191, 88, 160, 144, 155, 67, 139, 170]项目工期为：338.0；项目成本为：240210.20000000004
染色体结构为:
[89, 57, 129, 91, 132, 126, 197, 55, 75, 149, 7, 44, 53, 15, 26, 165, 92, 122, 51, 60, 20, 148, 154, 95, 18, 62, 25, 183, 156, 85, 49, 36, 105, 39, 31, 41, 32, 21, 120, 82, 11, 5, 134, 151, 123, 138, 84, 178, 58, 100, 124, 16, 13, 116, 63, 86, 47, 29, 27, 184, 8, 35, 153, 167, 81, 28, 111, 168, 52, 37, 109, 117, 194, 98, 157, 1, 34, 174, 14, 146, 158, 133, 43, 70, 136, 114, 99, 186, 131, 97, 73, 192, 119, 127, 30, 199, 113, 2, 48, 145, 33, 96, 150, 59, 69, 193, 6, 166, 195, 4, 142, 46, 77, 3, 94, 78, 182, 152, 65, 87, 50, 12, 10, 118, 79, 106, 102, 143, 176, 54, 107, 42, 130, 171, 45, 128, 173, 38, 9, 64, 83, 112, 180, 103, 76, 24, 163, 17, 101, 189, 19, 121, 104, 22, 161, 72, 190, 181, 23, 66, 172, 177, 185, 56, 125, 187, 80, 135, 108, 198, 188, 90, 40, 115, 164, 147, 93, 196, 74, 179, 162, 169, 110, 68, 200, 159, 140, 71, 141, 144, 155, 88, 61, 67, 160, 137, 139, 175, 170, 191]项目工期为：309.0；项目成本为：251844.30000000008
染色体结构为:
[53, 75, 55, 149, 7, 15, 44, 122, 165, 92, 95, 51, 26, 20, 148, 62, 154, 60, 25, 156, 183, 18, 105, 49, 85, 36, 39, 31, 32, 151, 41, 21, 120, 138, 82, 5, 134, 11, 124, 123, 100, 84, 13, 57, 58, 16, 116, 178, 63, 91, 184, 27, 86, 29, 47, 35, 28, 167, 8, 153, 111, 81, 52, 168, 89, 37, 117, 194, 98, 109, 157, 1, 158, 14, 34, 146, 70, 43, 174, 133, 197, 114, 136, 99, 186, 192, 73, 119, 131, 97, 199, 127, 2, 113, 48, 79, 126, 30, 33, 107, 10, 59, 106, 118, 176, 65, 143, 130, 102, 38, 150, 129, 145, 3, 96, 45, 4, 23, 163, 103, 6, 46, 17, 64, 50, 93, 69, 9, 152, 19, 108, 12, 193, 147, 87, 42, 78, 179, 94, 164, 112, 101, 104, 185, 77, 196, 132, 182, 198, 135, 66, 142, 166, 195, 54, 83, 173, 180, 171, 128, 121, 24, 76, 189, 181, 22, 161, 190, 72, 172, 125, 177, 187, 80, 56, 188, 90, 110, 115, 40, 162, 74, 68, 159, 200, 141, 71, 169, 61, 137, 88, 175, 191, 140, 160, 144, 67, 155, 139, 170]项目工期为：345.0；项目成本为：237486.99999999997
染色体结构为:
[149, 53, 44, 75, 15, 7, 55, 122, 165, 95, 92, 60, 26, 51, 154, 148, 62, 18, 20, 25, 156, 49, 183, 105, 36, 85, 39, 31, 32, 41, 151, 21, 5, 120, 138, 82, 134, 11, 84, 123, 124, 57, 100, 58, 13, 178, 16, 91, 116, 63, 86, 184, 27, 47, 29, 35, 28, 167, 8, 153, 81, 111, 168, 52, 89, 37, 194, 117, 98, 109, 1, 157, 14, 146, 158, 34, 70, 174, 43, 114, 133, 136, 197, 186, 131, 99, 73, 192, 119, 97, 199, 2, 127, 79, 113, 126, 48, 33, 30, 107, 10, 118, 106, 59, 65, 176, 102, 143, 150, 38, 129, 96, 130, 145, 4, 3, 163, 45, 23, 46, 103, 17, 50, 64, 6, 93, 9, 19, 69, 12, 193, 166, 152, 108, 142, 195, 77, 147, 87, 42, 164, 179, 78, 94, 112, 104, 185, 101, 196, 182, 198, 132, 66, 54, 135, 128, 173, 83, 171, 76, 180, 189, 121, 24, 22, 181, 72, 177, 161, 56, 172, 190, 125, 80, 90, 187, 40, 115, 110, 188, 159, 162, 74, 141, 200, 68, 169, 140, 155, 71, 160, 61, 144, 137, 67, 175, 191, 139, 170, 88]项目工期为：442.0；项目成本为：209345.60000000003
染色体结构为:
[91, 129, 89, 197, 132, 126, 57, 53, 117, 163, 60, 154, 45, 131, 81, 178, 27, 82, 62, 5, 28, 122, 8, 96, 26, 78, 50, 157, 199, 158, 146, 55, 16, 6, 118, 111, 65, 33, 1, 10, 148, 37, 17, 41, 43, 39, 69, 13, 159, 143, 18, 195, 113, 66, 153, 49, 174, 22, 21, 105, 15, 86, 167, 74, 102, 85, 47, 46, 156, 36, 95, 183, 48, 109, 30, 32, 79, 168, 44, 98, 25, 176, 107, 99, 59, 51, 106, 130, 165, 63, 92, 151, 31, 171, 54, 42, 73, 128, 133, 64, 2, 35, 150, 116, 84, 58, 70, 97, 9, 180, 112, 145, 83, 38, 173, 134, 103, 11, 120, 124, 193, 119, 76, 121, 142, 149, 14, 7, 136, 24, 104, 189, 101, 4, 12, 19, 94, 181, 161, 20, 192, 100, 75, 34, 114, 123, 182, 3, 138, 71, 80, 72, 194, 196, 198, 87, 61, 137, 164, 141, 166, 29, 23, 68, 40, 172, 135, 177, 140, 127, 175, 186, 162, 169, 155, 108, 90, 144, 190, 184, 147, 152, 67, 200, 160, 77, 188, 179, 93, 187, 125, 139, 115, 170, 52, 88, 56, 185, 110, 191]项目工期为：280.0；项目成本为：264135.49999999994
染色体结构为:
[149, 75, 53, 44, 15, 7, 122, 55, 165, 92, 95, 26, 60, 51, 154, 148, 62, 20, 18, 25, 156, 183, 105, 85, 39, 49, 32, 120, 31, 41, 21, 82, 36, 151, 134, 5, 138, 84, 124, 11, 57, 58, 100, 123, 178, 13, 116, 29, 91, 63, 16, 27, 184, 47, 86, 35, 28, 111, 153, 8, 167, 81, 168, 37, 52, 1, 117, 89, 194, 109, 98, 157, 14, 34, 146, 174, 43, 70, 158, 114, 99, 197, 48, 133, 136, 30, 186, 96, 145, 33, 126, 73, 118, 131, 97, 192, 10, 127, 199, 119, 2, 113, 59, 6, 195, 69, 193, 4, 150, 166, 77, 142, 38, 79, 129, 106, 107, 176, 65, 50, 102, 130, 143, 45, 163, 3, 23, 103, 17, 46, 64, 19, 9, 108, 93, 12, 87, 42, 152, 147, 78, 94, 164, 179, 112, 198, 104, 185, 132, 101, 182, 196, 66, 135, 54, 173, 171, 76, 83, 128, 180, 22, 24, 189, 72, 121, 181, 177, 125, 172, 190, 56, 161, 187, 80, 40, 90, 188, 115, 110, 159, 162, 141, 74, 68, 140, 200, 169, 155, 71, 61, 160, 144, 137, 67, 175, 191, 139, 170, 88]项目工期为：473.0；项目成本为：201187.7000000001
染色体结构为:
[91, 129, 89, 57, 197, 132, 126, 53, 60, 117, 45, 154, 163, 131, 27, 81, 178, 82, 28, 62, 5, 8, 122, 96, 26, 50, 78, 199, 157, 158, 146, 55, 6, 16, 118, 65, 111, 10, 33, 1, 148, 37, 69, 41, 17, 43, 39, 13, 159, 195, 143, 113, 18, 66, 153, 49, 22, 105, 21, 174, 15, 86, 167, 74, 85, 102, 47, 46, 36, 156, 183, 95, 109, 32, 30, 48, 79, 168, 25, 44, 98, 176, 107, 59, 99, 51, 106, 130, 63, 165, 92, 31, 151, 54, 171, 42, 128, 133, 73, 35, 64, 2, 116, 84, 9, 150, 58, 97, 70, 180, 83, 112, 145, 134, 38, 173, 11, 103, 120, 193, 124, 76, 119, 142, 149, 14, 121, 7, 104, 136, 24, 189, 101, 12, 19, 4, 94, 181, 192, 161, 20, 100, 34, 75, 114, 182, 71, 123, 3, 138, 80, 194, 72, 61, 196, 198, 87, 164, 137, 141, 166, 29, 23, 68, 172, 175, 40, 140, 135, 177, 127, 162, 169, 155, 186, 108, 90, 144, 190, 152, 184, 147, 200, 67, 77, 160, 179, 188, 93, 187, 139, 125, 170, 115, 52, 88, 185, 56, 110, 191]项目工期为：288.0；项目成本为：261617.09999999998
染色体结构为:
[53, 75, 55, 149, 44, 7, 15, 122, 92, 165, 51, 95, 148, 62, 26, 20, 154, 60, 18, 156, 25, 183, 105, 49, 85, 32, 31, 39, 120, 41, 36, 21, 82, 5, 138, 151, 134, 11, 123, 84, 100, 58, 57, 13, 116, 124, 178, 16, 91, 29, 63, 27, 86, 47, 184, 35, 8, 28, 167, 81, 153, 111, 52, 37, 89, 168, 117, 98, 109, 1, 194, 157, 14, 34, 174, 158, 133, 146, 70, 43, 197, 136, 114, 99, 145, 126, 96, 186, 48, 30, 118, 73, 33, 10, 131, 192, 199, 119, 97, 2, 127, 59, 113, 6, 193, 69, 166, 150, 195, 4, 142, 77, 38, 176, 129, 106, 79, 65, 107, 102, 143, 130, 3, 45, 163, 23, 50, 103, 46, 64, 17, 93, 9, 12, 87, 19, 108, 42, 147, 164, 152, 94, 179, 78, 112, 101, 196, 185, 182, 104, 198, 132, 66, 135, 54, 128, 171, 173, 83, 76, 180, 121, 24, 189, 22, 181, 177, 72, 161, 56, 172, 190, 125, 187, 80, 90, 40, 110, 115, 159, 74, 188, 68, 162, 200, 71, 169, 140, 141, 144, 155, 61, 137, 175, 160, 67, 139, 170, 191, 88]项目工期为：404.0；项目成本为：218863.40000000014
染色体结构为:
[75, 53, 149, 15, 7, 44, 55, 122, 165, 51, 92, 26, 95, 154, 18, 148, 20, 60, 62, 105, 25, 183, 156, 85, 39, 32, 31, 49, 120, 41, 21, 82, 36, 5, 134, 151, 138, 84, 57, 11, 124, 123, 100, 178, 58, 91, 16, 13, 116, 29, 63, 27, 184, 35, 47, 86, 28, 111, 8, 167, 81, 153, 52, 37, 168, 89, 109, 98, 117, 1, 194, 14, 157, 34, 158, 174, 133, 70, 146, 136, 43, 197, 99, 114, 126, 96, 145, 186, 48, 30, 73, 33, 10, 118, 131, 192, 199, 97, 119, 127, 59, 113, 2, 6, 193, 69, 166, 150, 195, 4, 77, 142, 129, 38, 106, 107, 176, 65, 79, 143, 102, 130, 3, 45, 163, 23, 50, 17, 103, 64, 46, 93, 19, 12, 87, 9, 108, 42, 147, 164, 179, 152, 78, 94, 112, 101, 104, 196, 185, 182, 198, 132, 66, 135, 54, 128, 173, 171, 76, 83, 180, 189, 22, 121, 24, 181, 177, 72, 161, 56, 172, 190, 125, 187, 80, 90, 110, 40, 159, 162, 74, 115, 68, 188, 200, 71, 169, 140, 144, 155, 61, 141, 137, 175, 160, 67, 139, 88, 191, 170]项目工期为：433.0；项目成本为：211661.60000000006
染色体结构为:
[53, 75, 55, 149, 7, 44, 122, 15, 51, 165, 26, 92, 62, 95, 20, 148, 154, 25, 60, 18, 156, 105, 183, 85, 39, 49, 120, 32, 31, 41, 21, 36, 82, 138, 151, 123, 134, 11, 5, 57, 84, 100, 124, 178, 13, 58, 116, 29, 91, 27, 16, 47, 184, 63, 86, 8, 167, 35, 28, 81, 111, 153, 37, 89, 52, 168, 117, 98, 194, 109, 1, 14, 157, 34, 174, 158, 70, 133, 146, 43, 99, 136, 197, 186, 114, 131, 192, 73, 119, 199, 97, 127, 113, 48, 79, 2, 33, 10, 126, 30, 107, 65, 118, 106, 176, 59, 143, 102, 129, 38, 150, 145, 130, 3, 96, 45, 163, 17, 23, 4, 103, 50, 46, 6, 93, 9, 64, 19, 69, 152, 193, 12, 166, 195, 77, 142, 87, 108, 42, 147, 94, 78, 164, 179, 112, 104, 185, 198, 132, 101, 182, 135, 196, 66, 54, 171, 173, 76, 128, 24, 83, 180, 22, 72, 189, 121, 177, 181, 125, 190, 172, 161, 187, 56, 40, 80, 188, 115, 159, 110, 74, 90, 162, 141, 68, 200, 140, 169, 71, 155, 61, 144, 160, 137, 67, 175, 139, 170, 191, 88]项目工期为：471.0；项目成本为：202528.1
染色体结构为:
[53, 55, 75, 44, 149, 7, 122, 92, 15, 95, 165, 26, 51, 20, 148, 154, 62, 60, 25, 156, 105, 18, 183, 49, 85, 39, 32, 120, 31, 21, 41, 36, 82, 151, 138, 134, 11, 5, 84, 123, 124, 100, 16, 57, 13, 58, 116, 178, 91, 86, 184, 63, 29, 27, 28, 35, 47, 8, 167, 153, 111, 168, 81, 89, 52, 117, 37, 109, 98, 1, 194, 14, 157, 158, 34, 146, 70, 174, 43, 197, 114, 133, 136, 186, 73, 99, 131, 192, 97, 119, 2, 199, 113, 127, 48, 79, 126, 33, 30, 107, 59, 10, 118, 65, 106, 176, 102, 143, 38, 130, 129, 96, 145, 150, 3, 4, 45, 23, 163, 103, 6, 17, 46, 50, 9, 64, 93, 69, 19, 152, 108, 12, 166, 193, 142, 195, 77, 147, 42, 87, 78, 164, 179, 94, 112, 104, 101, 185, 196, 198, 66, 182, 132, 135, 54, 173, 128, 180, 83, 171, 189, 121, 22, 76, 181, 72, 24, 177, 172, 190, 56, 125, 161, 80, 187, 90, 188, 115, 110, 74, 40, 159, 162, 200, 169, 68, 140, 141, 71, 61, 155, 67, 144, 160, 137, 175, 191, 88, 139, 170]项目工期为：427.0；项目成本为：213839.6
染色体结构为:
[75, 53, 15, 149, 44, 7, 55, 122, 165, 51, 92, 26, 95, 154, 20, 18, 148, 60, 62, 105, 25, 156, 183, 85, 39, 49, 32, 31, 120, 41, 82, 21, 36, 5, 134, 151, 138, 84, 57, 11, 124, 123, 178, 100, 58, 91, 16, 13, 29, 116, 63, 27, 35, 184, 86, 47, 28, 111, 8, 167, 153, 81, 52, 37, 168, 109, 89, 98, 117, 1, 14, 157, 34, 194, 158, 174, 133, 70, 146, 43, 136, 197, 99, 114, 126, 96, 145, 186, 48, 30, 73, 33, 131, 10, 118, 192, 199, 97, 119, 59, 127, 2, 113, 6, 193, 69, 166, 150, 195, 4, 77, 142, 129, 38, 106, 176, 107, 79, 65, 102, 143, 3, 130, 45, 163, 50, 23, 17, 103, 46, 64, 93, 19, 12, 87, 9, 108, 147, 42, 164, 152, 179, 78, 112, 94, 101, 104, 196, 185, 182, 198, 132, 66, 135, 54, 128, 173, 171, 83, 76, 180, 189, 121, 22, 24, 181, 177, 72, 161, 56, 172, 190, 125, 187, 80, 90, 110, 40, 159, 162, 74, 115, 68, 188, 200, 71, 169, 140, 144, 155, 61, 137, 141, 175, 160, 67, 139, 88, 191, 170]项目工期为：448.0；项目成本为：208394.30000000008
染色体结构为:
[149, 75, 53, 44, 15, 7, 122, 55, 165, 92, 26, 95, 60, 51, 154, 62, 20, 18, 148, 25, 183, 156, 105, 85, 39, 49, 32, 120, 41, 31, 21, 82, 151, 36, 134, 5, 138, 84, 124, 11, 57, 100, 58, 178, 123, 13, 116, 29, 91, 63, 16, 27, 184, 47, 86, 35, 28, 111, 153, 8, 167, 81, 168, 37, 52, 1, 117, 89, 194, 109, 98, 157, 14, 34, 146, 174, 43, 70, 158, 114, 197, 99, 48, 133, 136, 30, 186, 96, 145, 33, 126, 73, 118, 131, 97, 192, 10, 127, 199, 119, 2, 113, 59, 6, 195, 69, 193, 4, 150, 166, 77, 142, 38, 79, 106, 129, 107, 176, 50, 65, 102, 130, 143, 45, 163, 3, 23, 103, 17, 64, 19, 46, 9, 93, 108, 12, 87, 42, 152, 147, 78, 94, 164, 179, 112, 198, 104, 185, 132, 101, 196, 66, 182, 135, 54, 171, 173, 76, 83, 180, 128, 22, 24, 189, 72, 121, 181, 125, 177, 190, 172, 56, 161, 187, 80, 90, 40, 188, 115, 110, 159, 162, 141, 74, 68, 140, 200, 169, 155, 61, 71, 160, 144, 137, 67, 175, 191, 139, 170, 88]项目工期为：455.0；项目成本为：206638.1000000001
染色体结构为:
[126, 60, 183, 55, 44, 25, 48, 123, 96, 197, 145, 73, 27, 18, 98, 95, 59, 33, 193, 89, 157, 14, 85, 6, 148, 81, 51, 122, 69, 5, 150, 195, 7, 91, 153, 37, 20, 166, 92, 4, 142, 1, 77, 167, 8, 46, 194, 184, 129, 156, 3, 100, 114, 149, 58, 182, 113, 16, 174, 154, 78, 94, 65, 32, 168, 9, 75, 143, 15, 57, 29, 86, 116, 132, 64, 82, 2, 163, 11, 84, 17, 118, 109, 165, 53, 26, 45, 131, 117, 62, 178, 28, 199, 146, 50, 111, 158, 13, 41, 10, 159, 66, 43, 39, 22, 105, 49, 102, 74, 21, 30, 36, 47, 176, 99, 107, 63, 106, 79, 130, 31, 171, 151, 42, 54, 128, 70, 133, 83, 35, 97, 180, 134, 112, 38, 173, 124, 103, 119, 120, 76, 101, 24, 104, 121, 12, 19, 189, 181, 136, 192, 161, 34, 80, 52, 138, 179, 93, 56, 72, 164, 110, 169, 108, 90, 162, 177, 198, 196, 61, 23, 172, 137, 135, 40, 191, 147, 87, 200, 71, 68, 160, 67, 175, 139, 125, 141, 140, 186, 127, 185, 144, 190, 152, 187, 88, 170, 115, 155, 188]项目工期为：298.0；项目成本为：255954.50000000006
染色体结构为:
[75, 53, 15, 149, 44, 7, 55, 122, 51, 92, 26, 165, 95, 154, 20, 18, 60, 148, 105, 62, 25, 183, 156, 85, 39, 49, 32, 31, 120, 82, 41, 21, 36, 5, 151, 134, 138, 84, 57, 11, 124, 123, 178, 100, 58, 91, 16, 13, 29, 116, 27, 63, 35, 184, 86, 47, 28, 111, 8, 167, 153, 81, 52, 37, 168, 109, 89, 117, 98, 1, 14, 157, 34, 194, 158, 174, 133, 70, 146, 43, 136, 197, 99, 114, 126, 96, 145, 186, 48, 30, 73, 33, 131, 10, 192, 118, 199, 97, 119, 59, 127, 113, 2, 6, 193, 69, 166, 150, 195, 4, 77, 142, 129, 38, 106, 176, 107, 79, 65, 102, 143, 3, 130, 45, 163, 50, 23, 17, 103, 46, 64, 93, 19, 87, 12, 9, 108, 147, 42, 164, 179, 152, 78, 112, 94, 104, 101, 196, 185, 182, 198, 132, 66, 135, 54, 128, 173, 83, 171, 76, 180, 189, 121, 22, 24, 181, 177, 72, 161, 56, 172, 190, 125, 187, 80, 110, 90, 115, 159, 40, 74, 162, 188, 68, 200, 71, 141, 169, 140, 144, 155, 61, 137, 175, 160, 67, 139, 170, 191, 88]项目工期为：454.0；项目成本为：208277.2000000001
染色体结构为:
[55, 53, 75, 149, 44, 7, 15, 122, 165, 92, 95, 129, 91, 197, 126, 89, 57, 45, 132, 131, 60, 117, 163, 178, 154, 27, 81, 82, 62, 8, 50, 28, 5, 96, 26, 199, 146, 78, 157, 6, 158, 16, 118, 111, 33, 10, 1, 65, 37, 17, 69, 148, 43, 41, 39, 143, 13, 195, 18, 66, 159, 113, 174, 153, 105, 22, 49, 74, 86, 102, 21, 85, 46, 167, 47, 156, 30, 183, 36, 109, 48, 25, 168, 98, 176, 32, 79, 59, 99, 107, 51, 106, 63, 130, 151, 171, 31, 54, 128, 42, 73, 133, 2, 64, 150, 35, 116, 70, 84, 180, 9, 112, 58, 145, 83, 38, 173, 97, 11, 193, 134, 103, 119, 120, 142, 76, 124, 121, 14, 24, 136, 104, 101, 189, 12, 4, 94, 19, 161, 192, 20, 34, 181, 100, 71, 138, 182, 114, 123, 80, 3, 196, 72, 194, 87, 198, 61, 137, 164, 166, 141, 23, 29, 68, 40, 172, 175, 135, 127, 140, 186, 177, 169, 162, 155, 144, 190, 108, 152, 184, 90, 147, 200, 160, 93, 67, 77, 188, 179, 187, 125, 115, 139, 170, 52, 88, 185, 56, 110, 191]项目工期为：264.0；项目成本为：271524.00000000006
染色体结构为:
[53, 55, 75, 149, 44, 7, 122, 92, 15, 165, 95, 51, 26, 148, 62, 154, 20, 60, 156, 18, 25, 183, 85, 49, 32, 105, 31, 39, 41, 120, 36, 21, 82, 151, 5, 138, 134, 11, 123, 84, 57, 58, 100, 13, 178, 124, 116, 16, 91, 63, 27, 29, 47, 86, 184, 35, 8, 28, 167, 81, 111, 153, 52, 37, 168, 89, 117, 109, 98, 1, 194, 157, 14, 34, 174, 158, 133, 70, 146, 43, 197, 136, 114, 145, 126, 99, 96, 186, 48, 30, 73, 118, 33, 10, 192, 131, 199, 97, 119, 2, 127, 59, 113, 193, 69, 166, 6, 150, 195, 4, 142, 77, 38, 129, 176, 106, 79, 65, 107, 102, 143, 3, 130, 45, 23, 163, 50, 103, 46, 64, 17, 93, 9, 19, 12, 87, 147, 108, 42, 152, 164, 94, 78, 179, 112, 101, 196, 185, 104, 182, 132, 198, 66, 135, 54, 128, 171, 173, 83, 76, 180, 189, 121, 22, 24, 181, 161, 177, 56, 190, 72, 125, 172, 80, 187, 110, 90, 40, 115, 159, 188, 162, 74, 71, 68, 200, 169, 141, 140, 144, 155, 61, 137, 175, 67, 160, 139, 170, 191, 88]项目工期为：377.0；项目成本为：226709.4000000001
染色体结构为:
[53, 149, 75, 44, 7, 15, 55, 122, 165, 92, 26, 95, 51, 60, 148, 154, 62, 20, 18, 25, 156, 183, 49, 36, 39, 105, 85, 31, 32, 41, 120, 21, 151, 82, 5, 134, 138, 11, 123, 84, 124, 57, 100, 13, 58, 16, 178, 116, 91, 63, 86, 184, 29, 27, 47, 35, 28, 8, 167, 111, 153, 81, 168, 52, 89, 117, 37, 194, 109, 98, 1, 157, 14, 158, 34, 146, 70, 174, 133, 43, 197, 114, 136, 99, 186, 131, 73, 119, 192, 199, 113, 97, 2, 127, 48, 126, 79, 30, 33, 107, 10, 118, 106, 59, 176, 65, 102, 143, 38, 130, 129, 150, 3, 96, 145, 4, 45, 163, 17, 23, 103, 6, 46, 50, 64, 93, 9, 69, 19, 12, 152, 108, 193, 147, 87, 42, 78, 94, 164, 179, 112, 101, 104, 185, 77, 196, 132, 182, 198, 135, 66, 166, 54, 142, 171, 195, 173, 128, 83, 180, 121, 76, 24, 189, 181, 22, 161, 190, 72, 172, 125, 177, 187, 80, 56, 90, 188, 110, 115, 40, 74, 162, 68, 169, 159, 200, 141, 61, 71, 137, 175, 88, 191, 140, 160, 144, 67, 155, 139, 170]项目工期为：388.0；项目成本为：224564.80000000002
染色体结构为:
[126, 60, 55, 183, 44, 25, 48, 123, 96, 145, 73, 197, 27, 18, 98, 59, 33, 95, 89, 157, 193, 14, 6, 148, 85, 81, 51, 122, 69, 150, 5, 195, 7, 91, 153, 166, 20, 37, 92, 4, 142, 1, 77, 8, 167, 194, 46, 184, 129, 3, 156, 100, 114, 149, 58, 182, 113, 16, 174, 154, 78, 94, 65, 32, 168, 9, 143, 75, 15, 57, 29, 86, 116, 64, 132, 82, 2, 11, 84, 163, 17, 118, 165, 109, 53, 26, 131, 45, 117, 178, 62, 28, 199, 146, 50, 111, 158, 41, 13, 159, 10, 66, 43, 22, 39, 105, 49, 102, 21, 74, 36, 30, 47, 176, 99, 107, 63, 106, 79, 130, 31, 171, 151, 42, 54, 128, 70, 133, 35, 83, 180, 97, 134, 38, 112, 103, 173, 124, 119, 120, 76, 104, 101, 121, 24, 12, 19, 189, 192, 136, 181, 161, 34, 80, 52, 138, 179, 93, 56, 72, 110, 164, 169, 108, 90, 162, 177, 196, 198, 23, 61, 135, 172, 137, 191, 147, 40, 71, 87, 200, 68, 67, 160, 175, 139, 140, 125, 141, 186, 185, 127, 190, 144, 187, 152, 88, 170, 115, 155, 188]项目工期为：314.0；项目成本为：249052.40000000005
染色体结构为:
[53, 55, 75, 149, 44, 7, 15, 122, 92, 95, 165, 51, 148, 62, 26, 20, 154, 156, 60, 18, 25, 183, 85, 105, 49, 32, 31, 120, 39, 36, 41, 21, 82, 151, 5, 138, 134, 11, 123, 84, 57, 100, 58, 13, 124, 178, 116, 16, 91, 29, 63, 27, 86, 47, 184, 35, 8, 28, 81, 167, 111, 153, 52, 37, 89, 168, 117, 109, 98, 1, 194, 14, 157, 34, 174, 133, 158, 146, 70, 197, 43, 136, 114, 99, 145, 126, 96, 186, 48, 30, 73, 118, 33, 10, 192, 131, 199, 119, 97, 2, 127, 59, 113, 193, 6, 69, 166, 150, 195, 142, 4, 77, 38, 129, 176, 106, 107, 79, 65, 102, 143, 130, 3, 45, 23, 163, 50, 103, 46, 64, 17, 93, 9, 19, 12, 87, 108, 147, 42, 152, 164, 94, 78, 179, 112, 101, 196, 185, 104, 182, 198, 66, 132, 135, 54, 128, 171, 173, 83, 76, 180, 121, 189, 22, 24, 181, 161, 177, 72, 56, 172, 190, 125, 187, 80, 90, 110, 40, 115, 159, 188, 74, 162, 68, 71, 200, 169, 141, 140, 144, 155, 61, 137, 175, 160, 67, 139, 170, 191, 88]项目工期为：425.0；项目成本为：214579.70000000013
染色体结构为:
[53, 149, 75, 15, 55, 44, 7, 122, 165, 95, 92, 26, 51, 154, 60, 18, 20, 148, 62, 156, 25, 183, 85, 105, 39, 32, 31, 49, 120, 41, 21, 36, 82, 151, 134, 5, 138, 84, 11, 124, 57, 58, 100, 178, 123, 116, 13, 29, 91, 16, 63, 27, 184, 47, 35, 86, 111, 28, 153, 8, 167, 81, 168, 37, 1, 117, 52, 89, 194, 98, 109, 157, 34, 14, 146, 174, 43, 70, 158, 114, 99, 197, 48, 133, 136, 30, 186, 145, 96, 33, 126, 73, 118, 131, 192, 97, 127, 10, 2, 199, 119, 59, 113, 6, 195, 69, 193, 150, 4, 166, 77, 142, 129, 38, 79, 107, 106, 176, 65, 102, 50, 130, 143, 45, 163, 3, 103, 23, 17, 46, 64, 19, 9, 108, 93, 12, 87, 42, 152, 147, 94, 78, 164, 179, 112, 104, 198, 185, 132, 101, 196, 66, 182, 135, 54, 173, 171, 76, 83, 128, 24, 180, 22, 189, 72, 181, 121, 177, 190, 125, 172, 56, 161, 80, 187, 40, 188, 115, 159, 90, 110, 162, 74, 141, 68, 200, 140, 169, 71, 155, 61, 160, 144, 67, 137, 175, 191, 139, 170, 88]项目工期为：587.0；项目成本为：191826.40000000005
染色体结构为:
[129, 89, 91, 57, 126, 197, 53, 132, 60, 45, 163, 154, 117, 131, 27, 178, 81, 82, 62, 28, 8, 96, 5, 122, 50, 26, 199, 78, 158, 157, 55, 146, 6, 16, 111, 118, 65, 33, 10, 1, 69, 148, 37, 17, 41, 39, 43, 13, 159, 195, 143, 18, 113, 66, 49, 153, 174, 21, 22, 105, 15, 86, 74, 167, 85, 46, 36, 102, 47, 95, 156, 109, 183, 30, 32, 48, 79, 168, 44, 25, 98, 176, 59, 107, 99, 51, 106, 165, 63, 130, 92, 151, 31, 54, 128, 171, 73, 2, 42, 133, 35, 116, 84, 64, 9, 58, 150, 70, 97, 83, 180, 112, 145, 134, 173, 38, 11, 193, 120, 124, 103, 119, 142, 121, 76, 14, 149, 7, 24, 104, 136, 189, 12, 101, 4, 19, 94, 181, 20, 192, 100, 34, 75, 161, 71, 114, 182, 123, 138, 3, 194, 80, 72, 196, 198, 61, 87, 164, 137, 29, 166, 141, 68, 23, 172, 40, 175, 140, 135, 127, 162, 169, 177, 186, 155, 108, 144, 90, 184, 190, 152, 200, 147, 160, 77, 67, 179, 93, 187, 188, 125, 139, 170, 52, 115, 56, 88, 185, 110, 191]项目工期为：292.0；项目成本为：261232.00000000012
染色体结构为:
[75, 53, 7, 149, 55, 44, 15, 122, 95, 51, 26, 165, 92, 62, 20, 154, 148, 25, 60, 18, 105, 156, 183, 85, 39, 49, 32, 120, 31, 21, 41, 36, 82, 138, 151, 134, 5, 84, 124, 11, 57, 58, 100, 123, 178, 116, 13, 29, 91, 16, 63, 27, 184, 47, 86, 111, 35, 28, 153, 8, 167, 168, 81, 37, 1, 52, 117, 89, 194, 98, 109, 34, 157, 14, 146, 174, 43, 70, 158, 114, 99, 197, 133, 48, 136, 30, 186, 96, 145, 126, 33, 73, 118, 131, 192, 97, 127, 10, 2, 199, 119, 59, 113, 6, 195, 69, 193, 4, 150, 166, 77, 142, 38, 129, 79, 107, 106, 65, 176, 50, 102, 130, 143, 45, 163, 103, 3, 23, 17, 46, 19, 64, 9, 108, 93, 12, 87, 42, 152, 147, 94, 78, 164, 179, 112, 104, 185, 198, 132, 101, 182, 196, 66, 54, 135, 173, 171, 76, 128, 83, 24, 180, 22, 72, 189, 181, 121, 177, 125, 190, 172, 56, 161, 187, 80, 40, 188, 115, 159, 90, 110, 162, 74, 141, 68, 200, 140, 169, 71, 155, 61, 160, 144, 137, 67, 191, 175, 139, 170, 88]项目工期为：542.0；项目成本为：192637.10000000003
染色体结构为:
[75, 53, 7, 55, 44, 149, 122, 15, 95, 51, 165, 26, 92, 62, 20, 148, 154, 25, 60, 18, 105, 156, 183, 85, 39, 32, 120, 49, 31, 21, 41, 36, 82, 138, 151, 134, 123, 5, 11, 57, 84, 100, 124, 178, 58, 116, 13, 29, 27, 91, 16, 47, 63, 184, 8, 86, 167, 35, 28, 81, 111, 153, 37, 89, 52, 168, 117, 98, 194, 1, 109, 157, 14, 34, 174, 158, 70, 133, 146, 43, 136, 186, 114, 99, 197, 131, 192, 73, 119, 199, 97, 127, 113, 79, 48, 2, 33, 10, 126, 30, 107, 65, 118, 106, 176, 59, 143, 129, 102, 150, 38, 145, 130, 3, 45, 96, 163, 4, 17, 23, 103, 46, 50, 6, 93, 64, 19, 9, 69, 152, 193, 12, 166, 142, 195, 77, 87, 108, 42, 147, 78, 94, 164, 179, 104, 185, 112, 198, 132, 182, 101, 196, 135, 66, 54, 171, 76, 173, 128, 83, 24, 180, 22, 72, 189, 121, 181, 177, 125, 172, 190, 161, 187, 56, 40, 80, 188, 159, 115, 110, 74, 90, 141, 162, 68, 200, 140, 169, 71, 155, 61, 144, 160, 137, 67, 175, 139, 170, 88, 191]项目工期为：468.0；项目成本为：204637.29999999996
染色体结构为:
[75, 15, 53, 44, 149, 7, 55, 122, 92, 51, 26, 165, 154, 95, 20, 18, 60, 148, 62, 105, 25, 183, 156, 85, 39, 49, 32, 31, 120, 82, 41, 36, 21, 5, 134, 151, 138, 84, 57, 11, 124, 123, 178, 100, 58, 91, 16, 13, 29, 116, 27, 63, 184, 35, 86, 47, 28, 111, 8, 167, 153, 81, 52, 37, 168, 109, 89, 117, 98, 1, 14, 157, 34, 194, 158, 174, 70, 146, 133, 43, 136, 197, 99, 126, 114, 145, 96, 186, 30, 48, 73, 33, 131, 10, 118, 192, 199, 97, 119, 59, 127, 113, 2, 193, 6, 69, 166, 150, 195, 4, 77, 142, 129, 38, 106, 107, 176, 79, 65, 102, 143, 3, 130, 45, 163, 50, 23, 17, 103, 46, 64, 93, 19, 87, 12, 9, 147, 42, 108, 164, 179, 152, 78, 112, 94, 104, 101, 196, 185, 198, 182, 132, 66, 135, 54, 128, 83, 173, 171, 76, 180, 189, 22, 121, 24, 181, 177, 72, 161, 172, 56, 125, 190, 187, 80, 110, 90, 159, 40, 115, 74, 188, 162, 68, 200, 71, 141, 169, 140, 144, 155, 61, 137, 160, 175, 67, 139, 170, 191, 88]项目工期为：429.0；项目成本为：213133.0000000001
染色体结构为:
[53, 75, 149, 15, 44, 55, 122, 7, 165, 95, 92, 26, 51, 60, 154, 20, 18, 148, 156, 62, 25, 183, 85, 105, 39, 49, 32, 31, 41, 120, 21, 36, 82, 151, 134, 5, 138, 84, 11, 124, 57, 58, 123, 100, 178, 116, 13, 29, 91, 16, 63, 27, 184, 47, 35, 86, 28, 111, 153, 8, 167, 168, 81, 1, 37, 52, 117, 89, 194, 98, 109, 34, 157, 14, 146, 174, 43, 70, 158, 114, 99, 197, 48, 133, 136, 186, 30, 96, 145, 33, 126, 73, 118, 131, 192, 97, 127, 10, 199, 2, 119, 59, 113, 6, 195, 69, 193, 4, 150, 77, 166, 38, 129, 142, 107, 106, 79, 176, 65, 102, 50, 130, 163, 143, 45, 3, 103, 23, 17, 46, 19, 64, 9, 108, 12, 93, 87, 42, 152, 94, 147, 78, 164, 179, 112, 104, 185, 198, 132, 101, 182, 66, 196, 54, 135, 173, 76, 128, 171, 83, 24, 22, 180, 189, 72, 181, 121, 125, 177, 190, 56, 172, 161, 80, 187, 40, 188, 115, 159, 110, 162, 90, 141, 74, 200, 68, 169, 140, 71, 155, 160, 61, 144, 137, 67, 191, 175, 139, 170, 88]项目工期为：491.0；项目成本为：200176.90000000014
染色体结构为:
[53, 149, 75, 15, 55, 44, 7, 122, 165, 95, 92, 26, 51, 154, 60, 18, 20, 148, 62, 156, 25, 183, 85, 105, 39, 32, 31, 49, 120, 41, 21, 82, 36, 151, 5, 134, 138, 84, 124, 11, 58, 57, 100, 123, 116, 178, 13, 29, 91, 16, 63, 27, 184, 35, 47, 86, 111, 153, 8, 28, 167, 81, 168, 37, 1, 117, 52, 89, 194, 98, 109, 157, 34, 14, 146, 174, 70, 43, 158, 114, 99, 197, 48, 133, 136, 30, 186, 145, 96, 33, 126, 73, 118, 131, 192, 97, 127, 10, 2, 199, 119, 59, 113, 6, 69, 195, 193, 150, 4, 166, 77, 129, 142, 38, 107, 79, 106, 176, 65, 102, 50, 130, 143, 45, 163, 3, 103, 23, 17, 46, 64, 19, 9, 108, 93, 12, 87, 42, 152, 147, 94, 164, 179, 78, 112, 104, 198, 185, 132, 101, 66, 182, 196, 135, 54, 173, 171, 76, 128, 83, 24, 180, 22, 189, 72, 121, 181, 177, 190, 125, 172, 56, 161, 80, 187, 40, 188, 115, 90, 159, 162, 110, 74, 141, 68, 200, 140, 169, 71, 155, 61, 160, 144, 67, 137, 175, 191, 139, 170, 88]项目工期为：562.0；项目成本为：192239.30000000008
染色体结构为:
[149, 53, 75, 15, 55, 44, 122, 7, 165, 95, 26, 92, 60, 51, 154, 20, 148, 18, 156, 25, 62, 183, 85, 105, 39, 49, 32, 31, 120, 41, 21, 82, 36, 151, 134, 138, 5, 84, 11, 124, 57, 58, 100, 123, 178, 13, 116, 29, 91, 16, 63, 27, 184, 47, 35, 86, 111, 28, 153, 8, 167, 81, 37, 168, 1, 52, 117, 194, 89, 98, 109, 157, 34, 14, 174, 146, 43, 70, 158, 114, 197, 99, 48, 133, 30, 136, 186, 96, 145, 126, 33, 73, 118, 192, 131, 97, 127, 10, 2, 199, 119, 59, 113, 6, 195, 69, 193, 4, 150, 166, 77, 142, 129, 38, 79, 106, 107, 176, 65, 102, 50, 143, 45, 130, 3, 163, 103, 23, 17, 46, 19, 64, 9, 93, 108, 12, 87, 42, 152, 147, 94, 78, 164, 179, 112, 104, 185, 198, 132, 182, 101, 196, 66, 135, 54, 173, 171, 76, 128, 83, 180, 24, 22, 189, 72, 181, 121, 125, 177, 190, 172, 56, 161, 187, 80, 40, 188, 115, 159, 90, 162, 110, 74, 141, 200, 169, 68, 140, 71, 155, 144, 61, 137, 160, 67, 175, 139, 191, 170, 88]项目工期为：525.0；项目成本为：194787.60000000006
染色体结构为:
[149, 53, 44, 75, 7, 15, 165, 55, 122, 92, 95, 26, 51, 148, 154, 60, 62, 20, 18, 25, 156, 183, 49, 105, 36, 85, 31, 39, 32, 41, 120, 151, 21, 82, 5, 134, 138, 11, 124, 123, 84, 57, 100, 13, 58, 16, 116, 178, 91, 63, 184, 86, 27, 35, 29, 47, 28, 167, 111, 8, 153, 81, 168, 52, 89, 117, 37, 194, 98, 109, 1, 14, 157, 158, 146, 34, 70, 43, 133, 174, 197, 114, 136, 99, 186, 73, 131, 192, 199, 119, 97, 127, 2, 113, 48, 79, 126, 33, 30, 107, 10, 106, 59, 118, 65, 143, 176, 102, 130, 38, 129, 150, 145, 96, 3, 4, 45, 163, 23, 103, 46, 17, 6, 50, 64, 69, 93, 9, 152, 19, 108, 12, 87, 193, 147, 78, 42, 179, 94, 164, 101, 112, 104, 185, 77, 196, 132, 182, 198, 135, 66, 166, 142, 195, 54, 173, 171, 180, 83, 128, 76, 121, 24, 189, 181, 22, 190, 161, 72, 125, 172, 177, 187, 80, 56, 188, 90, 110, 115, 40, 74, 68, 159, 162, 200, 169, 71, 141, 61, 137, 175, 88, 140, 191, 160, 144, 67, 155, 139, 170]项目工期为：360.0；项目成本为：233364.9
染色体结构为:
[44, 7, 53, 149, 55, 75, 15, 122, 165, 95, 92, 26, 60, 18, 199, 51, 133, 25, 20, 154, 148, 13, 87, 183, 1, 32, 39, 31, 120, 41, 21, 11, 123, 5, 151, 138, 84, 82, 124, 105, 134, 49, 36, 62, 156, 85, 30, 168, 109, 48, 10, 126, 27, 111, 145, 73, 98, 197, 96, 33, 193, 59, 81, 89, 157, 14, 6, 69, 150, 37, 195, 166, 91, 4, 153, 142, 167, 8, 77, 184, 46, 194, 100, 3, 129, 58, 114, 94, 16, 182, 113, 78, 57, 178, 174, 86, 116, 63, 29, 35, 52, 47, 28, 117, 34, 158, 146, 136, 43, 70, 131, 99, 186, 192, 97, 2, 119, 79, 118, 127, 106, 107, 176, 65, 102, 38, 143, 130, 45, 163, 23, 103, 64, 17, 93, 50, 9, 19, 12, 152, 42, 179, 108, 147, 101, 112, 185, 164, 196, 104, 132, 198, 66, 135, 54, 171, 128, 83, 173, 180, 121, 76, 24, 181, 22, 189, 161, 190, 72, 172, 177, 125, 187, 80, 56, 188, 90, 115, 110, 40, 74, 162, 159, 68, 141, 169, 200, 61, 71, 137, 175, 140, 191, 160, 88, 155, 144, 67, 139, 170]项目工期为：324.0；项目成本为：243597.5
染色体结构为:
[91, 129, 89, 57, 197, 132, 126, 53, 60, 117, 45, 154, 163, 27, 131, 81, 178, 82, 28, 62, 5, 8, 122, 96, 26, 50, 78, 199, 157, 158, 146, 55, 16, 6, 118, 65, 111, 10, 33, 1, 148, 37, 69, 41, 17, 43, 39, 13, 159, 143, 195, 18, 113, 66, 153, 49, 22, 105, 174, 21, 15, 86, 74, 167, 85, 102, 46, 47, 36, 156, 95, 183, 109, 32, 30, 79, 48, 168, 25, 98, 44, 176, 107, 59, 99, 51, 130, 106, 63, 165, 92, 151, 31, 54, 171, 42, 128, 133, 73, 64, 35, 2, 116, 84, 150, 9, 58, 70, 97, 180, 83, 112, 145, 134, 38, 173, 11, 103, 193, 120, 124, 76, 119, 142, 149, 14, 121, 7, 24, 104, 136, 189, 101, 12, 19, 4, 94, 181, 192, 161, 20, 100, 114, 75, 34, 71, 182, 123, 3, 138, 80, 72, 61, 194, 196, 198, 87, 164, 137, 166, 141, 29, 68, 23, 172, 175, 40, 140, 177, 135, 162, 127, 169, 186, 155, 108, 90, 144, 190, 184, 152, 147, 160, 200, 67, 77, 179, 188, 93, 187, 125, 139, 170, 115, 52, 88, 185, 56, 110, 191]项目工期为：281.0；项目成本为：261631.39999999997
染色体结构为:
[75, 53, 7, 149, 55, 44, 15, 122, 95, 51, 26, 165, 92, 20, 62, 154, 148, 25, 60, 18, 105, 156, 183, 85, 39, 32, 49, 120, 31, 21, 41, 36, 82, 138, 151, 5, 134, 124, 84, 11, 57, 58, 100, 123, 178, 116, 13, 29, 91, 16, 63, 27, 184, 47, 86, 111, 28, 153, 35, 8, 167, 168, 81, 1, 37, 52, 117, 89, 194, 98, 109, 34, 157, 146, 174, 14, 43, 158, 70, 99, 114, 133, 197, 48, 136, 30, 186, 96, 145, 126, 33, 73, 118, 131, 192, 97, 127, 10, 2, 199, 119, 59, 113, 195, 6, 69, 193, 4, 150, 166, 77, 142, 38, 129, 79, 107, 106, 65, 176, 50, 102, 130, 143, 45, 163, 103, 3, 23, 17, 46, 64, 19, 9, 108, 93, 12, 87, 42, 152, 147, 94, 78, 164, 179, 112, 104, 185, 198, 132, 101, 182, 196, 66, 54, 135, 173, 171, 76, 128, 83, 24, 180, 22, 72, 181, 189, 121, 177, 125, 190, 172, 56, 161, 187, 80, 40, 188, 115, 159, 90, 110, 74, 162, 141, 68, 200, 140, 169, 155, 71, 61, 160, 144, 137, 67, 175, 191, 139, 170, 88]项目工期为：513.0；项目成本为：196836.60000000006
染色体结构为:
[149, 53, 75, 44, 15, 7, 55, 122, 165, 92, 95, 26, 51, 60, 154, 148, 20, 62, 25, 18, 156, 105, 85, 183, 39, 49, 32, 120, 21, 31, 41, 82, 36, 134, 151, 5, 138, 84, 124, 11, 57, 58, 100, 178, 13, 123, 116, 29, 91, 16, 63, 27, 184, 47, 86, 111, 28, 153, 35, 8, 167, 168, 81, 1, 37, 52, 89, 117, 194, 98, 109, 34, 157, 146, 174, 43, 14, 158, 70, 99, 114, 133, 48, 197, 136, 30, 186, 96, 145, 126, 33, 73, 131, 118, 192, 97, 127, 10, 2, 199, 119, 59, 113, 195, 6, 69, 193, 4, 150, 166, 77, 38, 142, 129, 79, 107, 106, 65, 176, 102, 50, 130, 143, 45, 163, 103, 3, 23, 17, 46, 64, 19, 9, 108, 93, 12, 87, 42, 152, 147, 94, 78, 164, 179, 112, 104, 185, 198, 132, 101, 182, 196, 54, 66, 173, 171, 135, 76, 128, 83, 24, 180, 22, 72, 181, 189, 121, 177, 125, 172, 190, 56, 161, 187, 80, 40, 188, 115, 159, 90, 74, 110, 162, 141, 68, 200, 169, 140, 155, 71, 61, 144, 160, 137, 67, 175, 191, 139, 170, 88]项目工期为：519.0；项目成本为：196754.40000000005
染色体结构为:
[91, 89, 129, 197, 132, 126, 57, 53, 117, 163, 45, 60, 154, 131, 81, 82, 178, 62, 27, 28, 122, 5, 8, 26, 50, 78, 96, 199, 158, 157, 146, 55, 6, 118, 16, 111, 65, 33, 1, 10, 37, 148, 41, 17, 69, 39, 43, 13, 159, 143, 18, 195, 66, 113, 153, 49, 174, 105, 22, 21, 15, 74, 86, 167, 102, 85, 46, 47, 156, 36, 95, 183, 109, 48, 30, 32, 79, 168, 98, 44, 25, 176, 107, 59, 99, 51, 106, 130, 165, 92, 31, 63, 151, 54, 42, 171, 73, 128, 64, 2, 133, 116, 35, 84, 150, 70, 58, 9, 97, 180, 112, 83, 145, 173, 38, 134, 11, 124, 103, 193, 120, 119, 76, 142, 121, 149, 7, 14, 136, 24, 104, 101, 189, 4, 19, 12, 94, 123, 75, 138, 20, 29, 100, 184, 34, 52, 194, 114, 192, 186, 127, 77, 3, 166, 182, 152, 181, 87, 72, 161, 23, 172, 190, 185, 125, 177, 187, 56, 80, 135, 108, 188, 90, 198, 115, 40, 110, 169, 162, 68, 200, 164, 140, 71, 141, 144, 147, 93, 196, 61, 179, 67, 155, 137, 160, 139, 175, 191, 170, 88]项目工期为：311.0；项目成本为：251809.6
染色体结构为:
[75, 53, 7, 149, 44, 55, 15, 122, 95, 26, 51, 165, 92, 62, 20, 154, 25, 148, 60, 18, 105, 156, 183, 85, 39, 49, 32, 120, 21, 41, 31, 36, 82, 138, 151, 134, 5, 84, 124, 11, 57, 58, 100, 123, 178, 13, 116, 29, 16, 91, 63, 27, 184, 47, 86, 111, 35, 153, 28, 8, 168, 81, 167, 37, 1, 52, 117, 89, 194, 98, 109, 34, 157, 14, 146, 174, 43, 70, 158, 114, 99, 197, 133, 48, 30, 136, 186, 96, 145, 126, 33, 73, 131, 118, 192, 97, 127, 10, 2, 199, 119, 59, 113, 6, 195, 69, 193, 150, 4, 166, 77, 142, 129, 38, 79, 107, 106, 65, 176, 50, 102, 130, 143, 45, 163, 103, 3, 23, 17, 46, 19, 64, 9, 108, 93, 12, 87, 42, 152, 147, 78, 94, 164, 179, 112, 104, 185, 198, 132, 101, 182, 196, 66, 54, 135, 173, 171, 76, 83, 128, 24, 180, 22, 72, 189, 181, 121, 177, 125, 190, 172, 56, 161, 80, 187, 188, 40, 159, 115, 90, 110, 162, 74, 141, 68, 200, 140, 71, 169, 155, 61, 160, 144, 137, 191, 67, 175, 139, 170, 88]项目工期为：539.0；项目成本为：194414.10000000006
染色体结构为:
[149, 53, 55, 44, 122, 7, 75, 165, 15, 92, 26, 51, 148, 95, 60, 25, 62, 154, 20, 18, 49, 183, 156, 36, 105, 85, 31, 39, 32, 120, 5, 82, 21, 41, 123, 138, 151, 124, 57, 134, 58, 13, 11, 84, 100, 116, 16, 178, 27, 91, 86, 63, 184, 35, 29, 47, 8, 28, 111, 167, 153, 81, 168, 89, 52, 117, 194, 109, 37, 158, 1, 98, 34, 157, 146, 14, 70, 174, 136, 43, 99, 197, 114, 133, 186, 131, 73, 199, 119, 192, 48, 97, 113, 2, 127, 30, 126, 33, 79, 118, 10, 107, 59, 106, 65, 176, 38, 143, 130, 102, 150, 96, 129, 145, 3, 45, 23, 163, 4, 46, 103, 17, 50, 9, 93, 64, 6, 19, 69, 12, 193, 152, 87, 42, 108, 147, 94, 78, 164, 179, 101, 112, 185, 182, 104, 196, 198, 77, 132, 195, 66, 166, 142, 135, 171, 54, 173, 128, 180, 83, 76, 121, 189, 22, 181, 177, 190, 161, 56, 24, 72, 172, 125, 187, 40, 80, 90, 115, 110, 159, 162, 74, 71, 68, 188, 141, 169, 200, 61, 140, 144, 137, 155, 67, 160, 175, 139, 170, 191, 88]项目工期为：341.0；项目成本为：239891.70000000004
染色体结构为:
[57, 129, 89, 91, 132, 197, 126, 55, 149, 75, 7, 53, 44, 15, 165, 26, 92, 122, 60, 51, 148, 20, 95, 154, 62, 18, 183, 156, 25, 85, 49, 36, 105, 39, 31, 32, 41, 21, 120, 82, 11, 5, 134, 151, 138, 84, 123, 178, 58, 124, 100, 16, 13, 63, 116, 47, 86, 27, 29, 184, 35, 8, 153, 28, 167, 81, 111, 168, 52, 117, 37, 109, 98, 157, 194, 1, 174, 34, 14, 146, 158, 133, 70, 43, 136, 114, 99, 131, 186, 97, 73, 192, 119, 199, 127, 30, 113, 2, 145, 33, 48, 96, 150, 59, 193, 69, 195, 166, 6, 4, 142, 77, 46, 3, 78, 94, 152, 182, 65, 50, 12, 87, 118, 10, 79, 106, 102, 143, 176, 54, 107, 171, 42, 130, 128, 45, 38, 9, 64, 173, 112, 83, 180, 103, 163, 76, 24, 17, 189, 19, 101, 121, 104, 22, 181, 161, 72, 66, 190, 23, 172, 185, 177, 56, 125, 80, 135, 187, 108, 90, 198, 188, 40, 115, 164, 147, 196, 93, 179, 74, 110, 162, 169, 200, 159, 68, 141, 140, 71, 155, 144, 88, 67, 61, 137, 160, 139, 170, 191, 175]项目工期为：305.0；项目成本为：253510.19999999995
染色体结构为:
[53, 55, 149, 75, 44, 7, 15, 122, 165, 92, 95, 26, 51, 148, 62, 20, 154, 60, 18, 156, 25, 105, 183, 85, 49, 32, 39, 31, 120, 41, 36, 151, 21, 82, 138, 5, 11, 134, 123, 84, 100, 57, 13, 124, 58, 178, 116, 16, 91, 63, 29, 27, 184, 86, 35, 47, 28, 167, 8, 111, 81, 153, 52, 37, 168, 89, 117, 109, 98, 1, 194, 14, 157, 34, 174, 158, 133, 70, 146, 43, 136, 114, 197, 99, 126, 96, 145, 186, 73, 48, 33, 30, 10, 118, 131, 192, 199, 97, 119, 127, 59, 2, 6, 113, 193, 69, 166, 150, 195, 4, 77, 142, 38, 129, 106, 176, 79, 107, 65, 143, 102, 3, 45, 130, 163, 50, 23, 103, 46, 17, 93, 64, 19, 12, 9, 87, 108, 147, 152, 42, 164, 94, 179, 78, 112, 104, 101, 196, 185, 198, 182, 132, 135, 66, 54, 128, 173, 171, 83, 76, 180, 189, 121, 22, 24, 181, 177, 72, 161, 56, 190, 172, 187, 125, 80, 90, 40, 110, 159, 162, 115, 74, 188, 68, 71, 169, 200, 141, 140, 144, 155, 61, 137, 175, 160, 67, 139, 88, 191, 170]项目工期为：421.0；项目成本为：215481.70000000016
染色体结构为:
[75, 53, 7, 44, 149, 55, 15, 122, 26, 51, 95, 165, 92, 62, 20, 25, 154, 60, 148, 18, 105, 156, 183, 85, 39, 49, 32, 120, 21, 41, 31, 36, 82, 138, 151, 134, 5, 84, 124, 11, 57, 100, 58, 123, 178, 13, 116, 29, 16, 63, 91, 27, 184, 47, 86, 111, 35, 153, 28, 8, 168, 167, 81, 37, 1, 52, 117, 89, 194, 98, 34, 157, 109, 14, 146, 174, 43, 70, 158, 114, 99, 197, 133, 48, 30, 136, 96, 145, 186, 126, 33, 73, 131, 118, 192, 97, 127, 10, 2, 199, 119, 59, 113, 6, 195, 69, 193, 4, 150, 166, 77, 142, 129, 38, 79, 107, 106, 65, 176, 50, 102, 130, 143, 163, 45, 3, 23, 103, 17, 46, 19, 64, 108, 9, 93, 12, 87, 42, 152, 147, 78, 94, 164, 112, 179, 104, 185, 198, 132, 101, 182, 196, 66, 54, 135, 173, 76, 171, 83, 24, 128, 180, 22, 72, 189, 181, 121, 177, 125, 190, 172, 56, 161, 80, 187, 188, 40, 159, 115, 90, 110, 162, 74, 141, 68, 200, 140, 71, 169, 155, 61, 160, 144, 137, 191, 67, 175, 139, 170, 88]项目工期为：495.0；项目成本为：199636.40000000008
染色体结构为:
[53, 55, 149, 75, 44, 7, 15, 122, 92, 165, 95, 51, 148, 26, 62, 20, 154, 156, 60, 18, 25, 85, 105, 183, 49, 32, 31, 39, 120, 36, 41, 82, 21, 5, 151, 138, 134, 11, 123, 84, 57, 100, 58, 13, 178, 124, 116, 16, 29, 91, 63, 27, 86, 47, 184, 35, 8, 28, 167, 81, 111, 153, 52, 37, 168, 117, 89, 109, 1, 98, 194, 157, 14, 34, 133, 174, 158, 146, 70, 197, 43, 136, 99, 114, 145, 126, 96, 48, 186, 30, 73, 118, 10, 33, 192, 131, 199, 119, 2, 97, 127, 59, 113, 193, 6, 69, 166, 150, 195, 4, 142, 77, 38, 129, 176, 106, 79, 107, 65, 102, 143, 130, 3, 45, 163, 50, 23, 103, 46, 17, 64, 93, 9, 19, 12, 87, 108, 147, 42, 152, 164, 94, 179, 78, 112, 196, 101, 185, 104, 182, 198, 132, 135, 66, 54, 128, 171, 173, 83, 76, 121, 180, 189, 22, 24, 181, 161, 177, 72, 56, 190, 172, 125, 187, 80, 90, 110, 115, 159, 40, 188, 162, 74, 68, 71, 200, 169, 141, 140, 144, 155, 61, 137, 175, 160, 67, 139, 170, 191, 88]项目工期为：415.0；项目成本为：216320.40000000008
染色体结构为:
[53, 75, 55, 149, 7, 44, 122, 15, 51, 165, 26, 92, 62, 95, 20, 148, 154, 25, 60, 18, 156, 105, 183, 85, 39, 49, 32, 120, 31, 41, 36, 21, 82, 138, 151, 123, 134, 11, 5, 84, 57, 100, 124, 178, 13, 58, 116, 29, 91, 27, 16, 47, 184, 63, 86, 8, 167, 35, 28, 81, 111, 153, 37, 89, 168, 117, 52, 98, 194, 1, 109, 14, 157, 34, 174, 158, 70, 133, 146, 43, 99, 136, 197, 186, 114, 131, 192, 73, 119, 199, 97, 127, 113, 48, 79, 2, 10, 33, 126, 30, 107, 65, 118, 106, 176, 59, 143, 102, 38, 129, 150, 145, 3, 130, 96, 45, 163, 17, 23, 4, 103, 50, 46, 6, 9, 93, 64, 19, 69, 152, 193, 12, 166, 195, 77, 142, 87, 108, 42, 94, 147, 78, 164, 179, 112, 104, 185, 198, 132, 101, 182, 196, 135, 66, 54, 171, 173, 76, 128, 24, 83, 180, 22, 72, 189, 121, 177, 181, 125, 190, 161, 172, 187, 56, 40, 80, 188, 115, 159, 110, 74, 90, 162, 141, 68, 140, 200, 169, 71, 155, 61, 144, 160, 137, 67, 175, 139, 170, 191, 88]项目工期为：464.0；项目成本为：204995.19999999998
染色体结构为:
[44, 53, 7, 149, 55, 75, 15, 122, 165, 95, 92, 26, 60, 18, 199, 51, 133, 25, 20, 148, 154, 87, 13, 183, 1, 32, 39, 31, 120, 41, 21, 11, 5, 123, 138, 151, 84, 82, 124, 134, 105, 49, 36, 62, 156, 85, 30, 168, 109, 48, 10, 27, 126, 111, 145, 73, 98, 197, 96, 33, 193, 59, 81, 89, 14, 157, 6, 69, 195, 150, 37, 166, 91, 153, 4, 142, 167, 8, 77, 184, 46, 194, 100, 3, 58, 114, 129, 16, 94, 113, 182, 78, 178, 57, 174, 86, 116, 29, 63, 35, 52, 47, 28, 117, 34, 158, 146, 136, 70, 43, 131, 99, 186, 97, 192, 2, 119, 79, 118, 127, 106, 107, 176, 65, 38, 102, 130, 143, 45, 163, 23, 103, 64, 17, 93, 50, 9, 19, 12, 108, 152, 42, 179, 147, 101, 112, 185, 164, 104, 196, 132, 198, 66, 135, 54, 171, 128, 83, 173, 180, 121, 76, 24, 181, 189, 22, 190, 161, 72, 125, 172, 177, 187, 80, 56, 90, 188, 115, 110, 40, 74, 162, 159, 68, 169, 141, 200, 71, 61, 137, 175, 140, 191, 160, 88, 144, 155, 67, 139, 170]项目工期为：320.0；项目成本为：247256.00000000003
染色体结构为:
[91, 129, 89, 197, 126, 57, 132, 53, 60, 117, 45, 163, 154, 27, 131, 81, 178, 82, 28, 8, 5, 62, 122, 96, 26, 50, 199, 78, 157, 158, 146, 55, 6, 16, 118, 111, 65, 33, 10, 148, 1, 37, 17, 69, 41, 43, 39, 13, 159, 143, 113, 18, 195, 153, 66, 49, 22, 174, 105, 21, 86, 15, 167, 74, 85, 102, 47, 46, 36, 156, 183, 95, 109, 30, 32, 48, 168, 79, 44, 98, 25, 59, 176, 107, 51, 106, 165, 99, 130, 63, 31, 92, 151, 42, 54, 171, 128, 133, 35, 73, 64, 116, 2, 150, 70, 84, 9, 58, 97, 180, 83, 112, 134, 145, 38, 173, 11, 103, 120, 124, 119, 193, 76, 121, 14, 149, 142, 7, 104, 24, 136, 189, 12, 101, 19, 4, 94, 181, 161, 192, 100, 34, 20, 75, 114, 182, 123, 3, 138, 80, 71, 196, 194, 72, 198, 61, 87, 137, 164, 141, 166, 68, 23, 29, 172, 40, 140, 175, 135, 127, 177, 162, 155, 186, 169, 108, 90, 190, 144, 152, 200, 184, 147, 67, 77, 160, 179, 187, 188, 125, 93, 139, 115, 170, 52, 88, 185, 56, 110, 191]项目工期为：294.0；项目成本为：258788.50000000006
染色体结构为:
[53, 7, 75, 55, 44, 149, 15, 122, 51, 95, 165, 26, 92, 62, 20, 148, 154, 25, 18, 60, 105, 156, 183, 85, 39, 49, 32, 120, 31, 21, 41, 36, 82, 138, 151, 134, 123, 5, 11, 57, 100, 84, 124, 178, 116, 58, 13, 29, 91, 27, 16, 47, 63, 86, 184, 8, 167, 35, 28, 81, 111, 153, 37, 52, 89, 168, 117, 194, 98, 1, 109, 157, 14, 34, 174, 158, 70, 133, 146, 43, 136, 186, 99, 114, 197, 131, 192, 73, 119, 199, 97, 127, 113, 48, 79, 2, 10, 33, 126, 30, 107, 65, 118, 106, 176, 59, 143, 102, 129, 150, 38, 145, 3, 130, 45, 96, 163, 4, 17, 23, 103, 50, 46, 6, 93, 64, 19, 9, 69, 152, 193, 12, 166, 195, 142, 77, 87, 108, 42, 147, 78, 94, 164, 104, 179, 112, 185, 198, 132, 182, 101, 135, 196, 66, 54, 171, 76, 173, 128, 24, 83, 180, 22, 72, 189, 121, 181, 177, 125, 172, 190, 161, 187, 56, 40, 80, 159, 188, 110, 115, 74, 90, 141, 162, 68, 140, 200, 169, 71, 155, 61, 144, 160, 137, 67, 175, 139, 170, 88, 191]项目工期为：469.0；项目成本为：204542.59999999995
染色体结构为:
[149, 53, 75, 15, 55, 44, 122, 7, 165, 26, 95, 60, 92, 51, 154, 148, 20, 18, 156, 25, 62, 183, 85, 105, 49, 39, 32, 31, 120, 41, 21, 82, 36, 151, 134, 138, 84, 5, 11, 57, 124, 58, 100, 123, 13, 178, 116, 91, 16, 29, 27, 63, 184, 35, 47, 111, 86, 28, 153, 8, 167, 81, 37, 168, 52, 1, 117, 194, 98, 89, 109, 34, 157, 14, 174, 146, 43, 70, 158, 114, 197, 99, 133, 48, 30, 136, 186, 145, 96, 126, 73, 33, 118, 192, 131, 97, 127, 10, 2, 199, 119, 59, 6, 113, 195, 69, 193, 4, 150, 166, 77, 142, 129, 38, 79, 106, 107, 176, 65, 102, 50, 143, 45, 130, 3, 163, 103, 23, 17, 46, 19, 64, 9, 93, 108, 12, 42, 87, 152, 147, 94, 78, 164, 179, 112, 104, 185, 198, 132, 182, 101, 196, 135, 66, 54, 173, 171, 76, 128, 83, 180, 24, 22, 72, 189, 181, 125, 121, 177, 190, 172, 56, 161, 187, 80, 40, 188, 115, 159, 90, 110, 162, 74, 141, 200, 169, 68, 71, 140, 144, 155, 61, 137, 160, 67, 175, 191, 139, 170, 88]项目工期为：512.0；项目成本为：198320.50000000003
染色体结构为:
[53, 75, 7, 149, 44, 55, 15, 122, 51, 165, 95, 26, 92, 62, 20, 148, 154, 25, 60, 18, 156, 105, 183, 39, 85, 49, 120, 32, 31, 41, 21, 36, 82, 138, 151, 134, 123, 11, 5, 57, 84, 100, 124, 178, 13, 58, 116, 29, 91, 16, 27, 47, 184, 63, 86, 167, 8, 35, 28, 111, 81, 153, 37, 89, 52, 168, 117, 98, 194, 109, 1, 14, 157, 34, 158, 174, 70, 133, 146, 43, 99, 136, 197, 186, 114, 131, 192, 73, 119, 199, 97, 127, 113, 48, 79, 2, 33, 10, 126, 30, 107, 65, 118, 106, 176, 59, 143, 102, 129, 38, 150, 145, 130, 3, 96, 163, 45, 17, 23, 4, 103, 50, 6, 46, 64, 93, 9, 19, 69, 152, 193, 12, 166, 195, 142, 87, 77, 108, 42, 147, 78, 94, 164, 179, 112, 185, 104, 198, 132, 101, 182, 135, 196, 66, 54, 171, 173, 76, 128, 24, 83, 180, 22, 72, 189, 121, 181, 177, 125, 172, 190, 161, 187, 56, 40, 80, 188, 159, 115, 110, 90, 74, 141, 162, 68, 200, 140, 169, 71, 155, 61, 144, 160, 137, 67, 175, 139, 170, 191, 88]项目工期为：500.0；项目成本为：198473.5
MID=1.6740041431616035
DM=79698.25452768712
SNS=0.1828633185233836
SM=0.6760879690764114
2.100427610469255E-5
84
共计用时：13秒
