染色体结构为:
[18, 8, 95, 61, 103, 75, 51, 56, 64, 130, 147, 27, 122, 109, 65, 7, 4, 137, 29, 34, 62, 33, 80, 151, 16, 190, 39, 84, 144, 118, 52, 91, 31, 161, 141, 139, 24, 60, 104, 193, 68, 48, 3, 92, 173, 23, 198, 50, 106, 115, 19, 82, 42, 165, 125, 41, 96, 123, 49, 17, 88, 150, 196, 164, 26, 21, 170, 58, 28, 181, 90, 89, 145, 191, 182, 138, 156, 76, 197, 40, 72, 53, 73, 177, 119, 5, 93, 149, 46, 158, 11, 79, 22, 83, 163, 55, 74, 6, 117, 159, 100, 43, 174, 44, 10, 69, 134, 47, 187, 107, 108, 13, 36, 85, 12, 87, 15, 155, 32, 1, 129, 25, 168, 131, 128, 66, 59, 126, 180, 54, 105, 35, 57, 121, 67, 175, 195, 71, 37, 162, 189, 94, 143, 110, 70, 45, 136, 169, 9, 2, 160, 101, 192, 186, 172, 30, 178, 97, 120, 171, 98, 14, 20, 86, 111, 116, 199, 142, 146, 132, 63, 179, 184, 133, 188, 135, 183, 81, 77, 185, 124, 112, 153, 114, 154, 152, 148, 102, 167, 78, 113, 176, 157, 38, 127, 194, 200, 166, 99, 140]项目工期为：282.0；项目成本为：167158.59999999998
染色体结构为:
[18, 103, 75, 51, 8, 95, 61, 130, 122, 56, 27, 147, 64, 4, 65, 7, 109, 34, 137, 16, 62, 29, 151, 33, 190, 80, 144, 39, 161, 84, 118, 52, 91, 141, 139, 31, 193, 24, 104, 68, 60, 173, 48, 92, 50, 3, 23, 198, 125, 115, 42, 82, 106, 19, 41, 165, 196, 123, 17, 164, 49, 96, 88, 170, 89, 26, 181, 21, 28, 145, 58, 150, 90, 108, 138, 156, 197, 1, 191, 129, 66, 182, 25, 134, 168, 35, 131, 10, 12, 107, 155, 59, 44, 158, 128, 126, 69, 15, 174, 180, 163, 6, 100, 40, 57, 195, 73, 11, 37, 105, 121, 54, 159, 71, 162, 175, 67, 36, 85, 94, 70, 46, 101, 136, 189, 143, 83, 5, 110, 93, 171, 13, 149, 53, 177, 32, 117, 20, 87, 119, 9, 111, 76, 14, 86, 43, 79, 72, 22, 160, 97, 47, 166, 2, 186, 185, 169, 132, 112, 45, 120, 192, 178, 55, 172, 98, 30, 74, 116, 146, 199, 142, 63, 184, 187, 179, 81, 183, 135, 114, 188, 124, 153, 133, 152, 154, 102, 77, 148, 113, 167, 157, 78, 176, 38, 99, 140, 194, 127, 200]项目工期为：207.0；项目成本为：200157.30000000002
染色体结构为:
[103, 18, 8, 75, 95, 51, 130, 61, 64, 122, 56, 65, 147, 7, 27, 182, 62, 29, 151, 174, 80, 11, 73, 134, 125, 43, 10, 69, 44, 55, 22, 5, 47, 165, 119, 187, 161, 137, 16, 108, 107, 109, 190, 92, 33, 144, 39, 91, 31, 52, 84, 139, 141, 118, 60, 193, 48, 173, 24, 104, 68, 3, 50, 106, 88, 198, 163, 82, 13, 26, 36, 181, 85, 19, 28, 196, 53, 32, 100, 87, 4, 12, 15, 155, 115, 41, 23, 17, 42, 123, 21, 164, 170, 96, 150, 49, 89, 138, 156, 58, 191, 90, 145, 1, 197, 25, 131, 129, 168, 66, 35, 128, 59, 180, 158, 126, 6, 40, 121, 105, 57, 54, 37, 159, 195, 67, 175, 46, 162, 71, 94, 143, 189, 136, 83, 70, 34, 93, 2, 110, 76, 45, 101, 192, 160, 169, 149, 9, 186, 172, 120, 178, 177, 30, 72, 98, 79, 14, 117, 116, 74, 199, 81, 171, 112, 113, 111, 63, 102, 20, 146, 97, 176, 77, 185, 148, 142, 188, 38, 86, 132, 140, 152, 183, 135, 78, 133, 200, 154, 153, 127, 167, 157, 184, 114, 99, 179, 194, 166, 124]项目工期为：159.0；项目成本为：234710.0000000001
染色体结构为:
[18, 103, 75, 8, 51, 95, 61, 130, 122, 56, 64, 147, 27, 4, 65, 7, 34, 109, 137, 62, 16, 151, 29, 33, 190, 80, 39, 144, 161, 118, 84, 91, 52, 141, 31, 139, 193, 104, 24, 68, 60, 173, 92, 48, 50, 198, 23, 3, 115, 125, 106, 42, 82, 19, 41, 165, 123, 196, 17, 49, 164, 96, 88, 170, 26, 89, 21, 28, 181, 145, 150, 90, 108, 58, 138, 156, 197, 1, 25, 191, 129, 66, 182, 134, 168, 35, 10, 131, 12, 107, 59, 44, 155, 158, 128, 126, 69, 15, 174, 180, 163, 6, 100, 40, 57, 73, 195, 11, 105, 37, 54, 121, 159, 71, 175, 162, 67, 36, 85, 94, 70, 46, 189, 101, 136, 143, 110, 5, 83, 93, 13, 171, 149, 53, 177, 32, 117, 87, 20, 9, 119, 111, 14, 76, 86, 43, 72, 79, 22, 160, 97, 166, 47, 2, 185, 186, 169, 112, 45, 132, 120, 192, 178, 55, 172, 98, 30, 74, 116, 199, 146, 142, 63, 184, 187, 179, 81, 183, 135, 188, 114, 153, 124, 152, 133, 102, 154, 148, 77, 113, 167, 78, 157, 176, 99, 38, 140, 194, 200, 127]项目工期为：188.0；项目成本为：213259.19999999995
染色体结构为:
[75, 18, 103, 8, 61, 51, 95, 130, 64, 122, 56, 147, 27, 65, 4, 7, 137, 34, 109, 62, 16, 151, 29, 33, 80, 144, 190, 39, 161, 84, 118, 91, 141, 52, 139, 31, 104, 24, 173, 193, 60, 68, 48, 92, 3, 23, 50, 198, 115, 125, 42, 106, 19, 82, 165, 41, 17, 123, 196, 96, 164, 49, 88, 26, 170, 21, 89, 181, 150, 28, 145, 90, 58, 138, 156, 108, 1, 197, 191, 25, 129, 182, 66, 134, 168, 35, 131, 107, 10, 155, 12, 59, 128, 44, 158, 126, 69, 15, 174, 180, 163, 6, 100, 40, 57, 73, 11, 105, 37, 121, 195, 159, 54, 175, 67, 71, 36, 162, 85, 46, 94, 70, 143, 189, 136, 110, 101, 83, 149, 13, 5, 93, 177, 171, 53, 117, 87, 32, 9, 20, 119, 14, 76, 111, 86, 22, 43, 72, 160, 79, 97, 47, 166, 185, 2, 169, 112, 132, 186, 120, 45, 192, 178, 55, 172, 98, 30, 74, 187, 142, 116, 199, 179, 146, 184, 183, 63, 188, 135, 133, 81, 153, 124, 154, 114, 102, 167, 113, 148, 77, 152, 38, 78, 157, 99, 127, 176, 194, 140, 200]项目工期为：204.0；项目成本为：200706.30000000008
染色体结构为:
[103, 18, 8, 75, 51, 95, 61, 130, 64, 122, 56, 147, 27, 65, 182, 7, 62, 29, 174, 151, 80, 73, 11, 134, 44, 125, 10, 43, 55, 69, 22, 5, 165, 119, 47, 161, 187, 137, 16, 108, 109, 107, 92, 190, 33, 144, 39, 91, 31, 52, 84, 139, 118, 141, 60, 193, 48, 24, 173, 104, 3, 68, 106, 50, 198, 88, 163, 82, 36, 13, 26, 181, 85, 28, 196, 19, 53, 32, 87, 100, 4, 12, 155, 41, 15, 115, 23, 17, 42, 123, 170, 21, 164, 96, 150, 89, 49, 138, 156, 58, 90, 191, 1, 145, 197, 131, 25, 168, 128, 129, 66, 35, 59, 180, 126, 158, 6, 40, 121, 105, 54, 37, 159, 57, 67, 195, 175, 46, 162, 71, 94, 189, 83, 143, 34, 136, 70, 93, 110, 2, 45, 76, 101, 192, 160, 149, 169, 186, 9, 172, 120, 178, 30, 177, 72, 98, 79, 14, 117, 116, 74, 81, 199, 112, 113, 171, 111, 102, 63, 97, 20, 146, 77, 148, 176, 185, 38, 142, 86, 188, 132, 152, 140, 135, 183, 78, 133, 200, 154, 127, 153, 167, 184, 157, 99, 114, 179, 194, 124, 166]项目工期为：170.0；项目成本为：229425.10000000006
染色体结构为:
[18, 8, 103, 95, 61, 130, 75, 51, 122, 64, 56, 147, 27, 7, 109, 4, 65, 137, 29, 62, 34, 80, 151, 33, 39, 16, 84, 91, 144, 190, 31, 118, 52, 161, 139, 141, 193, 92, 60, 24, 104, 48, 68, 3, 198, 173, 50, 23, 115, 106, 19, 82, 125, 42, 123, 165, 49, 96, 41, 196, 17, 88, 150, 170, 26, 164, 58, 21, 28, 90, 181, 145, 89, 191, 182, 138, 156, 40, 72, 197, 53, 177, 73, 76, 5, 149, 93, 119, 158, 46, 79, 55, 11, 163, 22, 83, 6, 74, 100, 43, 174, 159, 44, 117, 134, 107, 47, 69, 10, 187, 36, 108, 32, 13, 85, 87, 12, 15, 155, 25, 1, 129, 168, 66, 131, 126, 128, 59, 35, 180, 57, 54, 121, 195, 105, 37, 67, 175, 71, 162, 94, 189, 70, 143, 2, 101, 110, 136, 45, 169, 9, 192, 160, 172, 120, 186, 30, 171, 178, 97, 166, 98, 14, 111, 185, 132, 112, 86, 199, 20, 116, 142, 179, 63, 146, 183, 135, 184, 81, 188, 133, 124, 153, 102, 114, 77, 152, 154, 167, 148, 113, 157, 78, 38, 99, 176, 194, 140, 200, 127]项目工期为：238.0；项目成本为：182835.6000000001
染色体结构为:
[8, 18, 95, 103, 61, 75, 130, 51, 56, 27, 64, 122, 147, 109, 65, 7, 4, 34, 137, 62, 80, 33, 29, 16, 151, 39, 144, 190, 118, 84, 31, 91, 52, 161, 24, 141, 193, 139, 92, 104, 68, 3, 60, 173, 48, 198, 23, 106, 115, 50, 19, 42, 82, 125, 41, 165, 96, 123, 49, 17, 196, 164, 88, 150, 170, 21, 58, 26, 89, 90, 181, 28, 145, 138, 182, 191, 156, 197, 40, 76, 72, 177, 53, 5, 73, 93, 46, 149, 119, 158, 11, 22, 79, 163, 83, 74, 55, 117, 159, 43, 6, 174, 100, 44, 134, 10, 69, 187, 47, 107, 108, 13, 36, 12, 87, 85, 15, 155, 1, 32, 129, 25, 168, 131, 66, 59, 126, 128, 180, 35, 54, 57, 105, 121, 195, 175, 67, 162, 71, 37, 94, 189, 143, 70, 110, 136, 45, 2, 169, 9, 101, 192, 160, 186, 172, 30, 120, 178, 97, 98, 171, 20, 14, 86, 111, 116, 199, 142, 146, 184, 132, 63, 179, 183, 188, 133, 135, 81, 114, 185, 77, 112, 153, 154, 124, 152, 148, 167, 102, 113, 78, 38, 176, 157, 99, 127, 166, 200, 140, 194]项目工期为：288.0；项目成本为：166559.89999999997
染色体结构为:
[174, 11, 134, 80, 44, 125, 73, 43, 10, 103, 69, 22, 5, 55, 119, 47, 161, 165, 187, 137, 65, 107, 16, 29, 108, 92, 62, 51, 130, 151, 109, 33, 7, 39, 190, 144, 8, 95, 84, 91, 52, 61, 31, 118, 139, 141, 60, 24, 193, 3, 48, 173, 104, 50, 68, 106, 198, 88, 82, 147, 26, 163, 13, 28, 36, 19, 181, 85, 196, 53, 100, 18, 87, 12, 32, 15, 155, 4, 75, 56, 27, 122, 23, 115, 64, 41, 42, 123, 21, 17, 164, 49, 170, 96, 89, 150, 58, 138, 156, 145, 90, 1, 182, 197, 25, 191, 168, 66, 129, 131, 35, 128, 59, 180, 158, 126, 6, 40, 105, 57, 121, 54, 37, 195, 159, 67, 162, 175, 71, 46, 189, 143, 94, 136, 83, 70, 34, 93, 110, 45, 2, 76, 101, 149, 160, 192, 169, 186, 9, 30, 172, 178, 72, 120, 98, 79, 14, 177, 117, 74, 171, 116, 199, 111, 112, 81, 63, 113, 97, 20, 102, 146, 77, 176, 148, 185, 38, 86, 132, 142, 152, 188, 140, 135, 154, 133, 183, 78, 200, 167, 127, 184, 153, 114, 157, 166, 194, 179, 99, 124]项目工期为：176.0；项目成本为：222030.7
染色体结构为:
[18, 103, 75, 8, 95, 51, 130, 122, 61, 56, 27, 147, 4, 64, 109, 65, 7, 34, 137, 151, 62, 16, 29, 190, 33, 80, 144, 39, 161, 84, 91, 118, 52, 141, 139, 31, 193, 104, 24, 68, 60, 173, 48, 92, 3, 50, 198, 23, 125, 115, 42, 106, 82, 19, 41, 165, 196, 123, 49, 17, 164, 88, 96, 26, 170, 21, 89, 181, 28, 150, 145, 58, 108, 90, 138, 156, 1, 191, 66, 197, 129, 182, 134, 25, 168, 35, 131, 10, 12, 107, 155, 59, 158, 128, 44, 126, 69, 15, 174, 180, 163, 6, 100, 40, 57, 11, 73, 195, 105, 37, 121, 71, 54, 159, 162, 67, 36, 175, 94, 85, 46, 70, 101, 189, 143, 110, 83, 136, 5, 93, 13, 171, 53, 149, 177, 117, 32, 87, 20, 119, 9, 111, 76, 14, 86, 72, 43, 79, 22, 97, 160, 47, 166, 185, 186, 2, 169, 45, 112, 120, 132, 178, 55, 192, 172, 30, 98, 74, 116, 199, 142, 146, 184, 63, 179, 187, 81, 135, 114, 183, 188, 153, 152, 124, 133, 154, 102, 148, 77, 78, 113, 167, 176, 99, 38, 157, 140, 194, 127, 200]项目工期为：180.0；项目成本为：219203.8
染色体结构为:
[18, 8, 103, 95, 51, 56, 61, 75, 130, 122, 64, 147, 109, 7, 27, 65, 4, 29, 34, 137, 33, 62, 16, 80, 151, 39, 190, 144, 118, 84, 31, 91, 161, 52, 139, 141, 193, 24, 60, 68, 92, 104, 48, 3, 173, 23, 198, 106, 19, 115, 50, 82, 125, 42, 165, 123, 49, 41, 17, 96, 196, 150, 88, 164, 170, 21, 58, 26, 28, 90, 181, 89, 145, 138, 191, 182, 156, 197, 40, 72, 76, 73, 53, 119, 5, 177, 149, 46, 158, 11, 93, 22, 83, 79, 117, 163, 55, 74, 43, 6, 174, 159, 44, 100, 134, 69, 47, 10, 107, 108, 13, 85, 187, 36, 87, 12, 15, 155, 1, 32, 129, 25, 131, 168, 66, 180, 128, 126, 54, 57, 35, 59, 37, 105, 175, 195, 67, 121, 110, 71, 143, 162, 94, 70, 45, 2, 189, 136, 169, 101, 9, 192, 30, 186, 160, 120, 172, 97, 171, 14, 178, 111, 98, 86, 142, 20, 116, 199, 146, 185, 166, 132, 179, 112, 63, 184, 183, 188, 135, 81, 133, 124, 102, 153, 77, 114, 152, 154, 167, 113, 148, 157, 78, 38, 194, 176, 127, 200, 99, 140]项目工期为：354.0；项目成本为：154150.90000000002
染色体结构为:
[11, 80, 174, 134, 73, 125, 44, 43, 18, 10, 103, 8, 61, 95, 51, 130, 56, 75, 64, 122, 147, 109, 27, 137, 7, 65, 4, 34, 29, 16, 62, 33, 151, 39, 190, 84, 144, 118, 31, 161, 91, 139, 52, 141, 24, 193, 60, 92, 68, 48, 3, 173, 23, 104, 106, 19, 198, 115, 82, 50, 165, 123, 42, 49, 17, 41, 96, 150, 196, 164, 88, 170, 58, 21, 28, 26, 90, 181, 145, 138, 89, 191, 182, 197, 156, 72, 40, 53, 76, 5, 119, 149, 177, 46, 158, 83, 22, 93, 117, 163, 79, 74, 55, 159, 100, 47, 6, 69, 108, 85, 107, 13, 187, 87, 36, 12, 1, 15, 155, 129, 32, 25, 66, 131, 180, 168, 128, 126, 54, 57, 35, 59, 175, 37, 195, 105, 67, 121, 71, 110, 162, 70, 143, 94, 45, 2, 189, 136, 9, 169, 192, 101, 30, 160, 186, 172, 97, 178, 120, 171, 98, 86, 20, 14, 111, 116, 199, 142, 132, 146, 63, 184, 188, 183, 179, 133, 135, 81, 77, 185, 124, 112, 152, 153, 154, 114, 167, 113, 148, 102, 78, 38, 157, 166, 127, 176, 99, 194, 200, 140]项目工期为：280.0；项目成本为：168316.49999999988
染色体结构为:
[95, 8, 18, 75, 103, 51, 61, 130, 56, 122, 147, 64, 27, 109, 7, 65, 137, 4, 29, 34, 80, 33, 62, 151, 190, 39, 16, 118, 84, 144, 91, 31, 52, 161, 24, 141, 139, 193, 92, 60, 104, 48, 68, 3, 50, 198, 23, 106, 173, 19, 115, 82, 42, 125, 41, 96, 123, 165, 49, 17, 150, 88, 196, 164, 21, 26, 170, 58, 181, 90, 28, 89, 145, 191, 182, 138, 76, 156, 197, 40, 72, 53, 177, 73, 119, 5, 93, 149, 46, 158, 11, 79, 83, 22, 55, 74, 163, 6, 117, 159, 43, 100, 174, 44, 10, 134, 69, 47, 187, 107, 36, 108, 85, 13, 12, 87, 155, 15, 32, 1, 129, 168, 25, 128, 59, 66, 126, 131, 180, 54, 35, 105, 121, 57, 67, 175, 195, 71, 37, 162, 189, 143, 94, 110, 70, 45, 136, 169, 9, 2, 101, 160, 192, 186, 172, 30, 97, 178, 120, 171, 98, 14, 20, 86, 116, 111, 199, 142, 132, 146, 63, 179, 184, 133, 188, 81, 135, 183, 185, 77, 124, 112, 153, 114, 154, 148, 102, 152, 113, 167, 78, 157, 176, 38, 127, 194, 200, 166, 99, 140]项目工期为：243.0；项目成本为：180219.39999999997
染色体结构为:
[18, 75, 8, 103, 51, 61, 56, 95, 147, 130, 122, 64, 4, 27, 65, 137, 7, 34, 109, 151, 16, 62, 29, 80, 33, 190, 39, 161, 84, 118, 144, 52, 91, 141, 139, 31, 193, 104, 24, 68, 173, 60, 92, 50, 48, 3, 125, 198, 23, 115, 82, 42, 19, 106, 123, 41, 196, 165, 49, 17, 96, 164, 170, 88, 89, 26, 21, 181, 28, 145, 150, 90, 58, 138, 108, 156, 197, 1, 25, 191, 129, 66, 182, 168, 35, 134, 107, 10, 12, 155, 131, 59, 44, 128, 158, 69, 15, 126, 180, 174, 163, 100, 6, 40, 11, 57, 73, 105, 54, 37, 195, 159, 121, 67, 71, 175, 36, 162, 94, 70, 85, 46, 143, 189, 136, 101, 110, 83, 5, 13, 93, 149, 177, 53, 171, 32, 87, 117, 9, 20, 14, 119, 76, 111, 86, 43, 72, 79, 97, 22, 47, 160, 166, 2, 186, 112, 185, 169, 132, 120, 178, 45, 192, 55, 172, 30, 98, 74, 116, 199, 146, 184, 142, 63, 179, 81, 187, 183, 114, 188, 135, 124, 153, 152, 133, 102, 77, 167, 154, 113, 148, 78, 157, 38, 194, 176, 127, 200, 99, 140]项目工期为：197.0；项目成本为：203393.99999999988
染色体结构为:
[95, 8, 18, 75, 103, 51, 61, 130, 56, 122, 64, 27, 147, 109, 7, 65, 137, 4, 29, 62, 80, 33, 34, 16, 39, 151, 84, 190, 144, 118, 52, 31, 91, 161, 141, 139, 193, 60, 92, 68, 3, 24, 48, 104, 198, 173, 23, 50, 106, 115, 19, 125, 82, 42, 165, 41, 96, 123, 17, 49, 88, 196, 150, 164, 26, 21, 170, 58, 28, 181, 90, 89, 191, 182, 145, 138, 156, 76, 197, 40, 72, 177, 73, 53, 119, 5, 93, 46, 11, 158, 149, 79, 22, 83, 163, 74, 55, 117, 159, 6, 100, 43, 174, 10, 44, 134, 69, 47, 187, 107, 13, 36, 108, 85, 87, 12, 15, 155, 129, 32, 1, 25, 131, 128, 168, 66, 59, 126, 54, 180, 105, 121, 57, 35, 175, 71, 67, 195, 37, 162, 143, 189, 110, 94, 70, 45, 136, 169, 2, 9, 101, 192, 160, 186, 30, 172, 178, 171, 97, 98, 120, 14, 20, 86, 116, 111, 199, 142, 146, 63, 132, 179, 188, 184, 135, 133, 81, 183, 185, 77, 124, 112, 153, 114, 154, 152, 148, 102, 167, 113, 78, 176, 157, 38, 127, 194, 99, 166, 200, 140]项目工期为：247.0；项目成本为：178836.59999999995
染色体结构为:
[18, 8, 103, 95, 75, 130, 51, 61, 122, 56, 27, 64, 147, 7, 4, 109, 65, 137, 29, 34, 62, 80, 33, 16, 151, 39, 144, 190, 84, 118, 52, 91, 31, 161, 141, 193, 139, 24, 60, 92, 68, 104, 48, 3, 198, 50, 173, 23, 19, 115, 106, 125, 82, 123, 42, 165, 49, 41, 96, 17, 196, 88, 150, 170, 164, 58, 26, 21, 28, 90, 181, 145, 89, 191, 182, 138, 156, 40, 197, 76, 72, 53, 177, 73, 5, 149, 93, 46, 119, 158, 11, 79, 55, 163, 22, 74, 83, 100, 6, 43, 159, 174, 44, 117, 47, 134, 107, 10, 69, 36, 187, 13, 108, 32, 85, 87, 12, 15, 155, 1, 25, 66, 129, 168, 131, 59, 126, 128, 35, 57, 180, 195, 54, 121, 105, 67, 37, 175, 71, 162, 70, 189, 94, 143, 110, 2, 101, 45, 136, 169, 192, 9, 160, 172, 120, 186, 30, 178, 171, 97, 98, 166, 14, 111, 185, 132, 112, 199, 86, 20, 116, 142, 63, 146, 179, 183, 184, 188, 81, 135, 133, 124, 153, 102, 77, 114, 152, 154, 167, 148, 157, 113, 38, 78, 194, 176, 99, 140, 127, 200]项目工期为：219.0；项目成本为：188413.90000000005
染色体结构为:
[18, 8, 61, 95, 103, 75, 51, 64, 56, 130, 147, 27, 122, 109, 65, 7, 137, 29, 4, 34, 62, 33, 80, 151, 190, 16, 39, 84, 144, 118, 52, 91, 31, 161, 141, 139, 60, 24, 104, 193, 68, 48, 3, 173, 92, 23, 50, 106, 115, 198, 19, 42, 82, 165, 125, 41, 123, 49, 96, 17, 88, 150, 196, 164, 26, 21, 170, 28, 58, 181, 90, 89, 145, 191, 182, 138, 156, 76, 197, 40, 72, 73, 53, 119, 177, 93, 5, 149, 158, 46, 11, 83, 79, 22, 163, 55, 74, 6, 117, 159, 100, 43, 174, 44, 69, 10, 134, 47, 187, 107, 108, 13, 36, 85, 12, 87, 15, 155, 1, 25, 32, 168, 131, 129, 128, 66, 59, 126, 180, 54, 105, 35, 57, 67, 121, 175, 195, 71, 37, 162, 94, 189, 143, 70, 110, 136, 45, 169, 9, 2, 160, 101, 186, 192, 30, 172, 178, 97, 120, 171, 98, 20, 14, 86, 111, 116, 199, 142, 146, 63, 132, 179, 184, 133, 188, 183, 135, 81, 77, 185, 124, 112, 154, 153, 152, 114, 148, 102, 167, 78, 113, 176, 38, 157, 127, 194, 200, 166, 99, 140]项目工期为：237.0；项目成本为：183356.9999999999
染色体结构为:
[8, 95, 18, 103, 61, 75, 51, 130, 122, 56, 64, 147, 109, 27, 7, 65, 4, 29, 137, 34, 62, 80, 33, 151, 16, 39, 190, 144, 118, 31, 84, 52, 91, 139, 141, 193, 161, 60, 104, 68, 24, 173, 48, 92, 3, 23, 50, 198, 106, 19, 115, 42, 82, 123, 41, 165, 196, 96, 17, 125, 49, 88, 21, 164, 150, 181, 170, 26, 28, 89, 58, 145, 138, 90, 182, 156, 191, 197, 1, 66, 108, 168, 25, 131, 129, 134, 107, 10, 35, 59, 12, 44, 174, 69, 100, 155, 128, 126, 15, 158, 53, 85, 40, 76, 72, 177, 119, 73, 93, 5, 46, 11, 149, 22, 83, 79, 55, 163, 6, 43, 74, 117, 13, 159, 47, 187, 36, 32, 87, 180, 105, 57, 54, 121, 195, 67, 71, 175, 37, 94, 143, 162, 189, 110, 136, 70, 2, 169, 9, 45, 160, 101, 30, 192, 178, 186, 172, 171, 120, 97, 98, 111, 14, 86, 142, 116, 20, 184, 199, 132, 146, 179, 63, 183, 188, 135, 185, 81, 114, 133, 153, 77, 112, 124, 152, 154, 148, 102, 113, 78, 167, 38, 157, 176, 166, 99, 127, 194, 140, 200]项目工期为：241.0；项目成本为：180915.09999999998
染色体结构为:
[95, 8, 18, 103, 75, 51, 130, 61, 56, 122, 64, 147, 27, 109, 7, 65, 4, 137, 29, 34, 80, 62, 33, 151, 190, 16, 39, 118, 84, 91, 144, 31, 52, 161, 141, 24, 139, 193, 60, 92, 104, 48, 3, 68, 50, 198, 23, 106, 173, 19, 115, 82, 42, 41, 125, 165, 96, 123, 49, 17, 88, 150, 196, 164, 21, 26, 170, 58, 181, 28, 90, 89, 191, 145, 182, 138, 156, 76, 40, 197, 72, 177, 73, 53, 119, 5, 93, 149, 46, 11, 158, 79, 22, 83, 163, 55, 74, 117, 6, 100, 159, 43, 174, 44, 10, 134, 69, 47, 187, 107, 108, 13, 36, 85, 12, 87, 155, 15, 32, 129, 1, 25, 168, 131, 128, 59, 66, 126, 180, 54, 105, 35, 121, 57, 175, 67, 71, 195, 37, 162, 143, 189, 94, 110, 70, 136, 45, 169, 9, 2, 101, 192, 160, 186, 30, 172, 178, 97, 171, 98, 14, 120, 86, 116, 111, 20, 199, 142, 146, 132, 63, 184, 179, 188, 135, 133, 81, 183, 185, 124, 77, 112, 153, 154, 114, 152, 148, 102, 167, 78, 113, 157, 176, 38, 127, 194, 166, 200, 99, 140]项目工期为：272.0；项目成本为：170809.59999999998
染色体结构为:
[18, 8, 103, 95, 75, 130, 51, 61, 122, 56, 64, 27, 147, 109, 7, 4, 65, 137, 34, 29, 62, 33, 80, 151, 16, 144, 39, 190, 84, 118, 52, 91, 31, 161, 141, 139, 24, 60, 104, 193, 68, 48, 3, 92, 173, 23, 50, 106, 115, 198, 19, 42, 82, 165, 125, 41, 96, 123, 49, 17, 88, 150, 196, 164, 26, 170, 21, 28, 58, 181, 90, 89, 145, 191, 182, 138, 156, 76, 197, 40, 72, 53, 73, 119, 177, 93, 5, 149, 158, 46, 11, 79, 83, 22, 163, 55, 74, 6, 117, 159, 100, 43, 174, 69, 44, 10, 134, 47, 187, 107, 108, 13, 36, 85, 12, 15, 87, 155, 32, 1, 25, 168, 129, 128, 131, 66, 59, 126, 180, 54, 105, 35, 67, 121, 57, 175, 195, 71, 37, 162, 94, 143, 189, 70, 110, 136, 169, 45, 9, 2, 160, 101, 192, 186, 30, 172, 178, 97, 171, 120, 98, 14, 20, 111, 86, 116, 199, 142, 146, 63, 132, 179, 184, 133, 188, 135, 183, 81, 77, 185, 124, 154, 112, 153, 152, 114, 102, 148, 167, 78, 113, 176, 38, 157, 127, 194, 200, 166, 99, 140]项目工期为：240.0；项目成本为：181917.59999999995
染色体结构为:
[18, 8, 103, 95, 51, 56, 61, 75, 130, 122, 64, 147, 109, 7, 27, 65, 4, 29, 34, 137, 33, 62, 16, 80, 39, 151, 190, 144, 118, 31, 91, 84, 161, 52, 139, 141, 193, 24, 60, 68, 92, 104, 48, 3, 173, 23, 198, 106, 19, 115, 50, 82, 125, 42, 165, 49, 123, 41, 96, 17, 196, 88, 150, 164, 170, 21, 58, 26, 28, 90, 181, 89, 145, 138, 191, 182, 156, 197, 72, 40, 76, 73, 53, 119, 5, 177, 46, 149, 11, 158, 93, 22, 83, 79, 117, 55, 163, 74, 6, 43, 174, 159, 44, 100, 134, 69, 47, 107, 10, 108, 13, 85, 187, 36, 87, 12, 15, 155, 1, 32, 129, 25, 131, 168, 66, 180, 128, 126, 54, 57, 35, 59, 37, 105, 175, 195, 67, 121, 110, 71, 162, 143, 94, 70, 45, 2, 189, 136, 101, 169, 9, 192, 30, 186, 160, 172, 120, 97, 171, 14, 178, 111, 98, 86, 142, 116, 20, 199, 185, 146, 166, 132, 179, 112, 63, 184, 188, 183, 135, 81, 133, 124, 102, 153, 77, 114, 152, 154, 167, 113, 148, 157, 78, 38, 194, 176, 127, 99, 140, 200]项目工期为：334.0；项目成本为：156926.80000000002
染色体结构为:
[8, 18, 103, 95, 75, 61, 51, 130, 56, 64, 109, 122, 147, 7, 27, 4, 65, 62, 29, 137, 34, 80, 33, 151, 16, 144, 39, 190, 84, 118, 91, 52, 31, 161, 141, 139, 193, 92, 60, 24, 68, 104, 48, 3, 198, 173, 50, 23, 19, 115, 106, 125, 82, 42, 123, 165, 49, 96, 41, 17, 196, 88, 150, 164, 170, 58, 26, 21, 28, 181, 90, 145, 89, 191, 182, 138, 156, 40, 197, 72, 53, 76, 177, 73, 5, 149, 93, 119, 46, 158, 11, 79, 55, 163, 22, 83, 74, 6, 43, 100, 174, 159, 44, 117, 47, 134, 107, 69, 10, 36, 187, 13, 108, 85, 32, 12, 87, 15, 155, 25, 1, 129, 66, 168, 131, 59, 126, 35, 128, 180, 57, 195, 54, 121, 67, 105, 37, 175, 162, 71, 70, 189, 94, 143, 110, 2, 101, 45, 136, 169, 192, 160, 9, 172, 120, 186, 30, 178, 97, 171, 14, 98, 166, 111, 185, 132, 112, 86, 199, 20, 142, 116, 63, 179, 146, 184, 183, 188, 81, 135, 133, 124, 153, 102, 77, 114, 152, 154, 167, 148, 113, 157, 38, 78, 99, 194, 176, 140, 127, 200]项目工期为：227.0；项目成本为：183461.8000000001
染色体结构为:
[18, 103, 75, 8, 95, 51, 130, 122, 61, 56, 27, 147, 4, 64, 65, 109, 7, 137, 34, 151, 62, 16, 29, 33, 190, 80, 144, 39, 161, 84, 118, 91, 52, 139, 31, 141, 193, 104, 24, 68, 173, 60, 48, 92, 3, 50, 198, 23, 125, 115, 42, 106, 82, 165, 19, 41, 196, 123, 49, 17, 164, 96, 88, 26, 170, 89, 181, 28, 21, 145, 150, 58, 108, 90, 138, 156, 1, 191, 197, 66, 129, 25, 182, 134, 168, 131, 35, 10, 107, 12, 155, 59, 158, 128, 44, 126, 69, 15, 174, 180, 6, 163, 100, 40, 57, 73, 11, 195, 105, 37, 121, 54, 71, 159, 162, 36, 67, 175, 85, 94, 46, 70, 101, 189, 143, 110, 83, 5, 136, 93, 13, 171, 149, 53, 177, 117, 32, 87, 20, 119, 111, 9, 76, 14, 86, 43, 72, 79, 22, 97, 160, 47, 166, 185, 186, 2, 169, 112, 45, 120, 132, 55, 178, 192, 30, 98, 172, 74, 116, 199, 142, 146, 184, 63, 187, 179, 81, 135, 114, 183, 188, 153, 124, 152, 133, 154, 102, 77, 148, 113, 78, 167, 176, 99, 38, 140, 194, 157, 127, 200]项目工期为：189.0；项目成本为：212947.40000000002
染色体结构为:
[18, 8, 103, 95, 51, 61, 56, 75, 130, 64, 122, 147, 27, 109, 7, 65, 4, 29, 34, 137, 33, 62, 80, 16, 151, 39, 190, 144, 118, 84, 31, 91, 161, 52, 139, 141, 193, 24, 68, 104, 60, 92, 48, 3, 173, 198, 23, 106, 19, 115, 50, 42, 82, 125, 123, 165, 49, 41, 17, 96, 196, 150, 88, 164, 170, 21, 58, 26, 28, 181, 90, 89, 138, 191, 145, 182, 197, 156, 72, 40, 76, 53, 73, 5, 119, 177, 149, 46, 158, 11, 22, 93, 83, 117, 79, 163, 55, 74, 43, 6, 174, 159, 44, 100, 134, 47, 69, 10, 108, 13, 107, 85, 36, 187, 87, 12, 15, 155, 1, 32, 129, 25, 131, 66, 168, 180, 128, 126, 54, 57, 59, 35, 37, 105, 175, 195, 67, 121, 110, 71, 143, 162, 94, 70, 45, 2, 189, 136, 169, 101, 9, 30, 192, 186, 160, 120, 172, 171, 97, 178, 14, 98, 111, 142, 86, 20, 116, 199, 146, 184, 132, 179, 63, 183, 188, 185, 135, 81, 133, 112, 114, 77, 153, 124, 152, 148, 154, 167, 102, 78, 38, 176, 113, 127, 157, 99, 166, 140, 194, 200]项目工期为：341.0；项目成本为：156713.90000000002
染色体结构为:
[18, 8, 103, 61, 75, 56, 51, 122, 130, 95, 64, 7, 147, 65, 4, 27, 16, 109, 42, 40, 72, 53, 76, 34, 96, 49, 177, 182, 62, 145, 80, 5, 29, 151, 196, 144, 137, 161, 39, 33, 141, 31, 190, 91, 118, 84, 115, 52, 73, 119, 68, 93, 17, 158, 125, 24, 198, 11, 3, 149, 46, 79, 22, 55, 23, 163, 165, 164, 123, 58, 138, 6, 74, 83, 100, 197, 117, 159, 43, 44, 174, 10, 47, 134, 69, 139, 107, 187, 92, 193, 48, 173, 108, 60, 104, 41, 106, 50, 88, 26, 82, 13, 19, 36, 85, 28, 181, 87, 32, 12, 15, 155, 150, 170, 21, 156, 89, 90, 191, 25, 1, 129, 168, 131, 66, 126, 59, 35, 54, 128, 180, 57, 121, 195, 105, 71, 175, 37, 67, 94, 162, 189, 143, 110, 136, 70, 45, 169, 2, 160, 101, 172, 9, 192, 186, 30, 120, 178, 97, 171, 14, 98, 86, 111, 199, 20, 142, 116, 146, 179, 132, 63, 184, 183, 188, 185, 133, 135, 81, 124, 77, 112, 114, 148, 153, 152, 154, 167, 102, 113, 38, 166, 176, 99, 78, 140, 200, 194, 157, 127]项目工期为：201.0；项目成本为：202100.39999999997
染色体结构为:
[8, 18, 95, 103, 75, 61, 130, 51, 56, 64, 27, 122, 147, 109, 65, 7, 4, 34, 137, 62, 29, 80, 33, 16, 39, 151, 144, 190, 84, 118, 31, 91, 161, 52, 141, 24, 193, 139, 92, 104, 68, 60, 3, 48, 173, 198, 23, 50, 106, 115, 19, 42, 82, 125, 165, 41, 123, 49, 17, 96, 196, 164, 88, 150, 21, 170, 58, 26, 90, 89, 28, 181, 138, 145, 182, 191, 156, 197, 40, 76, 72, 177, 53, 73, 5, 93, 46, 149, 158, 119, 11, 22, 79, 83, 163, 55, 74, 117, 159, 6, 43, 174, 100, 44, 10, 134, 69, 187, 47, 107, 108, 13, 36, 85, 12, 87, 15, 155, 1, 32, 129, 25, 168, 131, 66, 59, 180, 126, 128, 54, 35, 105, 57, 195, 121, 175, 67, 71, 162, 37, 94, 143, 189, 70, 110, 136, 45, 2, 169, 9, 101, 192, 186, 160, 172, 120, 30, 178, 97, 98, 171, 20, 14, 86, 116, 111, 199, 142, 146, 132, 63, 179, 184, 188, 183, 133, 135, 81, 114, 185, 77, 112, 124, 153, 154, 152, 148, 167, 102, 113, 78, 38, 176, 99, 157, 127, 166, 200, 140, 194]项目工期为：291.0；项目成本为：164903.80000000002
染色体结构为:
[18, 103, 75, 51, 8, 95, 61, 130, 122, 56, 27, 64, 147, 65, 4, 7, 109, 137, 62, 34, 16, 151, 29, 190, 33, 80, 161, 39, 118, 84, 144, 91, 52, 141, 31, 139, 104, 24, 193, 68, 60, 92, 48, 50, 173, 198, 23, 3, 115, 125, 106, 82, 42, 41, 19, 17, 165, 123, 196, 49, 164, 96, 88, 26, 170, 89, 21, 28, 181, 145, 150, 90, 108, 58, 138, 156, 197, 1, 25, 191, 129, 66, 182, 168, 134, 35, 10, 12, 131, 59, 107, 44, 158, 155, 128, 126, 69, 15, 180, 174, 163, 6, 100, 40, 57, 73, 195, 11, 105, 37, 54, 121, 159, 71, 175, 162, 67, 36, 85, 94, 70, 46, 189, 101, 136, 143, 5, 110, 93, 83, 171, 13, 53, 149, 32, 177, 87, 117, 119, 20, 9, 111, 14, 76, 86, 43, 72, 79, 22, 97, 160, 166, 2, 47, 185, 186, 169, 112, 45, 132, 120, 192, 178, 55, 172, 30, 98, 74, 116, 199, 146, 142, 63, 187, 184, 179, 183, 81, 135, 114, 153, 188, 124, 152, 133, 154, 102, 148, 77, 113, 167, 78, 176, 157, 38, 99, 194, 140, 200, 127]项目工期为：185.0；项目成本为：214115.3
染色体结构为:
[18, 103, 8, 95, 61, 51, 75, 130, 56, 122, 64, 147, 27, 109, 65, 137, 7, 4, 34, 62, 29, 33, 80, 16, 39, 151, 190, 144, 118, 84, 91, 52, 31, 161, 141, 139, 60, 24, 104, 92, 193, 48, 68, 3, 173, 50, 23, 106, 115, 198, 82, 125, 42, 19, 41, 165, 96, 123, 49, 17, 88, 150, 196, 164, 170, 58, 26, 21, 28, 89, 90, 145, 181, 138, 191, 182, 156, 197, 40, 76, 72, 53, 119, 177, 93, 73, 5, 158, 11, 46, 149, 22, 79, 83, 163, 74, 6, 55, 159, 117, 100, 43, 174, 44, 10, 69, 134, 47, 187, 108, 107, 13, 85, 87, 36, 12, 15, 1, 25, 32, 155, 129, 131, 66, 168, 54, 180, 128, 126, 35, 57, 59, 105, 67, 175, 37, 195, 71, 110, 121, 162, 143, 70, 94, 2, 45, 189, 136, 169, 9, 101, 30, 192, 111, 20, 171, 160, 186, 172, 98, 120, 178, 97, 86, 14, 146, 142, 199, 116, 184, 132, 179, 63, 135, 188, 183, 114, 112, 81, 185, 77, 153, 133, 152, 124, 148, 102, 154, 167, 113, 38, 78, 176, 157, 127, 99, 166, 140, 194, 200]项目工期为：303.0；项目成本为：163732.3
染色体结构为:
[95, 8, 18, 75, 103, 51, 130, 61, 122, 56, 64, 147, 27, 7, 109, 65, 137, 4, 29, 80, 33, 34, 62, 151, 190, 39, 16, 118, 84, 91, 144, 52, 161, 141, 31, 139, 24, 193, 60, 104, 48, 92, 3, 68, 50, 23, 198, 106, 173, 19, 115, 82, 42, 125, 96, 41, 123, 165, 49, 17, 88, 150, 196, 164, 26, 21, 170, 58, 181, 28, 90, 89, 191, 145, 182, 138, 156, 76, 40, 72, 73, 177, 197, 53, 119, 93, 5, 149, 46, 11, 158, 79, 22, 83, 163, 55, 74, 117, 6, 159, 100, 43, 174, 44, 10, 134, 69, 47, 107, 187, 36, 108, 85, 13, 12, 87, 155, 15, 32, 129, 1, 25, 131, 168, 59, 66, 128, 126, 180, 54, 105, 121, 35, 57, 71, 67, 175, 37, 195, 162, 143, 189, 94, 110, 70, 45, 136, 169, 9, 2, 101, 192, 160, 172, 120, 186, 178, 30, 97, 98, 171, 14, 166, 111, 185, 112, 132, 86, 199, 20, 142, 116, 179, 63, 146, 184, 183, 188, 135, 133, 81, 124, 102, 153, 77, 114, 152, 167, 154, 113, 157, 148, 78, 99, 38, 176, 127, 200, 140, 194]项目工期为：244.0；项目成本为：180108.70000000004
染色体结构为:
[147, 151, 159, 61, 108, 128, 21, 19, 137, 14, 48, 13, 57, 17, 25, 49, 66, 45, 181, 51, 141, 62, 28, 29, 109, 190, 80, 130, 8, 33, 161, 39, 91, 144, 65, 7, 118, 84, 95, 52, 139, 100, 31, 53, 85, 196, 88, 18, 32, 12, 107, 155, 87, 15, 75, 103, 64, 56, 27, 122, 42, 16, 40, 4, 34, 145, 177, 72, 76, 182, 96, 5, 11, 198, 46, 119, 24, 149, 125, 3, 22, 165, 115, 79, 164, 23, 55, 163, 6, 123, 138, 197, 83, 74, 58, 117, 93, 106, 73, 1, 199, 168, 60, 92, 36, 89, 193, 68, 104, 82, 173, 50, 41, 170, 150, 90, 26, 156, 129, 191, 10, 35, 131, 134, 126, 69, 59, 44, 174, 180, 158, 105, 195, 54, 67, 162, 121, 175, 70, 71, 37, 94, 136, 143, 189, 110, 160, 101, 169, 192, 2, 9, 30, 186, 172, 178, 43, 120, 98, 81, 111, 63, 171, 116, 112, 20, 113, 148, 97, 47, 166, 185, 99, 140, 132, 188, 154, 102, 187, 142, 86, 183, 146, 133, 179, 184, 153, 124, 135, 77, 152, 114, 38, 78, 176, 200, 167, 127, 157, 194]项目工期为：196.0；项目成本为：205330.59999999998
染色体结构为:
[8, 95, 18, 75, 103, 51, 130, 61, 56, 147, 122, 64, 27, 109, 7, 65, 137, 4, 80, 29, 34, 33, 151, 62, 190, 39, 16, 118, 91, 84, 144, 31, 52, 161, 141, 24, 193, 139, 92, 104, 48, 60, 3, 68, 50, 198, 23, 106, 173, 19, 115, 82, 42, 125, 96, 41, 165, 123, 49, 17, 88, 150, 164, 196, 26, 170, 21, 58, 181, 28, 90, 89, 191, 145, 182, 138, 156, 76, 197, 72, 40, 73, 177, 53, 119, 5, 93, 149, 46, 11, 158, 22, 79, 83, 163, 55, 74, 117, 6, 159, 100, 43, 174, 10, 44, 134, 69, 47, 187, 107, 36, 108, 13, 85, 12, 87, 155, 15, 129, 32, 1, 168, 25, 128, 131, 59, 66, 126, 180, 54, 105, 121, 57, 35, 67, 175, 71, 195, 37, 162, 143, 189, 94, 110, 70, 45, 136, 169, 9, 2, 101, 192, 160, 186, 30, 172, 178, 97, 171, 98, 120, 14, 86, 116, 20, 199, 111, 142, 132, 146, 63, 179, 184, 188, 81, 135, 133, 185, 183, 77, 112, 124, 153, 114, 154, 152, 148, 102, 167, 113, 176, 78, 157, 38, 127, 194, 200, 166, 99, 140]项目工期为：265.0；项目成本为：172250.29999999996
染色体结构为:
[18, 8, 103, 95, 51, 56, 61, 75, 130, 122, 64, 147, 109, 7, 27, 65, 4, 29, 34, 137, 33, 62, 16, 80, 151, 39, 190, 144, 118, 31, 84, 91, 161, 52, 141, 139, 193, 24, 60, 68, 92, 104, 48, 3, 173, 23, 198, 106, 19, 115, 50, 82, 125, 42, 123, 165, 49, 41, 96, 17, 196, 150, 88, 164, 170, 21, 26, 28, 58, 90, 181, 89, 145, 138, 191, 156, 182, 197, 40, 76, 72, 73, 53, 119, 5, 177, 149, 46, 158, 11, 93, 22, 79, 83, 117, 163, 55, 74, 43, 6, 174, 159, 44, 100, 69, 134, 47, 10, 107, 108, 13, 85, 187, 36, 87, 12, 15, 155, 1, 32, 129, 25, 168, 131, 66, 180, 126, 128, 54, 57, 35, 59, 37, 105, 175, 195, 67, 121, 110, 143, 71, 162, 70, 94, 45, 2, 189, 136, 169, 101, 9, 192, 30, 160, 186, 120, 172, 97, 171, 178, 14, 98, 111, 86, 142, 20, 116, 199, 146, 185, 166, 132, 179, 112, 63, 184, 183, 188, 135, 81, 133, 124, 102, 153, 77, 114, 152, 154, 167, 148, 113, 157, 38, 78, 194, 176, 200, 127, 99, 140]项目工期为：399.0；项目成本为：152173.69999999998
染色体结构为:
[8, 103, 18, 75, 95, 130, 61, 56, 51, 122, 64, 147, 27, 7, 109, 4, 65, 137, 34, 29, 62, 80, 33, 151, 16, 39, 144, 190, 84, 91, 118, 52, 31, 161, 141, 139, 193, 24, 92, 60, 104, 68, 48, 3, 198, 173, 23, 50, 115, 19, 106, 125, 82, 42, 123, 165, 49, 96, 41, 196, 88, 17, 150, 164, 170, 26, 58, 28, 21, 181, 90, 145, 191, 182, 89, 138, 156, 40, 72, 197, 76, 53, 177, 73, 5, 93, 149, 119, 46, 158, 11, 79, 55, 22, 163, 83, 74, 6, 43, 100, 174, 44, 159, 117, 47, 134, 107, 69, 10, 36, 187, 108, 32, 13, 85, 87, 12, 15, 155, 25, 129, 1, 168, 66, 131, 59, 128, 126, 35, 180, 57, 54, 195, 121, 105, 67, 175, 71, 37, 162, 189, 94, 70, 143, 110, 2, 101, 45, 136, 169, 192, 160, 120, 172, 9, 186, 30, 97, 178, 171, 98, 14, 166, 111, 185, 112, 86, 132, 199, 20, 142, 63, 116, 179, 146, 184, 183, 188, 135, 81, 124, 133, 153, 102, 77, 152, 114, 148, 154, 113, 167, 38, 157, 78, 99, 194, 176, 127, 140, 200]项目工期为：223.0；项目成本为：187113.8000000001
染色体结构为:
[103, 18, 95, 8, 61, 51, 75, 130, 56, 122, 64, 147, 27, 109, 65, 137, 7, 4, 34, 29, 62, 33, 80, 151, 16, 39, 84, 190, 144, 118, 91, 52, 161, 31, 141, 139, 60, 24, 104, 193, 92, 48, 68, 3, 173, 50, 23, 106, 198, 115, 82, 19, 125, 42, 165, 41, 123, 96, 17, 49, 88, 196, 150, 164, 170, 58, 26, 21, 28, 90, 181, 89, 145, 138, 182, 191, 156, 197, 40, 72, 76, 53, 177, 73, 119, 5, 93, 46, 158, 11, 149, 22, 79, 83, 163, 74, 55, 6, 117, 159, 100, 43, 174, 44, 10, 134, 69, 47, 187, 107, 13, 108, 36, 12, 85, 87, 1, 32, 15, 129, 155, 25, 168, 66, 131, 128, 126, 59, 180, 105, 54, 35, 121, 195, 57, 71, 175, 67, 37, 162, 189, 94, 70, 143, 110, 101, 2, 45, 136, 169, 160, 192, 9, 172, 186, 30, 120, 178, 97, 171, 98, 14, 166, 111, 185, 132, 112, 86, 199, 20, 142, 63, 116, 179, 184, 146, 183, 188, 81, 133, 135, 124, 153, 102, 77, 114, 152, 154, 167, 148, 113, 157, 38, 78, 99, 194, 176, 140, 127, 200]项目工期为：277.0；项目成本为：170157.30000000008
染色体结构为:
[11, 174, 80, 73, 103, 18, 61, 8, 95, 51, 56, 130, 64, 75, 122, 147, 27, 109, 65, 7, 4, 137, 29, 33, 34, 62, 16, 39, 151, 190, 144, 118, 84, 31, 161, 91, 139, 52, 193, 24, 141, 60, 68, 92, 104, 48, 173, 23, 3, 19, 198, 106, 115, 82, 125, 50, 42, 165, 17, 123, 41, 49, 196, 96, 150, 88, 164, 170, 21, 58, 26, 28, 90, 181, 89, 145, 138, 191, 182, 197, 156, 76, 40, 72, 119, 5, 53, 177, 149, 46, 22, 158, 93, 83, 117, 163, 74, 79, 55, 43, 6, 134, 159, 47, 44, 100, 107, 69, 10, 108, 85, 187, 13, 36, 87, 12, 1, 32, 15, 25, 155, 129, 131, 66, 168, 54, 128, 180, 126, 35, 59, 57, 37, 105, 175, 67, 195, 121, 110, 71, 162, 143, 70, 94, 45, 2, 189, 136, 9, 101, 169, 30, 192, 171, 111, 20, 160, 186, 172, 120, 178, 98, 97, 86, 14, 142, 116, 146, 199, 184, 132, 179, 183, 63, 135, 188, 185, 133, 81, 77, 114, 124, 112, 152, 153, 154, 148, 102, 167, 113, 78, 38, 157, 176, 127, 99, 140, 166, 200, 194]项目工期为：313.0；项目成本为：158576.79999999996
染色体结构为:
[103, 61, 18, 8, 95, 51, 56, 130, 122, 75, 147, 64, 109, 7, 27, 65, 4, 137, 34, 29, 33, 16, 80, 62, 39, 190, 151, 118, 144, 31, 84, 161, 139, 91, 52, 141, 24, 193, 60, 92, 104, 68, 3, 48, 173, 198, 23, 50, 106, 115, 19, 42, 82, 125, 165, 41, 123, 49, 17, 96, 196, 164, 88, 150, 21, 170, 58, 26, 90, 89, 28, 181, 138, 145, 182, 156, 191, 197, 40, 76, 72, 177, 53, 73, 5, 93, 46, 149, 158, 119, 11, 22, 83, 79, 163, 55, 74, 117, 159, 6, 43, 174, 100, 44, 10, 134, 187, 69, 47, 107, 108, 13, 36, 85, 12, 87, 15, 155, 1, 32, 129, 25, 168, 66, 131, 59, 180, 126, 128, 54, 35, 105, 57, 195, 121, 67, 175, 71, 162, 37, 94, 143, 189, 70, 110, 136, 45, 2, 169, 9, 101, 192, 186, 160, 120, 172, 30, 178, 97, 98, 171, 20, 14, 86, 116, 111, 199, 142, 146, 132, 63, 179, 184, 188, 183, 133, 135, 81, 185, 77, 114, 112, 124, 153, 152, 154, 148, 102, 167, 113, 78, 38, 176, 99, 157, 166, 127, 200, 140, 194]项目工期为：304.0；项目成本为：163260.30000000002
染色体结构为:
[8, 18, 95, 103, 75, 61, 130, 51, 56, 64, 122, 109, 147, 27, 7, 4, 62, 29, 65, 137, 34, 33, 80, 151, 16, 144, 84, 190, 118, 39, 91, 52, 31, 141, 139, 193, 161, 92, 60, 24, 68, 48, 104, 3, 198, 50, 23, 173, 19, 115, 125, 106, 82, 42, 123, 165, 49, 41, 96, 196, 17, 88, 150, 164, 170, 26, 58, 21, 28, 181, 90, 145, 191, 89, 138, 182, 156, 40, 197, 72, 76, 53, 73, 177, 5, 93, 149, 119, 46, 158, 11, 55, 79, 163, 22, 74, 83, 6, 43, 100, 159, 174, 117, 44, 47, 107, 134, 69, 10, 36, 187, 108, 13, 85, 32, 12, 87, 15, 155, 25, 1, 129, 66, 168, 131, 126, 35, 128, 59, 180, 57, 195, 121, 54, 67, 105, 37, 175, 162, 71, 189, 70, 143, 94, 2, 101, 110, 45, 136, 192, 169, 160, 9, 172, 120, 186, 30, 178, 171, 98, 97, 166, 14, 111, 132, 185, 112, 199, 86, 116, 63, 20, 142, 146, 179, 183, 184, 188, 81, 135, 133, 124, 153, 102, 77, 114, 152, 167, 154, 148, 113, 157, 38, 78, 194, 176, 140, 99, 127, 200]项目工期为：214.0；项目成本为：192942.00000000006
染色体结构为:
[18, 8, 95, 51, 103, 61, 75, 130, 56, 64, 122, 27, 147, 109, 7, 65, 4, 29, 137, 34, 62, 33, 16, 80, 151, 39, 144, 190, 118, 84, 31, 91, 161, 52, 139, 141, 24, 68, 193, 60, 104, 3, 92, 48, 173, 198, 19, 23, 115, 106, 42, 50, 82, 125, 165, 49, 123, 41, 17, 96, 150, 88, 196, 164, 21, 170, 58, 26, 28, 181, 90, 89, 191, 145, 138, 156, 182, 40, 197, 72, 53, 73, 76, 5, 119, 149, 46, 177, 158, 11, 93, 83, 22, 117, 79, 163, 55, 74, 43, 6, 174, 159, 44, 100, 134, 47, 108, 69, 10, 107, 13, 85, 187, 36, 87, 12, 155, 15, 1, 32, 129, 131, 66, 25, 180, 168, 54, 126, 128, 35, 57, 59, 105, 67, 175, 195, 37, 110, 71, 121, 162, 143, 94, 70, 45, 2, 189, 136, 9, 169, 101, 30, 192, 111, 171, 20, 160, 172, 120, 186, 98, 178, 97, 86, 14, 146, 142, 199, 132, 116, 184, 179, 63, 135, 188, 183, 114, 112, 81, 77, 185, 153, 133, 152, 124, 148, 102, 154, 167, 113, 38, 78, 157, 99, 176, 127, 166, 140, 194, 200]项目工期为：329.0；项目成本为：157649.7999999999
染色体结构为:
[18, 103, 75, 51, 8, 95, 61, 130, 122, 56, 27, 147, 65, 64, 4, 7, 109, 137, 62, 16, 34, 151, 29, 190, 33, 80, 161, 39, 118, 84, 144, 91, 52, 141, 31, 139, 24, 104, 193, 60, 68, 92, 48, 50, 173, 198, 23, 3, 125, 106, 115, 82, 42, 41, 19, 17, 165, 123, 196, 49, 164, 88, 26, 96, 170, 89, 28, 21, 181, 145, 150, 108, 90, 58, 138, 156, 197, 1, 25, 191, 129, 66, 182, 168, 134, 35, 10, 12, 131, 59, 107, 44, 158, 128, 155, 126, 69, 15, 180, 174, 6, 163, 100, 40, 57, 73, 11, 195, 105, 37, 54, 121, 159, 71, 175, 162, 67, 36, 85, 94, 46, 70, 189, 101, 136, 143, 5, 110, 93, 83, 171, 13, 53, 149, 32, 177, 87, 117, 119, 20, 9, 111, 14, 76, 86, 43, 79, 72, 22, 97, 160, 2, 166, 47, 186, 185, 169, 112, 45, 132, 120, 192, 178, 55, 172, 30, 98, 116, 74, 199, 146, 142, 63, 187, 184, 179, 183, 81, 135, 114, 153, 188, 124, 133, 152, 154, 102, 148, 77, 113, 167, 78, 176, 157, 99, 38, 194, 140, 200, 127]项目工期为：183.0；项目成本为：217057.69999999998
染色体结构为:
[103, 8, 18, 75, 51, 95, 61, 130, 64, 56, 147, 122, 27, 182, 65, 7, 62, 29, 174, 151, 73, 80, 11, 134, 44, 125, 10, 43, 55, 69, 5, 22, 119, 165, 47, 161, 187, 137, 16, 109, 108, 107, 92, 190, 144, 33, 39, 91, 52, 31, 84, 139, 141, 118, 60, 48, 24, 193, 3, 173, 104, 68, 106, 198, 50, 88, 82, 163, 36, 13, 26, 85, 181, 28, 196, 19, 32, 53, 87, 100, 4, 155, 12, 41, 15, 115, 23, 17, 42, 170, 123, 164, 21, 96, 89, 150, 49, 138, 156, 90, 58, 191, 1, 145, 197, 131, 25, 168, 128, 129, 35, 66, 59, 180, 126, 158, 6, 121, 40, 105, 37, 54, 159, 57, 67, 195, 175, 46, 162, 71, 94, 189, 83, 143, 136, 34, 70, 93, 110, 2, 76, 45, 101, 192, 160, 149, 169, 186, 9, 172, 120, 178, 30, 177, 72, 98, 79, 14, 117, 74, 116, 81, 199, 112, 113, 171, 102, 111, 63, 97, 20, 146, 77, 148, 185, 176, 38, 142, 86, 188, 132, 152, 140, 135, 183, 133, 78, 200, 154, 127, 167, 184, 153, 99, 157, 114, 179, 194, 166, 124]项目工期为：174.0；项目成本为：227662.2
染色体结构为:
[103, 18, 75, 8, 95, 51, 130, 122, 61, 56, 27, 147, 4, 65, 64, 109, 7, 34, 137, 151, 62, 16, 29, 33, 190, 80, 144, 161, 39, 84, 118, 91, 52, 141, 139, 31, 193, 24, 104, 68, 60, 173, 48, 92, 3, 50, 198, 23, 125, 115, 42, 106, 82, 19, 165, 41, 196, 123, 49, 17, 164, 96, 88, 170, 26, 89, 181, 28, 21, 145, 150, 58, 108, 90, 138, 156, 1, 191, 197, 66, 129, 182, 25, 168, 134, 131, 35, 10, 107, 12, 155, 59, 158, 128, 44, 126, 69, 15, 174, 180, 163, 6, 40, 100, 57, 11, 73, 195, 105, 37, 121, 54, 71, 159, 162, 67, 36, 85, 175, 94, 46, 70, 189, 101, 143, 110, 83, 136, 5, 93, 13, 171, 149, 53, 177, 117, 32, 87, 20, 119, 9, 111, 76, 14, 86, 72, 43, 79, 22, 97, 160, 47, 166, 185, 2, 186, 169, 112, 45, 120, 132, 178, 55, 192, 172, 30, 98, 74, 116, 142, 199, 146, 184, 63, 187, 179, 81, 135, 114, 183, 188, 153, 124, 152, 133, 154, 102, 77, 148, 113, 78, 167, 176, 99, 38, 157, 140, 194, 127, 200]项目工期为：191.0；项目成本为：209459.9
染色体结构为:
[18, 8, 95, 103, 51, 56, 61, 75, 130, 64, 122, 147, 109, 7, 27, 65, 4, 34, 29, 137, 33, 16, 62, 80, 151, 39, 144, 190, 118, 84, 31, 91, 161, 52, 139, 141, 193, 24, 68, 92, 60, 104, 48, 3, 173, 23, 198, 106, 19, 115, 50, 82, 125, 42, 165, 123, 49, 41, 17, 96, 196, 150, 164, 88, 170, 21, 58, 26, 90, 28, 181, 145, 89, 138, 191, 156, 197, 182, 40, 72, 76, 73, 53, 119, 5, 177, 149, 46, 158, 11, 93, 22, 83, 79, 117, 163, 55, 74, 43, 6, 174, 159, 44, 100, 134, 69, 47, 10, 107, 108, 13, 85, 187, 36, 87, 12, 15, 155, 1, 32, 25, 129, 131, 168, 66, 180, 128, 126, 54, 57, 35, 59, 37, 105, 175, 195, 67, 121, 110, 71, 143, 162, 94, 70, 45, 2, 136, 189, 169, 101, 9, 192, 30, 186, 160, 120, 97, 172, 14, 171, 178, 111, 98, 86, 142, 116, 199, 20, 146, 185, 166, 179, 132, 112, 63, 184, 183, 188, 135, 81, 133, 124, 102, 153, 77, 114, 152, 154, 167, 113, 148, 157, 78, 38, 194, 176, 200, 127, 99, 140]项目工期为：331.0；项目成本为：157093.2
染色体结构为:
[8, 18, 103, 95, 75, 61, 51, 64, 130, 56, 147, 122, 27, 109, 65, 4, 7, 137, 29, 34, 62, 80, 33, 16, 151, 190, 39, 144, 84, 118, 52, 91, 31, 161, 139, 141, 24, 104, 60, 193, 68, 48, 3, 92, 173, 23, 198, 50, 106, 115, 19, 82, 42, 125, 41, 165, 96, 123, 17, 49, 88, 150, 196, 26, 21, 164, 170, 28, 58, 181, 90, 89, 145, 191, 182, 138, 76, 156, 40, 197, 72, 73, 53, 177, 119, 93, 5, 46, 149, 158, 79, 11, 22, 83, 163, 74, 55, 117, 6, 159, 100, 174, 43, 44, 10, 134, 69, 47, 107, 187, 108, 13, 36, 85, 12, 87, 15, 155, 32, 1, 25, 129, 168, 131, 128, 66, 59, 126, 180, 54, 35, 105, 57, 121, 175, 67, 37, 195, 162, 71, 189, 143, 94, 110, 70, 136, 45, 169, 9, 2, 160, 101, 186, 192, 30, 172, 178, 97, 171, 120, 98, 14, 20, 111, 86, 116, 199, 142, 132, 146, 63, 184, 179, 133, 188, 183, 81, 135, 77, 185, 112, 124, 153, 114, 154, 148, 152, 167, 78, 102, 113, 176, 157, 38, 127, 194, 200, 166, 99, 140]项目工期为：262.0；项目成本为：172614.09999999998
染色体结构为:
[95, 8, 18, 75, 103, 51, 130, 61, 122, 56, 64, 147, 27, 7, 109, 65, 137, 4, 29, 80, 34, 33, 62, 151, 39, 16, 190, 118, 84, 91, 144, 52, 161, 141, 31, 139, 24, 193, 60, 104, 48, 92, 3, 68, 50, 23, 198, 106, 173, 19, 115, 82, 42, 125, 96, 41, 123, 165, 17, 49, 88, 150, 196, 164, 21, 26, 170, 58, 181, 90, 28, 89, 191, 145, 182, 138, 156, 76, 40, 73, 72, 177, 197, 53, 119, 93, 5, 149, 46, 11, 158, 79, 22, 83, 163, 55, 74, 117, 6, 159, 100, 43, 174, 44, 10, 134, 69, 47, 187, 107, 36, 108, 85, 13, 12, 155, 87, 15, 32, 129, 1, 25, 131, 168, 59, 66, 128, 126, 180, 54, 105, 121, 35, 57, 71, 67, 175, 37, 195, 162, 143, 189, 94, 70, 110, 45, 136, 169, 9, 2, 101, 160, 192, 172, 120, 178, 186, 30, 97, 98, 14, 171, 166, 111, 112, 185, 132, 86, 199, 20, 142, 179, 116, 63, 146, 184, 183, 188, 135, 81, 133, 124, 102, 153, 77, 152, 114, 167, 154, 113, 157, 148, 78, 99, 38, 176, 127, 200, 194, 140]项目工期为：246.0；项目成本为：179712.2
染色体结构为:
[18, 8, 95, 103, 51, 61, 75, 56, 130, 122, 147, 64, 27, 109, 65, 7, 4, 29, 34, 137, 33, 62, 80, 16, 151, 39, 190, 118, 144, 84, 31, 91, 161, 52, 139, 141, 24, 68, 193, 104, 60, 92, 48, 173, 198, 23, 3, 106, 19, 115, 42, 50, 82, 125, 123, 49, 165, 41, 17, 96, 196, 150, 88, 164, 170, 21, 58, 26, 181, 28, 90, 89, 138, 191, 145, 182, 156, 197, 72, 40, 76, 53, 73, 5, 177, 149, 119, 46, 158, 11, 83, 93, 22, 117, 79, 163, 55, 74, 43, 6, 159, 174, 44, 134, 100, 47, 108, 69, 10, 107, 13, 187, 85, 36, 87, 12, 155, 15, 1, 32, 129, 131, 66, 180, 25, 168, 54, 126, 128, 35, 57, 59, 105, 67, 175, 195, 37, 110, 121, 71, 162, 143, 94, 70, 45, 2, 189, 9, 136, 169, 101, 30, 192, 111, 171, 20, 160, 120, 172, 186, 98, 97, 178, 86, 14, 146, 142, 199, 132, 116, 184, 179, 63, 188, 135, 183, 114, 112, 81, 77, 185, 153, 133, 152, 124, 148, 102, 154, 167, 113, 38, 78, 99, 157, 176, 127, 166, 140, 200, 194]项目工期为：398.0；项目成本为：152804.8999999999
染色体结构为:
[18, 8, 103, 51, 95, 61, 56, 75, 130, 64, 147, 122, 27, 109, 7, 65, 4, 29, 34, 33, 137, 62, 80, 16, 151, 39, 190, 144, 118, 84, 31, 161, 52, 91, 141, 139, 193, 24, 68, 104, 60, 92, 48, 3, 173, 198, 23, 106, 19, 115, 50, 42, 82, 125, 123, 165, 49, 41, 96, 17, 196, 150, 88, 164, 170, 58, 21, 26, 28, 90, 89, 181, 145, 138, 182, 191, 156, 197, 40, 76, 72, 53, 73, 119, 5, 177, 149, 46, 11, 158, 22, 93, 83, 117, 163, 79, 74, 55, 43, 174, 6, 134, 159, 47, 44, 100, 107, 69, 108, 10, 85, 187, 13, 36, 87, 12, 32, 1, 15, 25, 155, 129, 66, 131, 54, 168, 128, 126, 180, 35, 57, 59, 37, 105, 175, 67, 195, 121, 110, 71, 162, 143, 70, 94, 45, 2, 189, 136, 169, 9, 101, 30, 171, 192, 111, 20, 160, 186, 172, 120, 178, 98, 97, 14, 86, 142, 116, 146, 199, 184, 132, 179, 183, 63, 135, 188, 185, 133, 81, 77, 114, 124, 112, 152, 153, 154, 148, 167, 102, 113, 38, 78, 157, 176, 127, 99, 140, 166, 194, 200]项目工期为：343.0；项目成本为：154722.59999999998
染色体结构为:
[18, 103, 8, 95, 51, 61, 56, 75, 64, 122, 130, 147, 27, 109, 7, 65, 4, 29, 34, 137, 62, 33, 80, 16, 151, 190, 39, 144, 84, 31, 118, 91, 161, 52, 141, 139, 24, 193, 68, 104, 60, 92, 48, 3, 173, 198, 23, 106, 19, 115, 42, 50, 82, 125, 123, 165, 49, 41, 17, 96, 196, 150, 88, 164, 170, 21, 58, 26, 28, 181, 90, 89, 138, 191, 145, 182, 197, 156, 40, 72, 76, 53, 5, 73, 119, 177, 46, 149, 158, 11, 22, 83, 93, 117, 79, 163, 55, 74, 43, 6, 174, 159, 44, 100, 134, 47, 69, 10, 108, 13, 107, 85, 36, 187, 87, 12, 15, 1, 155, 32, 129, 25, 131, 168, 66, 128, 180, 126, 54, 57, 35, 59, 105, 175, 195, 37, 67, 121, 110, 71, 143, 162, 94, 70, 45, 2, 189, 136, 169, 9, 101, 30, 192, 186, 160, 120, 172, 171, 97, 178, 14, 98, 111, 142, 86, 116, 20, 199, 146, 184, 132, 179, 63, 183, 188, 135, 81, 185, 133, 114, 112, 77, 153, 124, 152, 148, 154, 167, 102, 78, 38, 176, 113, 127, 157, 140, 99, 166, 200, 194]项目工期为：328.0；项目成本为：158282.30000000005
染色体结构为:
[18, 8, 103, 95, 51, 61, 130, 56, 75, 122, 64, 147, 109, 27, 65, 137, 7, 4, 34, 29, 33, 62, 80, 16, 151, 39, 190, 84, 144, 91, 118, 52, 31, 161, 141, 139, 24, 60, 104, 193, 92, 48, 3, 68, 50, 173, 23, 106, 198, 115, 82, 19, 125, 41, 42, 165, 96, 123, 17, 49, 196, 150, 88, 164, 170, 21, 26, 28, 58, 90, 181, 89, 145, 138, 191, 156, 182, 197, 40, 76, 72, 73, 53, 119, 5, 149, 177, 46, 158, 11, 93, 79, 22, 83, 117, 55, 163, 74, 43, 174, 6, 159, 44, 100, 69, 134, 47, 10, 107, 108, 13, 85, 187, 36, 87, 12, 15, 155, 1, 32, 25, 129, 168, 66, 131, 180, 126, 128, 54, 57, 35, 59, 37, 105, 175, 195, 67, 110, 121, 143, 71, 70, 162, 45, 94, 2, 189, 136, 101, 169, 9, 192, 30, 160, 186, 120, 172, 97, 171, 178, 14, 98, 86, 111, 142, 20, 116, 146, 199, 166, 185, 132, 179, 112, 63, 184, 183, 188, 135, 81, 133, 124, 153, 102, 77, 114, 152, 154, 167, 148, 113, 157, 38, 78, 194, 176, 200, 127, 99, 140]项目工期为：349.0；项目成本为：154712.59999999998
染色体结构为:
[18, 103, 8, 95, 51, 56, 61, 75, 130, 122, 64, 147, 7, 27, 109, 65, 4, 29, 34, 137, 33, 62, 16, 80, 151, 39, 190, 144, 118, 84, 31, 91, 161, 52, 139, 141, 193, 24, 60, 68, 92, 104, 48, 3, 173, 23, 198, 106, 19, 115, 50, 82, 125, 42, 165, 123, 49, 41, 17, 96, 150, 88, 196, 164, 170, 21, 58, 26, 28, 181, 90, 89, 138, 145, 182, 191, 156, 197, 40, 72, 76, 73, 119, 53, 5, 177, 149, 46, 158, 11, 93, 22, 83, 79, 117, 163, 55, 74, 43, 6, 174, 159, 44, 100, 134, 69, 47, 10, 107, 108, 13, 85, 187, 36, 87, 12, 15, 155, 1, 32, 129, 25, 131, 168, 66, 180, 128, 126, 54, 57, 35, 59, 37, 105, 175, 195, 67, 121, 110, 71, 162, 143, 94, 70, 45, 2, 189, 136, 9, 169, 30, 101, 192, 111, 171, 20, 160, 186, 172, 120, 178, 97, 98, 86, 14, 142, 146, 116, 199, 132, 184, 179, 63, 183, 188, 135, 81, 114, 185, 112, 77, 133, 153, 152, 124, 154, 148, 102, 167, 113, 157, 38, 78, 176, 127, 99, 140, 194, 200, 166]项目工期为：378.0；项目成本为：153624.6999999999
染色体结构为:
[95, 8, 18, 75, 103, 51, 56, 130, 61, 64, 27, 122, 147, 7, 65, 109, 137, 80, 4, 29, 34, 33, 151, 190, 62, 39, 118, 16, 84, 144, 31, 91, 52, 141, 139, 161, 193, 24, 60, 104, 92, 48, 68, 198, 3, 23, 50, 173, 19, 42, 106, 115, 125, 41, 96, 82, 165, 123, 49, 164, 17, 196, 88, 21, 170, 150, 58, 181, 26, 90, 28, 89, 138, 145, 182, 197, 191, 156, 72, 40, 5, 76, 177, 53, 73, 93, 119, 46, 149, 11, 22, 158, 163, 55, 79, 83, 117, 159, 74, 6, 43, 174, 100, 44, 10, 134, 69, 47, 187, 107, 108, 36, 13, 85, 12, 87, 155, 32, 15, 1, 168, 129, 131, 25, 128, 66, 126, 54, 59, 35, 105, 180, 57, 67, 121, 195, 71, 175, 162, 37, 70, 189, 143, 45, 110, 94, 136, 2, 9, 169, 192, 101, 160, 172, 30, 178, 186, 120, 97, 171, 98, 86, 14, 199, 20, 111, 116, 132, 142, 184, 146, 179, 63, 133, 188, 185, 166, 112, 183, 114, 135, 81, 77, 153, 152, 148, 124, 102, 154, 167, 113, 38, 157, 78, 127, 176, 99, 140, 200, 194]项目工期为：295.0；项目成本为：164353.00000000003
染色体结构为:
[8, 18, 95, 75, 103, 61, 130, 51, 56, 64, 122, 109, 147, 27, 7, 4, 62, 29, 65, 137, 34, 33, 80, 151, 16, 144, 84, 190, 39, 118, 91, 52, 31, 141, 139, 193, 161, 92, 60, 24, 68, 48, 104, 3, 50, 198, 23, 173, 19, 115, 125, 106, 42, 82, 123, 165, 49, 41, 96, 196, 17, 150, 88, 164, 26, 170, 58, 21, 28, 181, 90, 145, 191, 89, 182, 138, 156, 40, 72, 197, 53, 76, 73, 177, 5, 93, 149, 119, 46, 158, 11, 79, 55, 163, 22, 74, 83, 6, 43, 100, 159, 174, 117, 44, 47, 107, 134, 10, 69, 36, 187, 108, 13, 85, 32, 12, 87, 15, 155, 25, 1, 129, 66, 131, 168, 126, 35, 128, 59, 180, 57, 195, 121, 54, 67, 105, 37, 175, 71, 162, 70, 189, 143, 2, 94, 101, 45, 110, 136, 192, 169, 160, 9, 172, 120, 186, 30, 178, 171, 98, 97, 166, 14, 111, 132, 185, 112, 199, 116, 86, 63, 20, 146, 142, 179, 184, 183, 81, 188, 135, 133, 124, 153, 77, 102, 114, 167, 152, 154, 148, 113, 157, 38, 78, 194, 176, 127, 99, 200, 140]项目工期为：210.0；项目成本为：196478.60000000006
染色体结构为:
[18, 103, 95, 8, 61, 51, 130, 75, 56, 122, 64, 147, 109, 27, 65, 7, 137, 4, 34, 29, 62, 33, 80, 16, 151, 39, 190, 84, 144, 118, 91, 31, 52, 161, 141, 139, 60, 104, 24, 193, 92, 48, 68, 3, 173, 50, 23, 106, 198, 115, 82, 125, 19, 41, 42, 165, 96, 123, 49, 17, 88, 196, 150, 164, 170, 58, 26, 21, 28, 90, 181, 89, 145, 138, 191, 182, 156, 197, 40, 72, 76, 53, 119, 73, 177, 93, 5, 158, 11, 46, 149, 22, 79, 83, 74, 163, 6, 55, 117, 100, 159, 43, 174, 44, 10, 134, 69, 47, 187, 107, 108, 85, 13, 36, 87, 12, 15, 25, 1, 32, 155, 131, 129, 54, 66, 180, 168, 128, 126, 35, 57, 59, 105, 67, 175, 37, 195, 110, 121, 71, 70, 162, 143, 94, 2, 45, 189, 9, 136, 169, 30, 192, 101, 111, 20, 171, 160, 186, 172, 120, 98, 97, 178, 86, 146, 14, 199, 116, 142, 184, 132, 179, 63, 135, 188, 183, 81, 114, 185, 77, 153, 112, 133, 152, 148, 124, 154, 102, 113, 167, 38, 157, 78, 176, 127, 99, 166, 140, 194, 200]项目工期为：306.0；项目成本为：162904.89999999997
染色体结构为:
[95, 8, 18, 103, 75, 130, 51, 61, 56, 64, 147, 27, 7, 109, 122, 65, 4, 137, 29, 80, 33, 34, 151, 190, 62, 16, 39, 84, 118, 144, 31, 91, 52, 161, 141, 139, 24, 193, 60, 104, 92, 48, 68, 3, 198, 50, 23, 173, 106, 19, 115, 42, 82, 125, 96, 41, 165, 123, 49, 164, 17, 88, 196, 21, 170, 150, 58, 181, 26, 90, 89, 28, 138, 145, 182, 197, 191, 156, 72, 76, 40, 5, 177, 53, 73, 93, 46, 119, 11, 149, 158, 22, 79, 163, 55, 83, 117, 159, 74, 6, 43, 174, 100, 44, 134, 47, 10, 69, 187, 107, 108, 13, 36, 85, 12, 87, 155, 15, 32, 1, 168, 129, 25, 131, 128, 66, 59, 126, 35, 180, 105, 57, 54, 121, 67, 195, 175, 71, 162, 189, 37, 143, 70, 45, 110, 136, 94, 2, 9, 169, 192, 101, 160, 30, 172, 178, 186, 120, 97, 171, 98, 14, 86, 199, 20, 111, 116, 142, 146, 132, 184, 179, 63, 188, 133, 135, 81, 183, 112, 77, 185, 114, 124, 153, 152, 148, 102, 154, 167, 113, 38, 157, 78, 176, 127, 166, 99, 140, 200, 194]项目工期为：301.0；项目成本为：164132.1
染色体结构为:
[11, 174, 80, 73, 103, 18, 61, 8, 95, 51, 56, 130, 64, 75, 122, 147, 27, 65, 109, 7, 4, 137, 29, 33, 34, 62, 16, 39, 151, 190, 144, 118, 84, 31, 91, 139, 161, 52, 193, 24, 141, 60, 92, 68, 104, 48, 173, 23, 3, 19, 198, 106, 115, 82, 125, 50, 42, 165, 17, 123, 41, 49, 196, 96, 150, 88, 164, 21, 170, 58, 26, 28, 90, 181, 89, 145, 138, 191, 182, 197, 156, 76, 40, 119, 72, 5, 53, 149, 177, 46, 22, 158, 93, 83, 117, 163, 74, 79, 55, 43, 6, 134, 159, 47, 44, 100, 107, 69, 10, 108, 85, 187, 13, 36, 87, 12, 32, 1, 15, 25, 155, 129, 131, 66, 168, 54, 128, 180, 126, 35, 59, 57, 37, 105, 175, 67, 195, 121, 71, 110, 162, 70, 143, 94, 45, 2, 189, 136, 9, 101, 169, 30, 192, 171, 111, 20, 160, 186, 172, 120, 178, 98, 97, 86, 14, 142, 116, 146, 199, 184, 132, 179, 183, 63, 135, 188, 185, 133, 77, 81, 124, 114, 152, 112, 153, 154, 148, 102, 167, 113, 78, 38, 157, 176, 127, 99, 140, 166, 200, 194]项目工期为：308.0；项目成本为：160316.5
染色体结构为:
[62, 33, 51, 137, 29, 147, 151, 159, 61, 14, 21, 8, 18, 95, 103, 75, 56, 130, 64, 27, 122, 109, 65, 7, 4, 34, 16, 80, 39, 190, 84, 144, 118, 91, 52, 31, 161, 141, 139, 24, 60, 104, 193, 68, 48, 3, 92, 173, 198, 23, 50, 106, 115, 19, 82, 42, 165, 125, 41, 96, 123, 49, 88, 17, 150, 196, 164, 26, 170, 28, 58, 181, 90, 89, 145, 191, 182, 138, 76, 156, 197, 40, 72, 53, 177, 119, 5, 73, 93, 149, 46, 158, 79, 11, 22, 163, 83, 55, 74, 117, 6, 100, 43, 44, 174, 10, 69, 47, 134, 187, 107, 108, 36, 13, 85, 12, 87, 15, 155, 32, 1, 129, 25, 131, 168, 128, 66, 59, 126, 105, 180, 54, 35, 57, 121, 67, 175, 71, 195, 37, 162, 94, 189, 143, 70, 110, 136, 45, 169, 9, 2, 160, 101, 192, 186, 172, 178, 30, 97, 120, 171, 98, 20, 86, 111, 116, 199, 142, 146, 132, 63, 179, 184, 188, 133, 135, 81, 183, 77, 185, 124, 112, 153, 114, 154, 148, 152, 102, 78, 113, 167, 176, 157, 38, 127, 194, 200, 166, 99, 140]项目工期为：249.0；项目成本为：176696.69999999995
染色体结构为:
[95, 8, 103, 18, 75, 51, 130, 61, 56, 122, 64, 147, 27, 109, 7, 65, 4, 137, 29, 34, 80, 62, 33, 151, 190, 16, 39, 118, 84, 91, 144, 31, 52, 161, 141, 24, 193, 139, 60, 92, 104, 48, 3, 68, 50, 198, 23, 106, 173, 19, 82, 115, 42, 41, 125, 165, 96, 123, 49, 17, 88, 150, 196, 164, 21, 26, 170, 58, 28, 181, 90, 191, 89, 182, 145, 138, 156, 76, 40, 197, 72, 177, 73, 53, 119, 5, 93, 149, 46, 11, 158, 79, 22, 83, 163, 55, 74, 117, 6, 100, 43, 159, 174, 44, 10, 69, 134, 47, 187, 107, 13, 108, 85, 36, 87, 12, 155, 15, 32, 129, 1, 25, 168, 131, 128, 59, 66, 126, 180, 54, 105, 35, 121, 57, 175, 67, 71, 195, 37, 162, 143, 189, 110, 94, 70, 136, 45, 169, 9, 2, 192, 101, 160, 30, 172, 186, 178, 97, 171, 98, 14, 120, 86, 116, 111, 20, 199, 142, 146, 132, 63, 184, 179, 188, 135, 133, 81, 183, 185, 77, 124, 112, 153, 154, 114, 152, 148, 102, 167, 113, 78, 157, 176, 38, 194, 127, 166, 200, 99, 140]项目工期为：261.0；项目成本为：174593.39999999997
染色体结构为:
[18, 8, 103, 75, 51, 95, 61, 64, 130, 122, 56, 27, 147, 65, 182, 7, 62, 29, 174, 151, 80, 73, 11, 44, 134, 125, 10, 43, 55, 22, 69, 165, 119, 5, 47, 161, 137, 187, 108, 16, 109, 107, 92, 190, 144, 33, 91, 39, 31, 52, 84, 139, 141, 118, 60, 48, 193, 24, 173, 104, 3, 68, 106, 50, 198, 88, 163, 82, 13, 36, 26, 181, 85, 28, 196, 19, 53, 32, 87, 100, 4, 12, 155, 41, 15, 115, 23, 17, 42, 123, 170, 21, 96, 164, 150, 89, 49, 138, 58, 90, 156, 191, 1, 145, 197, 25, 131, 168, 128, 66, 129, 35, 59, 180, 6, 126, 158, 40, 121, 105, 54, 159, 37, 57, 67, 195, 175, 46, 162, 71, 94, 189, 143, 83, 34, 136, 70, 93, 110, 45, 2, 76, 101, 192, 160, 149, 169, 186, 172, 120, 9, 178, 30, 177, 72, 98, 117, 79, 116, 74, 14, 81, 199, 113, 171, 112, 102, 111, 63, 97, 20, 146, 77, 176, 148, 185, 38, 142, 86, 188, 132, 140, 152, 135, 183, 78, 133, 200, 127, 153, 154, 167, 184, 157, 99, 114, 179, 194, 124, 166]项目工期为：169.0；项目成本为：232237.80000000002
染色体结构为:
[8, 18, 103, 95, 75, 61, 51, 130, 56, 64, 122, 147, 109, 7, 27, 4, 65, 62, 29, 34, 137, 80, 33, 151, 16, 144, 39, 190, 118, 84, 91, 31, 161, 141, 52, 139, 193, 92, 60, 24, 104, 68, 48, 3, 198, 173, 50, 23, 19, 115, 106, 125, 82, 42, 123, 165, 49, 41, 96, 17, 196, 150, 88, 164, 170, 58, 26, 21, 28, 181, 145, 90, 89, 191, 182, 138, 40, 156, 197, 72, 53, 76, 177, 73, 5, 93, 149, 119, 46, 158, 11, 79, 55, 163, 22, 83, 74, 6, 43, 100, 174, 159, 44, 117, 134, 47, 107, 69, 10, 36, 187, 13, 108, 85, 32, 12, 87, 15, 155, 25, 1, 129, 66, 131, 168, 59, 126, 35, 128, 180, 57, 121, 195, 54, 67, 105, 37, 175, 162, 71, 70, 189, 94, 110, 2, 45, 143, 101, 136, 169, 192, 160, 172, 9, 120, 186, 30, 178, 171, 97, 14, 98, 166, 111, 185, 132, 112, 86, 199, 20, 116, 142, 63, 179, 146, 184, 183, 188, 81, 135, 133, 124, 153, 102, 77, 114, 152, 154, 167, 148, 113, 157, 38, 78, 99, 194, 176, 140, 127, 200]项目工期为：218.0；项目成本为：190677.80000000008
染色体结构为:
[8, 18, 95, 103, 75, 61, 51, 64, 130, 56, 147, 122, 27, 109, 65, 4, 7, 137, 29, 34, 62, 80, 33, 16, 151, 190, 39, 144, 84, 118, 52, 91, 31, 161, 139, 141, 24, 104, 60, 193, 68, 48, 3, 92, 173, 23, 198, 106, 50, 19, 115, 82, 42, 125, 41, 165, 96, 123, 49, 17, 88, 150, 196, 26, 21, 164, 170, 28, 58, 181, 89, 90, 191, 145, 182, 138, 76, 156, 40, 197, 72, 73, 53, 177, 119, 93, 5, 46, 149, 79, 158, 11, 22, 83, 74, 163, 55, 117, 6, 159, 100, 174, 43, 44, 134, 10, 69, 47, 107, 187, 108, 13, 85, 36, 12, 87, 15, 155, 32, 1, 25, 129, 168, 131, 128, 66, 59, 180, 126, 35, 54, 105, 57, 121, 175, 67, 37, 195, 162, 189, 71, 143, 94, 110, 70, 136, 45, 169, 9, 2, 160, 101, 186, 30, 192, 172, 178, 97, 120, 171, 98, 14, 20, 111, 86, 116, 199, 132, 146, 142, 63, 184, 179, 133, 188, 183, 81, 135, 77, 185, 112, 124, 153, 114, 148, 152, 154, 167, 78, 102, 113, 176, 157, 38, 194, 200, 127, 99, 166, 140]项目工期为：252.0；项目成本为：174837.5
染色体结构为:
[95, 18, 75, 8, 103, 51, 61, 130, 64, 122, 56, 27, 147, 65, 4, 7, 137, 34, 109, 62, 16, 151, 29, 80, 33, 190, 144, 39, 161, 84, 118, 91, 52, 141, 139, 31, 104, 24, 173, 193, 60, 68, 48, 92, 3, 23, 50, 198, 115, 125, 42, 106, 19, 82, 165, 41, 17, 123, 196, 96, 164, 49, 88, 26, 170, 21, 89, 181, 28, 150, 145, 90, 138, 58, 156, 108, 1, 191, 197, 129, 25, 182, 66, 134, 168, 35, 131, 107, 155, 10, 59, 12, 44, 128, 126, 158, 15, 69, 180, 174, 163, 6, 100, 40, 57, 73, 11, 105, 37, 121, 195, 159, 54, 175, 67, 71, 36, 162, 85, 46, 70, 94, 143, 189, 136, 110, 101, 83, 13, 149, 5, 93, 177, 171, 53, 117, 87, 32, 9, 119, 20, 14, 76, 111, 86, 22, 43, 160, 72, 79, 97, 47, 166, 185, 2, 169, 112, 132, 186, 45, 120, 192, 178, 55, 172, 98, 30, 74, 187, 142, 116, 199, 179, 146, 183, 184, 63, 188, 135, 133, 81, 153, 124, 154, 114, 102, 113, 167, 148, 77, 152, 78, 38, 99, 157, 127, 176, 194, 140, 200]项目工期为：202.0；项目成本为：201953.20000000007
染色体结构为:
[18, 103, 8, 95, 51, 56, 61, 130, 75, 122, 64, 147, 7, 27, 109, 65, 4, 29, 34, 137, 33, 62, 16, 80, 151, 39, 144, 190, 118, 84, 31, 91, 161, 139, 52, 141, 193, 24, 60, 68, 92, 48, 104, 3, 173, 23, 106, 198, 19, 115, 50, 82, 125, 42, 165, 123, 49, 41, 17, 96, 150, 88, 196, 164, 170, 21, 58, 26, 28, 181, 90, 89, 138, 145, 182, 191, 156, 197, 40, 72, 76, 119, 73, 53, 5, 177, 149, 158, 46, 11, 93, 22, 83, 79, 55, 117, 74, 163, 174, 43, 6, 159, 44, 100, 69, 134, 47, 10, 107, 108, 13, 85, 187, 36, 87, 12, 15, 155, 32, 1, 25, 129, 168, 66, 131, 180, 126, 128, 54, 57, 35, 59, 105, 37, 175, 67, 195, 121, 143, 110, 71, 70, 162, 94, 45, 189, 2, 136, 101, 169, 30, 9, 192, 160, 186, 120, 172, 97, 178, 171, 98, 14, 86, 111, 20, 142, 116, 146, 199, 185, 166, 132, 179, 112, 63, 184, 183, 188, 133, 135, 81, 124, 153, 102, 77, 114, 152, 154, 148, 167, 157, 38, 113, 78, 194, 176, 127, 200, 140, 99]项目工期为：386.0；项目成本为：153274.8
染色体结构为:
[8, 95, 18, 75, 103, 51, 130, 61, 147, 56, 122, 64, 27, 7, 109, 65, 4, 137, 80, 29, 34, 33, 151, 62, 190, 16, 39, 118, 91, 144, 84, 31, 161, 52, 141, 24, 193, 139, 92, 48, 104, 60, 68, 3, 50, 198, 23, 106, 173, 19, 115, 82, 42, 125, 96, 41, 165, 49, 123, 17, 88, 150, 164, 196, 26, 170, 21, 58, 181, 28, 90, 89, 191, 145, 182, 138, 76, 156, 197, 40, 72, 73, 177, 53, 119, 5, 149, 93, 46, 11, 158, 22, 79, 83, 163, 55, 74, 117, 6, 100, 43, 174, 159, 10, 44, 134, 69, 47, 187, 107, 36, 108, 13, 85, 12, 87, 155, 15, 32, 129, 1, 168, 25, 131, 128, 59, 66, 126, 180, 105, 54, 121, 57, 35, 67, 175, 71, 195, 37, 162, 189, 143, 94, 110, 70, 45, 136, 169, 9, 101, 2, 192, 160, 186, 30, 172, 178, 97, 98, 120, 171, 14, 86, 116, 20, 199, 142, 111, 132, 146, 179, 63, 184, 188, 81, 135, 133, 185, 183, 77, 124, 112, 153, 114, 154, 152, 148, 113, 167, 102, 176, 78, 38, 157, 127, 194, 200, 166, 99, 140]项目工期为：279.0；项目成本为：168607.99999999997
染色体结构为:
[103, 18, 8, 95, 61, 51, 130, 56, 122, 75, 147, 64, 109, 27, 7, 65, 137, 4, 29, 34, 80, 33, 16, 62, 39, 190, 151, 118, 144, 31, 84, 161, 139, 91, 52, 141, 24, 193, 60, 104, 68, 92, 3, 48, 173, 198, 23, 50, 106, 19, 115, 82, 42, 125, 165, 41, 123, 49, 17, 196, 96, 164, 88, 150, 170, 21, 26, 58, 28, 90, 181, 89, 145, 138, 191, 156, 182, 197, 40, 72, 76, 73, 53, 119, 5, 177, 149, 46, 158, 11, 93, 79, 83, 22, 117, 163, 55, 43, 74, 174, 6, 159, 100, 44, 134, 10, 69, 107, 47, 13, 108, 85, 187, 36, 87, 12, 15, 1, 155, 25, 32, 129, 168, 131, 66, 126, 180, 128, 54, 57, 35, 59, 105, 175, 37, 67, 195, 121, 110, 143, 71, 70, 162, 45, 94, 2, 189, 136, 101, 169, 9, 192, 30, 160, 186, 172, 120, 97, 171, 178, 14, 86, 98, 111, 142, 20, 116, 146, 199, 166, 185, 132, 179, 112, 63, 184, 183, 188, 135, 81, 133, 124, 102, 77, 114, 153, 152, 154, 167, 148, 113, 157, 38, 78, 194, 176, 200, 127, 99, 140]项目工期为：351.0；项目成本为：154175.00000000003
MID=1.001536930889832
DM=82536.64893663916
SNS=0.213530621590691
SM=0.7399126923066874
1.2134451104971333E-5
63
共计用时：13秒
