染色体结构为:
[4, 8, 19, 14, 44, 45, 1, 20, 5, 6, 39, 77, 11, 7, 12, 76, 40, 17, 41, 42, 13, 18, 46, 15, 47, 9, 10, 23, 48, 49, 22, 2, 21, 57, 3, 92, 16, 107, 53, 93, 109, 110, 94, 108, 119, 24, 112, 118, 111, 105, 89, 62, 95, 106, 65, 58, 54, 91, 66, 70, 67, 59, 104, 103, 60, 50, 84, 55, 25, 51, 26, 117, 27, 28, 29, 113, 114, 30, 56, 124, 120, 130, 115, 151, 137, 125, 129, 121, 152, 126, 153, 127, 116, 128, 131, 135, 122, 136, 69, 88, 61, 63, 96, 71, 81, 82, 78, 72, 73, 79, 74, 75, 90, 85, 83, 33, 34, 32, 123, 31, 68, 35, 36, 80, 97, 43, 98, 86, 87, 100, 101, 99, 132, 133, 102, 134, 138, 139, 142, 140, 143, 37, 38, 52, 141, 64, 147, 148, 145, 146, 149, 150, 144, 154]项目工期为：170.0；项目成本为：90509.4
染色体结构为:
[11, 1, 5, 4, 19, 9, 8, 22, 39, 40, 41, 14, 6, 7, 17, 12, 20, 10, 18, 44, 77, 2, 3, 23, 76, 13, 16, 46, 47, 45, 21, 48, 91, 49, 92, 53, 57, 89, 62, 50, 109, 24, 42, 58, 25, 103, 59, 105, 93, 95, 63, 110, 107, 106, 60, 61, 81, 27, 94, 15, 71, 82, 51, 73, 78, 96, 28, 72, 79, 74, 54, 55, 56, 26, 29, 65, 108, 75, 111, 66, 88, 119, 112, 124, 151, 118, 69, 115, 117, 116, 104, 67, 30, 68, 80, 70, 113, 84, 85, 31, 90, 32, 43, 33, 34, 83, 126, 114, 120, 35, 97, 36, 98, 37, 86, 130, 121, 129, 122, 131, 87, 38, 52, 127, 64, 137, 128, 135, 152, 100, 153, 125, 136, 139, 99, 142, 123, 138, 132, 133, 101, 140, 134, 102, 143, 147, 145, 141, 146, 148, 149, 144, 150, 154]项目工期为：164.0；项目成本为：91170.89999999998
染色体结构为:
[4, 19, 8, 1, 14, 44, 45, 20, 5, 6, 39, 76, 77, 11, 40, 7, 12, 17, 41, 42, 18, 13, 15, 46, 47, 9, 10, 23, 48, 49, 22, 2, 21, 57, 3, 92, 107, 93, 16, 53, 109, 110, 94, 108, 119, 118, 24, 112, 105, 111, 65, 89, 95, 106, 62, 58, 54, 91, 66, 70, 67, 59, 104, 103, 60, 50, 84, 51, 55, 25, 27, 26, 28, 29, 113, 117, 114, 30, 124, 115, 56, 120, 130, 137, 151, 125, 152, 129, 121, 153, 126, 127, 116, 131, 128, 135, 122, 136, 69, 88, 61, 81, 63, 96, 71, 78, 82, 72, 79, 73, 74, 75, 85, 90, 83, 33, 34, 32, 123, 31, 68, 35, 36, 80, 97, 86, 43, 98, 87, 100, 101, 99, 132, 102, 133, 134, 138, 139, 142, 140, 143, 37, 38, 141, 52, 64, 147, 145, 146, 148, 149, 150, 144, 154]项目工期为：161.0；项目成本为：91273.19999999998
染色体结构为:
[5, 11, 19, 1, 4, 8, 22, 9, 14, 39, 40, 6, 7, 17, 44, 41, 45, 20, 77, 76, 18, 12, 15, 42, 46, 23, 47, 13, 48, 49, 57, 89, 92, 10, 21, 2, 107, 3, 53, 16, 109, 93, 108, 94, 110, 24, 119, 118, 111, 112, 105, 65, 95, 62, 106, 58, 54, 66, 91, 50, 51, 84, 59, 103, 67, 70, 25, 117, 27, 60, 28, 55, 104, 113, 26, 114, 29, 115, 30, 124, 125, 56, 130, 63, 33, 151, 120, 137, 61, 85, 80, 81, 96, 69, 78, 126, 82, 116, 121, 88, 129, 152, 97, 122, 131, 153, 31, 32, 132, 98, 127, 79, 43, 123, 133, 34, 99, 68, 35, 100, 36, 73, 37, 71, 74, 75, 101, 86, 90, 87, 72, 38, 52, 128, 64, 135, 136, 138, 139, 102, 142, 143, 83, 145, 134, 146, 148, 147, 144, 149, 150, 140, 141, 154]项目工期为：185.0；项目成本为：85635.2
染色体结构为:
[11, 19, 4, 5, 9, 8, 39, 1, 22, 40, 14, 6, 7, 17, 41, 20, 44, 45, 77, 12, 18, 42, 76, 15, 13, 46, 47, 23, 48, 49, 57, 10, 89, 92, 107, 2, 53, 109, 16, 105, 91, 106, 21, 93, 3, 110, 94, 24, 108, 118, 119, 112, 111, 62, 58, 65, 95, 66, 50, 54, 59, 84, 103, 51, 67, 70, 117, 60, 25, 27, 28, 55, 104, 26, 115, 113, 114, 29, 30, 124, 125, 56, 63, 130, 33, 120, 61, 137, 151, 85, 81, 69, 80, 82, 78, 96, 116, 88, 129, 121, 126, 152, 97, 79, 131, 132, 32, 68, 153, 127, 31, 122, 43, 123, 98, 34, 133, 99, 35, 71, 100, 36, 75, 73, 101, 37, 86, 74, 72, 87, 90, 38, 128, 52, 136, 64, 135, 138, 102, 139, 142, 143, 134, 83, 145, 148, 147, 146, 144, 140, 141, 149, 150, 154]项目工期为：202.0；项目成本为：81991.4
染色体结构为:
[11, 5, 4, 1, 8, 22, 19, 39, 9, 14, 40, 6, 7, 41, 17, 44, 20, 77, 45, 18, 12, 42, 76, 15, 13, 46, 47, 48, 49, 23, 10, 89, 57, 92, 2, 21, 3, 107, 109, 53, 16, 110, 93, 94, 108, 119, 24, 118, 111, 112, 105, 62, 65, 95, 106, 58, 66, 54, 91, 59, 50, 51, 103, 84, 67, 70, 60, 117, 25, 27, 28, 55, 26, 104, 113, 29, 115, 114, 30, 124, 130, 125, 56, 33, 120, 63, 137, 61, 85, 80, 151, 81, 69, 78, 96, 116, 126, 88, 121, 82, 152, 129, 97, 131, 153, 122, 132, 31, 32, 127, 68, 98, 79, 43, 34, 123, 71, 35, 133, 99, 100, 36, 75, 73, 86, 37, 101, 72, 74, 87, 90, 38, 128, 52, 136, 135, 64, 138, 102, 139, 142, 143, 134, 145, 83, 146, 148, 147, 144, 149, 140, 141, 150, 154]项目工期为：200.0；项目成本为：82952.90000000001
染色体结构为:
[11, 19, 4, 9, 5, 8, 39, 22, 1, 40, 14, 6, 7, 17, 20, 41, 44, 45, 77, 12, 18, 42, 76, 15, 13, 46, 47, 23, 48, 49, 57, 10, 89, 92, 107, 53, 2, 109, 16, 105, 91, 21, 106, 93, 3, 110, 94, 108, 24, 118, 119, 112, 111, 62, 58, 65, 95, 66, 50, 54, 59, 84, 103, 51, 67, 117, 70, 60, 25, 27, 28, 104, 55, 26, 115, 113, 114, 29, 124, 30, 125, 130, 56, 33, 63, 120, 61, 137, 85, 151, 81, 80, 78, 69, 82, 96, 88, 116, 129, 121, 126, 97, 152, 131, 79, 153, 132, 68, 127, 32, 122, 31, 43, 98, 123, 34, 35, 99, 133, 71, 75, 100, 36, 101, 73, 37, 86, 74, 72, 87, 90, 38, 128, 52, 136, 64, 138, 135, 102, 139, 142, 143, 134, 83, 148, 147, 145, 146, 144, 140, 141, 149, 150, 154]项目工期为：208.0；项目成本为：81575.69999999998
染色体结构为:
[11, 1, 5, 8, 4, 22, 9, 19, 39, 14, 40, 6, 7, 41, 17, 44, 20, 45, 12, 77, 18, 42, 46, 76, 13, 15, 47, 48, 10, 23, 57, 49, 2, 89, 92, 21, 107, 3, 16, 53, 109, 93, 110, 94, 108, 24, 119, 111, 118, 112, 62, 65, 95, 105, 106, 58, 50, 54, 66, 59, 91, 103, 51, 84, 70, 67, 60, 25, 117, 27, 55, 104, 28, 26, 113, 29, 115, 114, 30, 124, 130, 56, 125, 33, 120, 63, 137, 61, 80, 151, 85, 81, 69, 116, 96, 78, 82, 126, 88, 152, 121, 129, 131, 97, 153, 132, 122, 31, 32, 68, 98, 127, 79, 34, 123, 43, 35, 99, 133, 71, 100, 36, 73, 101, 75, 86, 72, 37, 87, 74, 128, 90, 38, 52, 64, 136, 138, 102, 135, 139, 142, 143, 145, 134, 83, 146, 147, 148, 144, 140, 141, 149, 150, 154]项目工期为：191.0；项目成本为：83681.6
染色体结构为:
[11, 5, 1, 8, 4, 19, 22, 9, 14, 6, 39, 7, 40, 41, 17, 44, 45, 77, 12, 76, 20, 18, 42, 15, 46, 47, 13, 48, 23, 49, 10, 57, 89, 21, 2, 3, 92, 107, 53, 109, 16, 93, 110, 94, 108, 119, 24, 118, 111, 62, 112, 105, 65, 95, 106, 54, 66, 58, 91, 50, 103, 59, 84, 51, 67, 70, 60, 117, 25, 27, 55, 28, 104, 113, 26, 29, 114, 115, 30, 124, 130, 125, 56, 33, 63, 120, 61, 137, 85, 151, 80, 69, 81, 78, 96, 116, 126, 88, 82, 121, 152, 129, 131, 97, 122, 153, 132, 31, 32, 127, 68, 79, 98, 43, 123, 34, 133, 35, 99, 71, 75, 100, 36, 37, 101, 73, 86, 74, 87, 72, 38, 90, 128, 52, 136, 64, 138, 135, 102, 139, 142, 83, 143, 134, 147, 148, 145, 144, 140, 146, 149, 141, 150, 154]项目工期为：215.0；项目成本为：80178.79999999997
染色体结构为:
[5, 11, 1, 4, 19, 9, 6, 8, 22, 39, 14, 40, 17, 7, 41, 44, 45, 12, 20, 77, 42, 18, 76, 15, 13, 21, 46, 47, 10, 48, 62, 53, 49, 91, 23, 92, 50, 89, 2, 3, 105, 24, 57, 109, 16, 107, 110, 54, 65, 103, 58, 106, 59, 93, 51, 108, 66, 95, 111, 118, 67, 84, 119, 117, 70, 94, 25, 60, 104, 27, 28, 26, 55, 113, 114, 29, 30, 120, 115, 124, 56, 130, 63, 112, 125, 137, 61, 151, 33, 78, 81, 96, 80, 85, 82, 69, 116, 129, 121, 88, 97, 126, 131, 152, 79, 132, 153, 32, 122, 68, 31, 127, 43, 123, 98, 34, 133, 71, 99, 100, 35, 75, 36, 73, 101, 74, 86, 37, 72, 90, 87, 38, 128, 136, 52, 135, 64, 102, 138, 139, 142, 134, 143, 145, 148, 83, 146, 147, 144, 140, 149, 150, 141, 154]项目工期为：319.0；项目成本为：70928.29999999999
染色体结构为:
[11, 5, 4, 8, 1, 22, 19, 39, 9, 14, 40, 6, 7, 41, 44, 17, 20, 77, 45, 18, 12, 42, 76, 15, 13, 46, 47, 48, 23, 49, 10, 89, 57, 92, 2, 21, 3, 107, 53, 109, 16, 110, 93, 94, 108, 119, 24, 118, 111, 112, 105, 62, 65, 95, 58, 106, 66, 54, 91, 59, 50, 51, 103, 84, 67, 70, 60, 117, 25, 27, 28, 55, 26, 104, 113, 29, 115, 114, 30, 124, 130, 125, 56, 33, 63, 137, 61, 120, 85, 80, 151, 81, 69, 78, 96, 116, 126, 88, 121, 82, 152, 129, 131, 97, 153, 122, 132, 31, 32, 127, 68, 98, 79, 43, 123, 34, 35, 71, 133, 99, 100, 36, 75, 73, 86, 37, 101, 72, 74, 87, 90, 38, 128, 136, 52, 135, 64, 138, 139, 102, 142, 143, 134, 145, 146, 83, 148, 147, 144, 149, 140, 150, 141, 154]项目工期为：199.0；项目成本为：83123.20000000003
染色体结构为:
[11, 5, 4, 8, 1, 22, 39, 19, 9, 14, 40, 6, 7, 41, 17, 44, 20, 77, 45, 18, 12, 42, 15, 76, 13, 46, 47, 48, 23, 49, 10, 89, 57, 92, 2, 21, 3, 107, 53, 109, 16, 110, 93, 94, 108, 119, 24, 118, 111, 112, 105, 62, 65, 95, 58, 66, 106, 54, 91, 59, 50, 51, 103, 67, 84, 70, 60, 117, 25, 27, 55, 28, 26, 104, 113, 29, 115, 114, 30, 124, 130, 125, 56, 33, 63, 137, 61, 120, 85, 80, 151, 81, 69, 96, 78, 116, 126, 88, 121, 82, 152, 129, 131, 97, 153, 122, 31, 132, 32, 127, 68, 98, 79, 43, 123, 34, 35, 71, 133, 99, 36, 100, 75, 86, 73, 37, 101, 72, 74, 87, 90, 38, 128, 136, 52, 135, 64, 138, 139, 102, 142, 143, 134, 145, 146, 83, 148, 147, 144, 149, 140, 141, 150, 154]项目工期为：188.0；项目成本为：85309.50000000001
染色体结构为:
[1, 5, 11, 4, 19, 9, 6, 8, 22, 14, 39, 40, 17, 7, 41, 44, 45, 12, 77, 20, 76, 42, 18, 15, 13, 21, 46, 10, 47, 48, 91, 62, 53, 49, 23, 50, 92, 89, 2, 3, 105, 24, 109, 57, 16, 107, 110, 54, 65, 103, 58, 106, 59, 93, 51, 108, 66, 95, 118, 111, 67, 117, 84, 119, 70, 94, 60, 25, 104, 27, 28, 55, 26, 113, 114, 29, 30, 115, 120, 56, 63, 124, 130, 125, 112, 137, 61, 151, 33, 78, 96, 81, 80, 85, 82, 69, 116, 129, 121, 88, 97, 126, 131, 152, 79, 132, 153, 32, 122, 31, 68, 127, 98, 43, 123, 34, 133, 71, 99, 75, 100, 35, 36, 73, 101, 74, 86, 37, 72, 87, 90, 128, 38, 136, 52, 64, 138, 139, 135, 102, 142, 134, 143, 145, 83, 148, 146, 147, 144, 140, 149, 150, 141, 154]项目工期为：426.0；项目成本为：68528.6
染色体结构为:
[1, 11, 5, 9, 4, 19, 8, 39, 22, 40, 41, 14, 6, 7, 17, 12, 10, 20, 44, 18, 77, 2, 23, 3, 76, 13, 16, 46, 47, 45, 48, 91, 21, 49, 53, 92, 62, 57, 89, 109, 42, 50, 58, 24, 59, 103, 25, 105, 93, 63, 95, 110, 106, 107, 60, 61, 27, 81, 71, 94, 15, 82, 51, 78, 73, 96, 72, 28, 79, 74, 54, 55, 56, 26, 29, 65, 108, 66, 75, 111, 88, 119, 124, 112, 151, 69, 118, 115, 117, 116, 104, 67, 68, 80, 30, 113, 70, 84, 85, 31, 90, 32, 43, 33, 34, 83, 114, 126, 120, 35, 97, 36, 98, 86, 130, 37, 129, 121, 122, 131, 38, 87, 127, 52, 128, 64, 137, 135, 100, 152, 153, 125, 136, 139, 142, 99, 123, 138, 132, 133, 134, 101, 102, 140, 143, 147, 145, 141, 148, 149, 150, 146, 144, 154]项目工期为：166.0；项目成本为：90997.39999999998
染色体结构为:
[5, 11, 1, 4, 19, 9, 8, 6, 22, 39, 14, 40, 17, 7, 41, 44, 45, 12, 20, 77, 42, 18, 76, 15, 13, 21, 46, 47, 10, 48, 62, 53, 49, 91, 92, 23, 50, 89, 2, 3, 105, 57, 24, 109, 16, 107, 110, 54, 65, 103, 58, 59, 106, 51, 93, 108, 66, 95, 111, 118, 67, 84, 119, 70, 117, 94, 25, 60, 104, 27, 28, 26, 113, 55, 114, 29, 30, 120, 115, 124, 56, 130, 63, 112, 137, 125, 61, 151, 33, 78, 81, 96, 80, 85, 82, 69, 116, 129, 121, 88, 97, 126, 131, 152, 79, 132, 153, 32, 122, 68, 31, 127, 43, 98, 123, 34, 133, 71, 99, 100, 35, 75, 36, 73, 101, 74, 86, 37, 72, 90, 87, 38, 128, 136, 135, 52, 64, 102, 138, 139, 142, 134, 143, 145, 148, 83, 146, 147, 144, 140, 149, 150, 141, 154]项目工期为：312.0；项目成本为：71297.39999999998
染色体结构为:
[4, 8, 14, 19, 44, 5, 45, 1, 20, 6, 77, 11, 39, 12, 40, 76, 17, 7, 41, 18, 42, 13, 15, 23, 46, 9, 10, 47, 48, 49, 22, 2, 57, 16, 89, 21, 92, 91, 53, 50, 62, 24, 3, 109, 105, 106, 107, 110, 54, 65, 58, 93, 103, 66, 108, 51, 118, 59, 84, 67, 95, 70, 94, 111, 119, 104, 117, 55, 25, 27, 26, 28, 113, 60, 29, 30, 114, 56, 120, 115, 124, 63, 125, 130, 112, 151, 137, 61, 33, 80, 81, 82, 78, 79, 152, 96, 116, 88, 85, 69, 129, 126, 121, 153, 131, 132, 97, 122, 98, 32, 31, 68, 43, 127, 123, 133, 34, 35, 99, 100, 36, 37, 101, 71, 73, 74, 75, 86, 72, 90, 38, 87, 52, 64, 102, 128, 135, 136, 138, 139, 83, 142, 134, 143, 144, 145, 147, 140, 148, 141, 149, 146, 150, 154]项目工期为：171.0；项目成本为：90314.70000000003
染色体结构为:
[11, 19, 4, 5, 9, 1, 8, 39, 22, 40, 6, 14, 7, 41, 17, 44, 20, 45, 77, 12, 18, 42, 76, 15, 13, 46, 47, 23, 48, 49, 57, 89, 10, 92, 107, 53, 109, 2, 105, 16, 91, 21, 106, 3, 110, 93, 94, 108, 118, 24, 119, 111, 112, 62, 65, 95, 58, 66, 50, 54, 51, 59, 84, 67, 103, 70, 117, 60, 25, 27, 55, 28, 104, 26, 115, 113, 29, 114, 30, 124, 125, 56, 63, 130, 33, 120, 137, 61, 151, 85, 81, 69, 80, 78, 96, 82, 116, 88, 129, 121, 152, 126, 97, 131, 79, 132, 153, 32, 68, 127, 31, 122, 43, 123, 98, 34, 133, 35, 99, 71, 100, 36, 75, 73, 101, 37, 86, 74, 72, 87, 90, 38, 128, 52, 136, 64, 135, 138, 102, 139, 142, 143, 134, 83, 145, 148, 147, 144, 146, 140, 141, 149, 150, 154]项目工期为：210.0；项目成本为：80473.59999999999
染色体结构为:
[5, 11, 19, 1, 8, 4, 22, 9, 14, 39, 40, 6, 7, 17, 44, 41, 45, 20, 76, 77, 18, 12, 15, 42, 46, 47, 13, 23, 48, 49, 57, 89, 92, 21, 10, 2, 107, 3, 53, 16, 109, 93, 108, 110, 94, 24, 119, 118, 111, 105, 65, 95, 112, 62, 106, 54, 58, 66, 91, 50, 51, 59, 84, 103, 67, 70, 25, 117, 27, 60, 55, 28, 104, 113, 26, 114, 29, 115, 30, 124, 56, 125, 130, 63, 33, 151, 120, 137, 61, 85, 80, 81, 96, 78, 69, 126, 82, 116, 88, 121, 129, 97, 152, 122, 153, 131, 31, 32, 132, 98, 127, 79, 43, 133, 123, 99, 34, 68, 100, 35, 73, 36, 37, 71, 74, 75, 101, 86, 87, 90, 72, 38, 52, 128, 64, 135, 136, 139, 102, 138, 142, 83, 143, 145, 146, 148, 134, 147, 149, 144, 150, 140, 141, 154]项目工期为：176.0；项目成本为：87990.3
染色体结构为:
[4, 8, 19, 14, 1, 44, 45, 20, 5, 39, 6, 77, 76, 11, 40, 12, 7, 17, 18, 41, 42, 13, 15, 46, 47, 9, 10, 23, 48, 49, 22, 2, 21, 57, 3, 92, 93, 107, 53, 16, 109, 110, 94, 108, 119, 118, 24, 112, 111, 105, 95, 65, 62, 89, 106, 58, 91, 54, 66, 67, 70, 59, 104, 60, 103, 50, 84, 51, 55, 25, 27, 26, 28, 29, 113, 114, 117, 30, 124, 115, 56, 130, 120, 137, 125, 129, 151, 121, 152, 126, 153, 127, 116, 128, 131, 135, 122, 136, 69, 88, 61, 81, 63, 96, 78, 71, 82, 72, 79, 73, 75, 74, 85, 90, 83, 33, 34, 32, 123, 31, 68, 35, 80, 36, 43, 97, 98, 86, 87, 100, 101, 99, 132, 133, 102, 134, 139, 138, 142, 140, 143, 37, 38, 141, 52, 147, 145, 64, 146, 148, 149, 150, 144, 154]项目工期为：149.0；项目成本为：95108.39999999997
染色体结构为:
[11, 1, 8, 5, 4, 19, 22, 9, 39, 14, 6, 40, 17, 41, 20, 7, 44, 45, 12, 77, 18, 42, 76, 46, 13, 15, 47, 48, 23, 10, 57, 89, 49, 2, 92, 21, 3, 107, 53, 16, 93, 109, 110, 94, 108, 24, 119, 111, 118, 112, 62, 65, 95, 105, 58, 54, 50, 66, 106, 91, 59, 51, 84, 103, 67, 70, 60, 117, 25, 27, 55, 28, 104, 26, 113, 115, 29, 114, 30, 130, 124, 125, 56, 63, 120, 33, 61, 151, 80, 137, 85, 81, 69, 78, 116, 96, 82, 126, 88, 121, 129, 131, 152, 97, 153, 132, 122, 31, 32, 127, 98, 68, 79, 34, 123, 43, 35, 99, 133, 71, 100, 36, 73, 75, 86, 101, 72, 87, 37, 128, 74, 38, 90, 52, 64, 136, 138, 135, 139, 142, 102, 143, 145, 134, 83, 148, 147, 146, 140, 141, 144, 149, 150, 154]项目工期为：178.0；项目成本为：87284.00000000001
染色体结构为:
[11, 1, 5, 4, 19, 9, 8, 22, 39, 40, 41, 14, 6, 17, 12, 20, 10, 7, 44, 18, 2, 3, 77, 23, 16, 76, 13, 46, 47, 45, 21, 48, 49, 91, 92, 57, 53, 89, 62, 50, 109, 42, 24, 58, 25, 59, 103, 105, 93, 95, 63, 107, 110, 106, 60, 61, 81, 27, 15, 94, 82, 71, 51, 73, 78, 28, 96, 72, 79, 74, 54, 55, 56, 26, 65, 29, 108, 75, 111, 66, 88, 119, 112, 124, 151, 69, 118, 115, 117, 116, 104, 67, 30, 68, 80, 70, 113, 84, 85, 31, 90, 43, 32, 33, 34, 83, 114, 126, 120, 35, 97, 36, 98, 37, 86, 121, 130, 129, 122, 131, 87, 38, 52, 127, 64, 137, 128, 135, 152, 100, 153, 125, 136, 139, 99, 142, 138, 132, 101, 123, 133, 134, 140, 143, 102, 147, 145, 141, 148, 146, 149, 150, 144, 154]项目工期为：159.0；项目成本为：92678.09999999998
染色体结构为:
[1, 5, 4, 11, 19, 9, 6, 22, 8, 14, 39, 40, 17, 7, 41, 44, 12, 45, 77, 20, 76, 42, 18, 15, 13, 21, 46, 47, 10, 48, 91, 62, 53, 49, 23, 50, 92, 89, 2, 3, 105, 109, 24, 57, 16, 107, 110, 54, 65, 103, 58, 106, 59, 93, 108, 51, 95, 66, 118, 111, 67, 117, 84, 119, 70, 94, 60, 104, 25, 27, 28, 55, 113, 26, 114, 29, 115, 30, 120, 63, 56, 124, 130, 125, 112, 61, 137, 151, 33, 78, 96, 81, 80, 85, 82, 116, 69, 129, 121, 88, 97, 126, 131, 152, 79, 132, 153, 32, 122, 31, 68, 98, 127, 43, 123, 34, 133, 99, 71, 75, 100, 35, 36, 73, 101, 74, 86, 37, 72, 87, 90, 128, 38, 136, 52, 64, 138, 139, 135, 102, 142, 134, 143, 83, 145, 148, 146, 147, 144, 140, 149, 150, 154, 141]项目工期为：440.0；项目成本为：68211.90000000001
染色体结构为:
[4, 8, 19, 14, 1, 44, 45, 20, 5, 6, 39, 77, 76, 11, 40, 12, 7, 17, 41, 42, 18, 13, 15, 46, 47, 9, 10, 23, 48, 49, 22, 2, 21, 3, 92, 57, 107, 93, 16, 53, 109, 110, 108, 94, 119, 118, 24, 112, 111, 105, 65, 95, 62, 89, 106, 58, 91, 54, 66, 67, 70, 104, 59, 103, 60, 50, 84, 51, 55, 25, 27, 26, 28, 29, 113, 117, 114, 30, 124, 115, 56, 130, 120, 137, 151, 125, 152, 129, 121, 153, 126, 116, 127, 131, 128, 135, 122, 136, 69, 88, 61, 81, 63, 96, 71, 78, 82, 72, 79, 75, 73, 74, 85, 90, 83, 33, 34, 32, 123, 68, 31, 35, 36, 80, 43, 97, 98, 86, 87, 100, 101, 99, 132, 133, 102, 134, 138, 139, 142, 140, 143, 37, 38, 52, 141, 64, 147, 145, 146, 148, 149, 150, 144, 154]项目工期为：150.0；项目成本为：93460.09999999999
染色体结构为:
[11, 5, 8, 4, 1, 22, 19, 39, 9, 14, 40, 6, 7, 41, 44, 17, 20, 77, 18, 45, 12, 76, 42, 15, 13, 46, 47, 48, 23, 49, 89, 10, 57, 92, 2, 21, 3, 107, 53, 16, 109, 93, 110, 94, 108, 119, 24, 118, 112, 111, 105, 62, 65, 95, 106, 54, 58, 66, 91, 59, 50, 51, 103, 84, 67, 70, 60, 25, 117, 27, 28, 55, 26, 104, 113, 29, 115, 114, 124, 30, 130, 125, 56, 33, 63, 137, 61, 85, 120, 80, 81, 151, 69, 78, 96, 126, 116, 121, 88, 82, 152, 129, 131, 97, 122, 153, 132, 31, 32, 127, 68, 98, 43, 79, 123, 34, 71, 35, 133, 99, 100, 36, 75, 101, 73, 37, 74, 86, 87, 72, 90, 38, 128, 136, 52, 64, 135, 102, 138, 139, 142, 143, 134, 83, 145, 147, 148, 146, 140, 144, 149, 141, 150, 154]项目工期为：189.0；项目成本为：85127.20000000001
染色体结构为:
[5, 11, 1, 4, 19, 9, 6, 8, 22, 39, 14, 40, 17, 7, 41, 44, 45, 12, 20, 18, 77, 42, 76, 15, 21, 13, 46, 47, 10, 48, 53, 62, 91, 49, 92, 23, 89, 50, 2, 109, 3, 105, 24, 57, 107, 54, 16, 110, 65, 58, 106, 103, 51, 93, 59, 108, 118, 66, 84, 95, 111, 117, 67, 70, 119, 60, 94, 25, 104, 27, 28, 55, 26, 29, 113, 30, 114, 115, 124, 56, 120, 63, 130, 125, 112, 61, 137, 151, 33, 78, 96, 80, 81, 85, 82, 116, 69, 129, 88, 126, 121, 131, 97, 79, 152, 153, 32, 122, 132, 31, 68, 127, 43, 123, 133, 98, 34, 100, 71, 35, 99, 36, 101, 75, 73, 37, 86, 74, 87, 90, 72, 128, 38, 52, 136, 64, 135, 102, 138, 139, 142, 143, 83, 134, 148, 145, 147, 140, 144, 146, 141, 149, 150, 154]项目工期为：262.0；项目成本为：74884.7
染色体结构为:
[1, 5, 11, 4, 19, 9, 22, 6, 8, 39, 40, 14, 17, 7, 41, 44, 45, 20, 12, 77, 42, 18, 76, 15, 21, 13, 46, 47, 48, 10, 62, 53, 49, 91, 23, 92, 50, 89, 2, 3, 105, 24, 57, 109, 16, 54, 110, 107, 65, 106, 58, 103, 93, 51, 59, 108, 118, 66, 84, 95, 111, 67, 70, 119, 117, 60, 94, 25, 104, 27, 28, 26, 55, 29, 113, 30, 114, 124, 115, 120, 56, 130, 63, 112, 61, 125, 137, 78, 151, 33, 96, 80, 81, 82, 85, 116, 69, 129, 88, 126, 121, 97, 131, 79, 32, 152, 132, 122, 153, 31, 68, 127, 43, 98, 123, 133, 34, 100, 35, 71, 36, 99, 75, 101, 73, 86, 37, 74, 87, 72, 38, 90, 128, 136, 52, 64, 135, 102, 138, 139, 142, 143, 83, 134, 145, 148, 147, 144, 140, 146, 141, 149, 150, 154]项目工期为：288.0；项目成本为：72136.80000000002
染色体结构为:
[5, 11, 4, 1, 9, 8, 19, 22, 39, 6, 40, 7, 44, 14, 41, 17, 45, 12, 20, 77, 42, 76, 15, 18, 13, 21, 46, 10, 47, 48, 53, 62, 91, 49, 92, 50, 23, 2, 89, 3, 105, 24, 109, 57, 107, 16, 110, 54, 65, 106, 103, 58, 59, 108, 51, 93, 66, 118, 95, 84, 111, 67, 117, 119, 60, 70, 94, 104, 25, 27, 28, 26, 113, 55, 29, 114, 30, 120, 115, 124, 56, 63, 125, 130, 137, 61, 151, 112, 81, 85, 33, 80, 69, 96, 78, 126, 116, 82, 88, 152, 121, 129, 131, 97, 31, 153, 122, 132, 32, 79, 68, 127, 43, 98, 123, 34, 35, 133, 99, 100, 36, 75, 71, 37, 101, 73, 72, 86, 74, 87, 38, 90, 128, 52, 136, 64, 138, 135, 102, 139, 142, 83, 143, 147, 134, 144, 148, 145, 140, 149, 146, 150, 141, 154]项目工期为：238.0；项目成本为：77291.59999999996
染色体结构为:
[5, 11, 19, 1, 8, 22, 4, 9, 14, 39, 40, 6, 7, 17, 44, 41, 20, 45, 76, 77, 18, 12, 15, 42, 46, 13, 47, 23, 48, 49, 57, 92, 89, 21, 10, 2, 107, 3, 53, 109, 16, 93, 108, 110, 94, 24, 118, 119, 111, 65, 105, 112, 62, 95, 106, 54, 58, 66, 91, 50, 51, 59, 84, 103, 67, 70, 25, 117, 27, 60, 28, 55, 104, 113, 26, 114, 29, 115, 30, 124, 56, 125, 130, 63, 33, 151, 120, 61, 137, 85, 80, 81, 96, 78, 69, 126, 82, 116, 88, 121, 129, 97, 152, 122, 153, 31, 131, 132, 32, 98, 79, 127, 43, 133, 123, 99, 34, 68, 100, 73, 35, 36, 37, 71, 74, 75, 101, 86, 87, 90, 72, 38, 52, 128, 64, 135, 136, 139, 102, 142, 138, 83, 143, 145, 146, 148, 134, 147, 149, 144, 150, 140, 141, 154]项目工期为：172.0；项目成本为：90055.8
染色体结构为:
[5, 11, 1, 4, 9, 19, 6, 8, 22, 39, 14, 40, 17, 7, 41, 44, 45, 12, 20, 77, 76, 42, 18, 13, 15, 21, 46, 47, 10, 48, 53, 62, 91, 49, 23, 92, 50, 89, 2, 105, 3, 24, 57, 109, 16, 107, 110, 54, 65, 103, 58, 106, 59, 93, 51, 66, 108, 95, 118, 111, 67, 84, 117, 119, 70, 94, 60, 25, 104, 27, 28, 26, 55, 113, 114, 29, 120, 115, 30, 124, 130, 56, 63, 125, 112, 137, 61, 151, 33, 78, 81, 96, 80, 85, 82, 69, 116, 129, 121, 88, 97, 131, 126, 152, 79, 132, 153, 32, 122, 68, 31, 43, 127, 98, 123, 34, 133, 71, 99, 100, 35, 36, 75, 73, 101, 74, 86, 37, 72, 87, 90, 38, 128, 136, 52, 135, 64, 138, 102, 139, 134, 142, 143, 145, 83, 148, 146, 147, 144, 140, 149, 150, 154, 141]项目工期为：341.0；项目成本为：70247.69999999998
染色体结构为:
[11, 5, 19, 1, 4, 8, 9, 39, 22, 40, 41, 6, 7, 14, 20, 17, 18, 10, 44, 12, 13, 23, 15, 2, 21, 77, 24, 3, 76, 16, 42, 45, 25, 46, 27, 26, 47, 48, 28, 29, 91, 30, 92, 109, 107, 93, 103, 57, 95, 49, 89, 58, 105, 53, 106, 94, 50, 62, 51, 108, 104, 119, 124, 54, 111, 113, 114, 115, 125, 55, 56, 151, 130, 120, 112, 137, 118, 65, 129, 152, 121, 110, 66, 153, 131, 126, 127, 116, 128, 69, 135, 63, 136, 88, 122, 59, 60, 61, 81, 82, 96, 71, 73, 72, 67, 78, 84, 79, 70, 117, 74, 80, 75, 68, 31, 85, 33, 90, 83, 43, 32, 34, 35, 36, 37, 86, 97, 98, 38, 87, 52, 64, 100, 132, 139, 140, 142, 141, 143, 145, 147, 133, 123, 144, 134, 146, 148, 101, 138, 149, 102, 150, 99, 154]项目工期为：145.0；项目成本为：100825.40000000001
染色体结构为:
[5, 19, 11, 1, 8, 9, 4, 39, 22, 40, 41, 14, 6, 7, 17, 20, 10, 18, 44, 12, 77, 13, 23, 15, 2, 3, 24, 21, 76, 42, 16, 46, 45, 25, 26, 47, 27, 28, 29, 48, 91, 30, 92, 109, 107, 93, 103, 57, 95, 49, 89, 58, 53, 105, 106, 94, 62, 50, 51, 108, 119, 104, 54, 124, 111, 113, 114, 125, 115, 55, 56, 151, 130, 120, 112, 118, 65, 129, 137, 152, 121, 131, 153, 110, 126, 66, 127, 128, 135, 116, 136, 122, 69, 88, 59, 60, 63, 61, 71, 81, 82, 96, 73, 72, 78, 67, 79, 84, 70, 80, 117, 74, 75, 68, 31, 85, 33, 90, 43, 83, 32, 34, 35, 97, 36, 37, 86, 87, 98, 38, 52, 64, 100, 132, 139, 140, 141, 142, 143, 133, 145, 123, 147, 138, 144, 148, 134, 146, 101, 149, 102, 150, 154, 99]项目工期为：142.0；项目成本为：102890.40000000001
染色体结构为:
[5, 11, 1, 4, 19, 9, 6, 8, 39, 14, 22, 40, 17, 7, 41, 44, 12, 45, 20, 77, 76, 42, 18, 15, 13, 21, 46, 47, 10, 48, 62, 53, 91, 49, 23, 92, 50, 89, 2, 3, 105, 57, 24, 16, 109, 107, 54, 110, 65, 103, 58, 106, 59, 93, 51, 108, 66, 95, 118, 111, 67, 84, 117, 119, 70, 94, 60, 104, 25, 27, 28, 26, 55, 113, 114, 29, 120, 30, 115, 56, 124, 63, 130, 125, 112, 137, 61, 151, 33, 78, 96, 81, 80, 85, 82, 69, 116, 129, 121, 88, 97, 126, 131, 152, 79, 132, 153, 32, 122, 68, 31, 127, 43, 98, 123, 34, 133, 71, 100, 99, 35, 75, 36, 73, 101, 74, 86, 37, 72, 87, 90, 38, 128, 136, 52, 135, 64, 138, 102, 139, 142, 134, 143, 145, 83, 148, 146, 147, 144, 140, 149, 150, 154, 141]项目工期为：343.0；项目成本为：68799.99999999997
染色体结构为:
[5, 11, 4, 1, 19, 9, 8, 6, 22, 39, 14, 17, 40, 7, 41, 44, 45, 12, 20, 77, 42, 18, 76, 15, 13, 21, 46, 47, 10, 48, 53, 62, 49, 92, 91, 23, 50, 89, 2, 3, 105, 57, 24, 109, 16, 107, 110, 54, 65, 103, 58, 59, 106, 93, 51, 108, 66, 95, 111, 118, 67, 84, 119, 70, 117, 94, 60, 25, 104, 27, 28, 26, 55, 113, 114, 29, 120, 30, 115, 56, 130, 124, 63, 112, 137, 125, 61, 151, 33, 81, 78, 96, 80, 85, 82, 69, 116, 129, 121, 97, 88, 126, 131, 79, 152, 132, 153, 32, 122, 68, 31, 127, 43, 98, 123, 34, 133, 99, 71, 100, 35, 75, 36, 73, 101, 74, 37, 86, 90, 72, 87, 128, 38, 136, 135, 52, 64, 102, 138, 139, 142, 134, 143, 148, 145, 146, 83, 147, 144, 140, 149, 150, 141, 154]项目工期为：284.0；项目成本为：73170.29999999999
染色体结构为:
[11, 5, 4, 8, 1, 19, 22, 39, 9, 14, 40, 6, 7, 41, 44, 17, 20, 77, 45, 18, 76, 12, 15, 42, 13, 46, 47, 48, 23, 49, 10, 89, 92, 57, 2, 21, 3, 107, 53, 109, 16, 110, 93, 94, 108, 119, 24, 118, 112, 105, 111, 65, 62, 95, 106, 58, 54, 66, 91, 50, 59, 51, 103, 84, 67, 70, 117, 60, 25, 27, 28, 55, 26, 104, 113, 29, 115, 114, 30, 124, 130, 125, 56, 33, 63, 137, 61, 85, 120, 80, 81, 151, 69, 96, 78, 116, 126, 88, 121, 82, 152, 129, 131, 97, 122, 153, 132, 31, 32, 127, 98, 68, 79, 43, 123, 34, 35, 71, 133, 99, 36, 100, 101, 75, 37, 73, 74, 86, 87, 90, 38, 72, 128, 136, 52, 64, 135, 102, 138, 139, 142, 143, 134, 145, 83, 148, 147, 146, 140, 149, 144, 141, 150, 154]项目工期为：190.0；项目成本为：84817.30000000003
染色体结构为:
[4, 14, 8, 19, 44, 1, 20, 5, 45, 6, 77, 39, 76, 11, 40, 12, 7, 41, 17, 18, 42, 46, 13, 15, 47, 9, 23, 48, 10, 22, 49, 2, 21, 57, 92, 107, 89, 53, 109, 105, 16, 106, 3, 91, 93, 94, 110, 24, 108, 118, 119, 111, 62, 95, 112, 65, 58, 54, 66, 50, 59, 51, 84, 70, 103, 67, 60, 25, 27, 117, 55, 28, 104, 113, 26, 115, 29, 114, 124, 30, 130, 125, 56, 33, 120, 63, 61, 151, 137, 85, 81, 80, 78, 69, 82, 96, 88, 116, 126, 129, 121, 97, 152, 131, 153, 79, 132, 68, 32, 127, 31, 122, 98, 43, 123, 34, 35, 133, 99, 71, 75, 100, 36, 101, 86, 73, 37, 74, 72, 87, 90, 38, 52, 64, 128, 136, 138, 135, 139, 102, 142, 143, 83, 148, 134, 145, 146, 147, 144, 140, 149, 141, 150, 154]项目工期为：232.0；项目成本为：79014.90000000001
染色体结构为:
[11, 1, 5, 4, 19, 9, 8, 22, 39, 40, 41, 14, 6, 17, 12, 20, 7, 10, 18, 44, 2, 3, 23, 77, 76, 16, 13, 46, 47, 45, 21, 48, 49, 91, 92, 57, 53, 62, 89, 50, 24, 109, 42, 58, 25, 59, 103, 105, 93, 95, 63, 107, 110, 106, 60, 61, 81, 27, 94, 15, 71, 82, 51, 73, 78, 28, 96, 72, 74, 79, 54, 55, 56, 26, 65, 29, 108, 75, 66, 111, 88, 119, 124, 112, 151, 118, 69, 117, 115, 116, 104, 67, 30, 68, 80, 70, 113, 84, 31, 85, 90, 43, 32, 33, 34, 83, 114, 126, 97, 120, 35, 36, 98, 37, 86, 121, 130, 129, 131, 122, 87, 38, 52, 64, 127, 137, 128, 135, 152, 100, 153, 125, 136, 139, 99, 142, 138, 132, 123, 101, 133, 140, 143, 134, 102, 145, 147, 141, 148, 146, 149, 150, 154, 144]项目工期为：160.0；项目成本为：92449.1
染色体结构为:
[5, 11, 1, 19, 9, 4, 6, 39, 8, 14, 22, 40, 7, 17, 41, 44, 12, 45, 20, 77, 76, 42, 18, 15, 13, 21, 46, 47, 10, 48, 62, 53, 91, 49, 23, 92, 50, 89, 2, 3, 105, 57, 24, 16, 107, 109, 54, 110, 65, 103, 58, 106, 59, 93, 108, 51, 66, 95, 118, 111, 67, 84, 117, 119, 70, 94, 60, 104, 25, 27, 28, 26, 55, 113, 114, 29, 120, 30, 115, 56, 124, 63, 130, 125, 112, 137, 61, 151, 33, 78, 96, 81, 80, 85, 82, 69, 116, 129, 121, 88, 97, 126, 131, 152, 79, 132, 153, 32, 122, 68, 31, 127, 98, 123, 43, 133, 34, 71, 100, 99, 35, 75, 36, 73, 101, 74, 86, 37, 72, 87, 90, 38, 128, 136, 52, 135, 64, 138, 102, 139, 134, 142, 143, 145, 83, 148, 146, 147, 144, 140, 149, 150, 154, 141]项目工期为：333.0；项目成本为：70512.3
染色体结构为:
[8, 4, 14, 11, 19, 5, 1, 6, 9, 39, 22, 40, 17, 7, 44, 41, 45, 20, 77, 12, 76, 42, 15, 18, 13, 46, 21, 47, 10, 48, 62, 53, 92, 91, 49, 89, 50, 23, 2, 109, 3, 105, 24, 107, 57, 54, 16, 110, 65, 106, 58, 103, 51, 93, 59, 108, 118, 66, 84, 95, 111, 67, 70, 117, 119, 94, 60, 25, 104, 27, 28, 55, 26, 29, 113, 30, 114, 124, 115, 120, 56, 63, 130, 112, 125, 61, 137, 151, 78, 96, 33, 80, 81, 82, 85, 116, 69, 129, 88, 126, 121, 131, 79, 97, 32, 152, 132, 153, 122, 31, 68, 127, 43, 98, 123, 133, 34, 100, 35, 71, 99, 36, 75, 101, 73, 37, 86, 74, 87, 72, 90, 38, 128, 136, 52, 64, 102, 135, 138, 139, 142, 143, 134, 83, 148, 145, 147, 144, 140, 141, 149, 146, 150, 154]项目工期为：276.0；项目成本为：73832.19999999998
染色体结构为:
[5, 11, 4, 1, 8, 22, 19, 39, 9, 14, 40, 6, 7, 41, 17, 44, 20, 77, 18, 45, 12, 42, 76, 15, 13, 46, 47, 48, 49, 23, 10, 89, 57, 92, 2, 21, 3, 107, 109, 53, 16, 110, 93, 94, 108, 119, 24, 118, 111, 112, 105, 65, 62, 95, 106, 58, 66, 54, 91, 59, 50, 51, 103, 84, 67, 70, 60, 117, 25, 27, 28, 55, 26, 104, 29, 113, 115, 114, 30, 124, 130, 125, 56, 33, 120, 63, 137, 61, 85, 80, 151, 81, 69, 78, 96, 116, 126, 88, 121, 82, 152, 129, 97, 153, 131, 122, 132, 31, 32, 127, 68, 98, 79, 43, 34, 123, 71, 35, 133, 99, 100, 36, 75, 73, 86, 37, 101, 72, 74, 87, 90, 38, 52, 128, 136, 135, 64, 102, 138, 139, 142, 143, 134, 145, 83, 146, 148, 147, 144, 149, 140, 141, 150, 154]项目工期为：194.0；项目成本为：83435.10000000002
染色体结构为:
[4, 8, 14, 19, 11, 5, 1, 6, 9, 22, 39, 40, 17, 7, 44, 41, 45, 20, 77, 12, 76, 42, 15, 18, 46, 13, 21, 47, 10, 48, 62, 53, 91, 92, 49, 89, 50, 23, 2, 109, 3, 105, 24, 107, 57, 54, 16, 110, 65, 106, 58, 103, 51, 93, 59, 108, 118, 66, 84, 95, 67, 70, 117, 119, 111, 94, 60, 25, 104, 27, 28, 26, 55, 29, 113, 30, 114, 124, 120, 115, 56, 130, 63, 112, 61, 125, 137, 151, 78, 96, 33, 80, 81, 82, 85, 69, 116, 129, 88, 121, 126, 97, 131, 79, 152, 32, 132, 153, 31, 122, 68, 127, 43, 98, 123, 133, 34, 100, 71, 35, 99, 36, 75, 101, 73, 37, 86, 74, 87, 72, 90, 38, 128, 136, 52, 135, 64, 102, 138, 139, 142, 143, 83, 134, 147, 145, 148, 146, 144, 140, 141, 149, 150, 154]项目工期为：266.0；项目成本为：74425.70000000001
染色体结构为:
[4, 8, 19, 44, 14, 5, 20, 45, 11, 1, 9, 22, 6, 39, 40, 7, 17, 41, 12, 18, 77, 42, 76, 15, 21, 46, 13, 10, 47, 48, 49, 62, 53, 91, 92, 50, 23, 89, 57, 2, 107, 109, 105, 16, 106, 3, 93, 110, 94, 108, 24, 118, 119, 111, 112, 65, 58, 95, 66, 54, 59, 103, 84, 51, 67, 117, 25, 70, 104, 27, 60, 28, 26, 55, 113, 29, 114, 120, 30, 56, 115, 124, 63, 130, 125, 137, 151, 61, 81, 33, 78, 96, 85, 80, 69, 82, 129, 116, 121, 88, 97, 126, 152, 131, 79, 132, 153, 32, 31, 68, 122, 43, 127, 98, 133, 123, 34, 99, 71, 35, 100, 75, 73, 36, 86, 74, 101, 37, 72, 87, 90, 128, 136, 38, 52, 135, 64, 102, 138, 139, 134, 142, 143, 145, 148, 147, 83, 144, 146, 140, 149, 150, 141, 154]项目工期为：234.0；项目成本为：78210.20000000001
染色体结构为:
[4, 8, 19, 14, 1, 44, 45, 20, 5, 6, 39, 77, 76, 11, 40, 12, 7, 17, 41, 42, 18, 13, 15, 46, 47, 9, 10, 23, 48, 49, 22, 2, 21, 57, 3, 92, 107, 93, 53, 16, 109, 110, 94, 108, 119, 118, 112, 111, 24, 105, 65, 95, 89, 62, 106, 58, 54, 91, 66, 67, 70, 104, 59, 103, 60, 50, 84, 51, 55, 25, 27, 26, 28, 29, 113, 117, 114, 30, 124, 115, 56, 130, 120, 137, 151, 125, 152, 129, 121, 153, 126, 127, 116, 131, 128, 135, 122, 136, 69, 88, 61, 81, 63, 71, 96, 82, 78, 72, 79, 73, 75, 74, 85, 90, 83, 33, 34, 32, 123, 31, 68, 35, 80, 36, 43, 97, 98, 86, 87, 100, 99, 101, 132, 133, 134, 102, 138, 139, 140, 142, 143, 37, 38, 52, 141, 64, 147, 145, 146, 148, 149, 150, 144, 154]项目工期为：155.0；项目成本为：92958.09999999998
染色体结构为:
[11, 5, 1, 19, 9, 4, 8, 6, 22, 39, 14, 40, 17, 7, 44, 12, 41, 20, 77, 45, 42, 18, 76, 15, 21, 46, 13, 47, 10, 48, 62, 49, 91, 53, 23, 50, 92, 89, 2, 105, 3, 24, 57, 109, 16, 107, 54, 110, 103, 58, 65, 106, 59, 93, 51, 108, 95, 111, 66, 67, 118, 84, 119, 70, 117, 94, 25, 27, 60, 104, 26, 113, 28, 55, 29, 114, 120, 124, 30, 115, 56, 130, 63, 112, 61, 137, 33, 125, 151, 81, 78, 80, 96, 85, 82, 69, 116, 129, 88, 121, 97, 126, 131, 132, 152, 153, 79, 32, 68, 122, 31, 127, 98, 43, 34, 123, 71, 133, 35, 100, 99, 36, 75, 73, 74, 101, 86, 37, 72, 90, 38, 87, 128, 136, 52, 135, 64, 102, 138, 139, 142, 134, 143, 145, 148, 83, 147, 146, 149, 140, 144, 150, 141, 154]项目工期为：244.0；项目成本为：76602.79999999997
染色体结构为:
[5, 1, 11, 19, 4, 9, 6, 8, 14, 22, 39, 40, 17, 7, 41, 44, 45, 12, 77, 76, 20, 42, 18, 13, 15, 46, 47, 10, 21, 48, 91, 49, 62, 53, 92, 23, 50, 89, 2, 3, 105, 24, 109, 57, 16, 107, 54, 110, 103, 65, 58, 59, 106, 93, 51, 108, 95, 66, 111, 118, 84, 67, 119, 117, 70, 94, 60, 25, 104, 27, 55, 28, 26, 113, 114, 29, 120, 30, 115, 56, 63, 124, 130, 112, 125, 137, 61, 151, 78, 81, 96, 33, 80, 85, 116, 82, 69, 129, 121, 88, 126, 97, 131, 132, 152, 79, 32, 153, 31, 122, 127, 68, 98, 43, 123, 133, 34, 71, 75, 99, 100, 35, 36, 73, 101, 74, 86, 87, 37, 72, 128, 90, 38, 136, 52, 138, 64, 135, 134, 139, 142, 102, 143, 145, 148, 83, 146, 147, 144, 140, 141, 149, 150, 154]项目工期为：449.0；项目成本为：67795.6
染色体结构为:
[8, 4, 19, 14, 44, 20, 5, 45, 1, 11, 9, 6, 22, 39, 40, 7, 17, 12, 41, 77, 18, 42, 76, 15, 21, 46, 13, 10, 47, 48, 49, 62, 91, 53, 23, 92, 50, 89, 57, 2, 107, 105, 16, 109, 106, 3, 93, 110, 94, 108, 24, 119, 118, 111, 65, 112, 95, 58, 66, 54, 59, 103, 51, 84, 67, 25, 117, 70, 104, 60, 27, 28, 26, 113, 55, 29, 114, 30, 120, 56, 115, 124, 63, 130, 125, 137, 61, 151, 33, 81, 78, 96, 80, 85, 69, 82, 129, 116, 121, 88, 126, 97, 131, 152, 132, 153, 79, 32, 68, 122, 31, 43, 127, 98, 123, 34, 133, 71, 99, 35, 100, 75, 73, 36, 86, 74, 101, 37, 72, 87, 90, 128, 38, 136, 52, 135, 64, 138, 102, 139, 134, 142, 143, 145, 148, 83, 147, 146, 144, 140, 149, 150, 141, 154]项目工期为：249.0；项目成本为：75991.19999999998
染色体结构为:
[4, 14, 8, 19, 1, 44, 45, 20, 5, 11, 9, 22, 6, 39, 40, 17, 7, 12, 77, 41, 76, 18, 15, 42, 13, 21, 46, 47, 10, 48, 91, 53, 62, 49, 50, 23, 92, 89, 2, 3, 105, 109, 24, 57, 110, 107, 16, 54, 65, 103, 58, 106, 59, 93, 51, 108, 95, 66, 118, 111, 67, 117, 84, 119, 94, 70, 60, 25, 104, 27, 28, 26, 113, 55, 114, 29, 30, 120, 124, 115, 56, 130, 125, 112, 63, 137, 61, 151, 33, 96, 81, 80, 78, 85, 116, 82, 88, 69, 129, 97, 131, 121, 126, 152, 153, 79, 127, 132, 32, 122, 31, 68, 43, 98, 123, 34, 133, 35, 71, 100, 99, 101, 75, 36, 73, 86, 72, 37, 74, 87, 38, 90, 128, 52, 135, 136, 64, 102, 139, 138, 142, 143, 83, 134, 145, 144, 147, 148, 146, 140, 149, 141, 150, 154]项目工期为：298.0；项目成本为：71804.79999999999
染色体结构为:
[5, 11, 1, 4, 19, 9, 6, 8, 22, 39, 14, 40, 17, 7, 41, 44, 45, 12, 20, 77, 42, 76, 18, 13, 15, 21, 46, 47, 10, 48, 62, 53, 91, 49, 23, 92, 50, 89, 2, 3, 105, 24, 57, 16, 109, 107, 110, 54, 65, 103, 58, 106, 59, 93, 51, 108, 66, 95, 118, 111, 67, 84, 117, 119, 94, 70, 60, 25, 104, 27, 28, 26, 55, 113, 29, 114, 30, 115, 124, 56, 120, 130, 125, 63, 112, 137, 61, 33, 151, 78, 81, 96, 80, 85, 82, 69, 116, 129, 121, 97, 88, 126, 131, 152, 79, 132, 153, 32, 122, 68, 31, 127, 43, 98, 123, 34, 133, 71, 99, 100, 35, 75, 36, 73, 101, 74, 37, 86, 72, 90, 87, 38, 128, 52, 135, 136, 64, 138, 139, 142, 102, 134, 143, 145, 83, 148, 146, 147, 144, 140, 149, 150, 154, 141]项目工期为：324.0；项目成本为：70579.1
染色体结构为:
[5, 11, 1, 8, 19, 4, 9, 22, 39, 40, 41, 6, 14, 17, 20, 7, 18, 44, 10, 77, 12, 13, 15, 23, 2, 24, 3, 21, 76, 42, 16, 45, 46, 25, 26, 27, 47, 28, 48, 91, 29, 92, 109, 30, 57, 107, 93, 49, 95, 103, 89, 58, 105, 106, 94, 53, 50, 51, 108, 62, 104, 119, 54, 111, 113, 115, 124, 125, 114, 55, 56, 120, 151, 130, 112, 137, 118, 65, 129, 152, 121, 153, 131, 110, 66, 126, 127, 128, 135, 116, 136, 63, 69, 122, 88, 59, 60, 61, 81, 71, 82, 73, 72, 96, 78, 79, 67, 84, 70, 80, 117, 75, 68, 31, 74, 85, 33, 90, 43, 83, 32, 34, 35, 97, 36, 37, 98, 86, 87, 38, 52, 64, 100, 132, 139, 140, 142, 141, 143, 123, 101, 99, 133, 102, 134, 138, 147, 145, 146, 148, 149, 144, 150, 154]项目工期为：144.0；项目成本为：101650.39999999998
染色体结构为:
[4, 8, 14, 19, 11, 5, 1, 9, 6, 22, 39, 40, 17, 7, 44, 41, 45, 20, 12, 77, 76, 42, 15, 18, 13, 46, 21, 47, 10, 48, 53, 62, 91, 49, 92, 23, 50, 89, 2, 109, 3, 105, 24, 107, 57, 54, 16, 110, 65, 58, 103, 106, 51, 59, 93, 108, 118, 66, 84, 95, 111, 67, 117, 70, 119, 60, 94, 25, 27, 104, 28, 55, 26, 29, 113, 30, 114, 115, 124, 120, 63, 56, 130, 125, 112, 61, 137, 151, 33, 78, 80, 96, 81, 82, 116, 85, 129, 69, 126, 88, 121, 131, 97, 79, 152, 153, 32, 132, 122, 31, 68, 127, 43, 123, 98, 133, 34, 100, 35, 71, 99, 75, 36, 101, 73, 37, 86, 74, 87, 90, 38, 72, 128, 52, 136, 64, 102, 138, 135, 139, 142, 143, 134, 83, 148, 145, 147, 144, 140, 146, 141, 149, 150, 154]项目工期为：273.0；项目成本为：73875.79999999999
染色体结构为:
[1, 5, 4, 11, 19, 9, 6, 22, 8, 39, 40, 14, 7, 17, 41, 44, 45, 12, 20, 42, 77, 18, 15, 76, 21, 13, 46, 47, 10, 48, 53, 62, 49, 91, 23, 50, 92, 89, 2, 3, 105, 57, 24, 109, 54, 16, 110, 107, 65, 106, 103, 58, 93, 51, 59, 108, 66, 118, 84, 95, 67, 111, 70, 119, 117, 60, 94, 25, 104, 27, 28, 55, 26, 29, 113, 114, 30, 124, 115, 120, 130, 56, 112, 63, 125, 61, 137, 151, 78, 96, 80, 33, 81, 82, 85, 116, 129, 69, 88, 126, 121, 131, 97, 152, 79, 153, 132, 32, 68, 127, 122, 31, 43, 98, 123, 34, 35, 133, 71, 75, 99, 100, 101, 36, 73, 74, 37, 86, 87, 72, 90, 38, 128, 52, 136, 64, 138, 135, 139, 102, 142, 143, 134, 83, 145, 147, 148, 146, 144, 140, 141, 149, 150, 154]项目工期为：236.0；项目成本为：77989.59999999998
染色体结构为:
[11, 5, 8, 4, 1, 22, 19, 39, 9, 14, 40, 6, 7, 41, 44, 17, 20, 77, 45, 18, 12, 76, 42, 15, 13, 46, 47, 48, 23, 49, 89, 10, 57, 92, 21, 2, 3, 107, 53, 109, 16, 110, 93, 94, 108, 119, 24, 118, 112, 111, 62, 105, 65, 106, 95, 58, 54, 66, 91, 59, 50, 51, 103, 84, 67, 70, 60, 25, 117, 27, 28, 55, 26, 104, 113, 29, 115, 114, 124, 30, 130, 125, 56, 33, 63, 137, 61, 85, 120, 80, 151, 81, 69, 78, 96, 116, 88, 126, 82, 121, 152, 129, 131, 97, 122, 132, 153, 31, 32, 127, 68, 43, 79, 98, 34, 123, 35, 71, 133, 99, 100, 36, 75, 101, 73, 37, 74, 86, 87, 90, 38, 72, 128, 52, 136, 64, 135, 138, 102, 139, 142, 143, 83, 134, 145, 147, 148, 146, 140, 144, 149, 141, 150, 154]项目工期为：183.0；项目成本为：86007.49999999999
染色体结构为:
[1, 5, 11, 4, 19, 9, 22, 6, 8, 39, 40, 14, 7, 17, 41, 44, 45, 20, 12, 77, 42, 18, 76, 15, 21, 13, 46, 47, 48, 62, 10, 53, 49, 91, 23, 92, 50, 89, 2, 3, 105, 57, 24, 109, 54, 16, 110, 107, 65, 106, 58, 103, 93, 51, 59, 108, 118, 66, 84, 95, 111, 67, 70, 119, 117, 60, 94, 25, 104, 27, 28, 26, 55, 113, 29, 30, 114, 124, 120, 115, 56, 130, 112, 63, 61, 125, 137, 151, 33, 96, 80, 78, 81, 82, 85, 116, 69, 129, 88, 126, 121, 97, 131, 79, 32, 152, 132, 122, 153, 31, 127, 68, 43, 98, 123, 133, 34, 35, 100, 71, 36, 99, 75, 101, 73, 86, 37, 74, 87, 72, 38, 90, 128, 136, 52, 64, 135, 102, 138, 139, 142, 143, 83, 134, 145, 148, 147, 144, 140, 141, 146, 149, 150, 154]项目工期为：281.0；项目成本为：73597.6
染色体结构为:
[11, 5, 1, 4, 22, 9, 8, 19, 39, 14, 40, 6, 41, 7, 44, 17, 20, 77, 45, 18, 42, 12, 76, 15, 13, 46, 47, 48, 23, 10, 49, 57, 89, 92, 21, 2, 107, 3, 109, 53, 16, 110, 93, 94, 108, 119, 111, 24, 118, 112, 105, 62, 95, 65, 58, 66, 106, 54, 91, 59, 50, 51, 103, 84, 67, 70, 117, 25, 60, 27, 28, 55, 26, 104, 29, 113, 114, 115, 30, 124, 56, 125, 33, 130, 63, 137, 61, 120, 80, 85, 151, 81, 69, 96, 78, 116, 126, 88, 121, 82, 152, 129, 131, 97, 153, 132, 122, 32, 31, 127, 68, 98, 79, 43, 34, 123, 71, 35, 99, 133, 100, 36, 75, 73, 86, 37, 101, 72, 74, 87, 90, 38, 128, 136, 52, 135, 64, 138, 139, 102, 134, 142, 143, 83, 145, 146, 148, 147, 144, 149, 140, 150, 141, 154]项目工期为：187.0；项目成本为：85463.3
染色体结构为:
[8, 4, 19, 44, 14, 45, 1, 20, 5, 6, 39, 77, 11, 7, 12, 76, 40, 17, 41, 42, 13, 18, 15, 46, 47, 9, 10, 23, 48, 49, 22, 2, 21, 57, 3, 92, 16, 107, 53, 93, 109, 110, 94, 108, 119, 24, 112, 118, 111, 105, 89, 62, 95, 106, 65, 54, 58, 91, 66, 70, 67, 59, 104, 103, 60, 50, 84, 55, 25, 51, 26, 117, 27, 28, 29, 113, 114, 30, 56, 124, 120, 130, 115, 137, 151, 125, 129, 152, 121, 126, 153, 127, 116, 128, 131, 135, 122, 136, 69, 88, 63, 61, 96, 71, 81, 82, 78, 73, 72, 79, 74, 75, 90, 85, 83, 33, 34, 123, 32, 31, 68, 35, 36, 80, 97, 43, 98, 86, 87, 100, 101, 99, 132, 133, 102, 134, 138, 139, 142, 140, 143, 37, 38, 52, 141, 64, 147, 148, 145, 146, 149, 150, 144, 154]项目工期为：169.0；项目成本为：90653.3
染色体结构为:
[5, 11, 1, 19, 9, 4, 8, 6, 22, 14, 39, 40, 17, 7, 44, 12, 41, 20, 77, 45, 42, 18, 76, 15, 21, 46, 13, 47, 10, 48, 62, 49, 91, 53, 23, 50, 92, 2, 89, 105, 3, 24, 57, 109, 16, 107, 54, 103, 110, 58, 65, 106, 59, 51, 93, 108, 95, 111, 66, 67, 118, 84, 119, 117, 70, 94, 25, 27, 60, 26, 104, 28, 55, 29, 113, 114, 120, 124, 30, 115, 56, 130, 63, 112, 61, 137, 33, 125, 151, 81, 78, 80, 96, 85, 82, 69, 116, 129, 88, 121, 97, 126, 131, 132, 152, 153, 32, 79, 68, 122, 31, 127, 98, 43, 123, 34, 71, 35, 133, 99, 100, 36, 75, 73, 74, 101, 86, 37, 72, 38, 90, 87, 128, 136, 52, 135, 64, 102, 138, 139, 134, 142, 143, 148, 83, 145, 147, 146, 140, 144, 149, 150, 154, 141]项目工期为：224.0；项目成本为：79801.99999999999
染色体结构为:
[5, 4, 11, 1, 19, 9, 6, 44, 8, 14, 20, 45, 22, 39, 40, 7, 17, 41, 12, 18, 77, 42, 76, 15, 21, 46, 13, 10, 47, 48, 49, 62, 53, 91, 92, 50, 23, 89, 57, 2, 107, 109, 105, 16, 106, 93, 3, 110, 94, 108, 118, 24, 119, 111, 112, 65, 58, 95, 66, 54, 59, 103, 84, 51, 67, 25, 117, 70, 27, 104, 60, 28, 26, 55, 113, 29, 114, 120, 30, 56, 115, 124, 63, 130, 125, 137, 151, 61, 81, 33, 78, 96, 85, 80, 82, 69, 129, 116, 121, 88, 97, 126, 131, 152, 79, 132, 153, 32, 31, 68, 122, 43, 127, 98, 133, 123, 34, 99, 71, 35, 100, 75, 73, 36, 86, 74, 101, 37, 72, 87, 90, 128, 136, 38, 52, 135, 64, 102, 138, 139, 134, 142, 143, 145, 147, 148, 83, 144, 146, 140, 149, 150, 141, 154]项目工期为：233.0；项目成本为：78683.9
染色体结构为:
[5, 11, 1, 4, 19, 9, 6, 8, 22, 39, 14, 40, 17, 7, 41, 44, 45, 12, 20, 77, 42, 76, 18, 13, 15, 21, 46, 47, 10, 48, 62, 53, 91, 49, 23, 92, 89, 50, 2, 3, 105, 24, 57, 16, 109, 107, 110, 54, 65, 58, 103, 106, 59, 51, 93, 108, 66, 95, 111, 118, 67, 84, 117, 119, 94, 70, 60, 25, 104, 27, 28, 26, 55, 113, 29, 114, 30, 115, 124, 56, 130, 120, 125, 63, 112, 137, 61, 33, 151, 78, 81, 80, 96, 85, 82, 69, 116, 129, 121, 97, 88, 126, 131, 79, 152, 132, 32, 153, 122, 68, 127, 31, 43, 98, 123, 34, 133, 71, 99, 35, 100, 75, 36, 73, 101, 74, 37, 72, 86, 90, 87, 38, 52, 128, 135, 136, 64, 139, 138, 142, 102, 134, 143, 145, 83, 148, 146, 147, 144, 140, 149, 150, 154, 141]项目工期为：313.0；项目成本为：71091.8
染色体结构为:
[5, 11, 1, 4, 19, 9, 8, 6, 22, 39, 14, 40, 17, 7, 41, 44, 45, 12, 20, 77, 42, 18, 76, 15, 13, 46, 21, 47, 10, 48, 62, 49, 53, 91, 23, 92, 50, 89, 2, 3, 105, 57, 24, 109, 16, 107, 110, 54, 65, 103, 58, 106, 59, 51, 108, 93, 95, 66, 111, 118, 67, 84, 119, 70, 117, 94, 25, 60, 104, 27, 28, 26, 113, 114, 55, 29, 30, 115, 120, 124, 56, 130, 63, 112, 137, 125, 61, 151, 33, 78, 81, 96, 85, 80, 82, 69, 116, 129, 88, 121, 97, 126, 131, 79, 152, 132, 153, 32, 122, 68, 31, 127, 43, 98, 34, 123, 133, 71, 99, 100, 35, 75, 36, 73, 101, 74, 37, 86, 72, 90, 87, 128, 38, 136, 135, 52, 64, 102, 138, 139, 142, 143, 134, 148, 145, 146, 83, 147, 144, 149, 140, 141, 150, 154]项目工期为：306.0；项目成本为：71676.5
染色体结构为:
[5, 11, 19, 1, 4, 9, 22, 8, 6, 39, 40, 14, 17, 7, 41, 44, 45, 20, 12, 77, 42, 18, 76, 15, 21, 13, 46, 47, 48, 10, 53, 62, 49, 91, 23, 92, 50, 89, 2, 3, 105, 24, 57, 109, 54, 16, 110, 107, 65, 106, 58, 103, 93, 51, 59, 108, 66, 118, 95, 84, 111, 67, 70, 119, 117, 60, 94, 25, 104, 27, 28, 26, 55, 29, 113, 114, 30, 124, 115, 120, 56, 130, 112, 63, 61, 125, 137, 78, 151, 96, 33, 80, 81, 82, 85, 129, 69, 116, 88, 126, 121, 131, 79, 97, 32, 152, 132, 122, 31, 153, 68, 127, 43, 98, 133, 123, 34, 100, 71, 35, 99, 36, 75, 101, 73, 86, 37, 87, 74, 38, 72, 90, 128, 52, 136, 64, 102, 135, 138, 139, 142, 143, 83, 134, 145, 148, 147, 144, 140, 146, 141, 149, 150, 154]项目工期为：270.0；项目成本为：73971.10000000003
染色体结构为:
[5, 4, 11, 1, 19, 9, 6, 44, 8, 14, 20, 45, 22, 39, 7, 40, 17, 41, 12, 18, 77, 76, 15, 42, 21, 46, 13, 10, 47, 48, 49, 62, 91, 53, 92, 50, 23, 89, 57, 2, 107, 109, 105, 16, 106, 93, 3, 110, 94, 108, 118, 24, 111, 119, 65, 112, 58, 95, 66, 54, 103, 59, 84, 51, 67, 25, 117, 70, 27, 104, 60, 28, 26, 55, 29, 113, 114, 120, 30, 56, 115, 124, 63, 130, 125, 151, 61, 137, 81, 33, 78, 85, 96, 80, 82, 69, 129, 116, 121, 88, 97, 126, 131, 152, 79, 132, 153, 32, 31, 68, 122, 43, 127, 98, 133, 123, 34, 71, 99, 35, 100, 75, 73, 36, 86, 74, 101, 37, 72, 87, 90, 128, 136, 38, 52, 135, 64, 102, 138, 134, 139, 142, 143, 145, 147, 148, 83, 144, 146, 140, 149, 150, 141, 154]项目工期为：225.0；项目成本为：79034.3
染色体结构为:
[5, 11, 1, 8, 4, 9, 22, 19, 39, 6, 40, 14, 7, 41, 17, 20, 44, 12, 45, 18, 77, 46, 42, 13, 76, 47, 15, 10, 48, 23, 57, 2, 49, 92, 89, 21, 107, 3, 16, 53, 109, 93, 110, 94, 108, 24, 119, 111, 118, 112, 62, 65, 95, 105, 106, 50, 58, 54, 59, 66, 91, 103, 51, 84, 70, 67, 60, 25, 117, 27, 55, 104, 26, 113, 28, 29, 115, 114, 30, 124, 56, 130, 125, 63, 33, 120, 137, 61, 80, 151, 85, 81, 116, 96, 69, 78, 126, 82, 121, 88, 129, 152, 131, 97, 153, 122, 132, 32, 31, 68, 98, 79, 127, 123, 34, 43, 35, 99, 133, 71, 100, 36, 101, 73, 86, 75, 72, 37, 74, 128, 87, 90, 38, 52, 136, 64, 138, 102, 139, 135, 142, 143, 145, 134, 83, 147, 146, 144, 148, 140, 141, 149, 150, 154]项目工期为：173.0；项目成本为：89512.29999999999
染色体结构为:
[4, 8, 19, 14, 1, 44, 45, 20, 5, 39, 6, 77, 76, 11, 40, 12, 17, 7, 18, 41, 42, 13, 15, 46, 47, 9, 10, 23, 48, 49, 22, 2, 21, 3, 57, 92, 93, 107, 53, 16, 109, 110, 94, 108, 119, 118, 24, 112, 111, 105, 65, 95, 62, 89, 106, 58, 91, 54, 66, 67, 70, 104, 103, 59, 60, 50, 84, 51, 25, 55, 27, 26, 28, 29, 113, 117, 30, 114, 124, 115, 56, 130, 120, 151, 137, 129, 125, 152, 121, 126, 116, 153, 127, 128, 131, 135, 122, 136, 69, 88, 61, 81, 63, 71, 96, 78, 82, 72, 79, 73, 75, 74, 85, 90, 83, 33, 34, 32, 123, 31, 35, 68, 36, 80, 43, 97, 98, 86, 87, 100, 101, 132, 99, 133, 102, 134, 138, 139, 142, 140, 143, 37, 141, 38, 52, 147, 145, 146, 64, 148, 149, 150, 144, 154]项目工期为：146.0；项目成本为：96814.39999999995
染色体结构为:
[8, 4, 19, 14, 5, 44, 45, 1, 20, 6, 77, 11, 39, 12, 40, 76, 17, 7, 41, 9, 22, 42, 18, 13, 15, 21, 46, 47, 48, 10, 53, 62, 91, 49, 23, 50, 92, 89, 2, 105, 3, 57, 109, 24, 16, 107, 110, 54, 65, 58, 103, 106, 59, 93, 51, 108, 95, 66, 111, 67, 118, 84, 119, 117, 70, 94, 60, 25, 27, 28, 104, 26, 55, 113, 114, 29, 30, 124, 120, 115, 56, 130, 112, 63, 125, 137, 61, 33, 151, 81, 78, 96, 80, 85, 82, 116, 69, 129, 88, 121, 126, 97, 152, 131, 132, 79, 32, 153, 122, 68, 31, 43, 127, 123, 98, 133, 34, 71, 99, 100, 75, 35, 36, 73, 101, 86, 37, 74, 72, 90, 38, 87, 128, 52, 136, 64, 138, 135, 102, 139, 142, 134, 143, 145, 83, 148, 146, 147, 144, 140, 149, 141, 150, 154]项目工期为：253.0；项目成本为：75023.4
染色体结构为:
[11, 5, 4, 19, 1, 9, 8, 6, 39, 22, 14, 17, 40, 7, 41, 44, 45, 12, 20, 42, 77, 18, 76, 13, 15, 21, 46, 47, 48, 10, 53, 62, 49, 92, 91, 23, 50, 89, 2, 105, 3, 24, 57, 109, 16, 107, 110, 54, 65, 103, 58, 59, 106, 93, 51, 108, 66, 95, 111, 118, 67, 84, 119, 70, 94, 117, 60, 25, 27, 104, 28, 55, 26, 113, 114, 29, 120, 30, 115, 56, 130, 124, 63, 112, 137, 125, 61, 151, 33, 81, 96, 78, 80, 85, 82, 69, 116, 121, 129, 97, 88, 126, 131, 79, 152, 132, 153, 122, 32, 68, 31, 127, 98, 43, 123, 133, 34, 99, 71, 100, 35, 36, 73, 75, 101, 74, 37, 86, 90, 72, 87, 128, 38, 136, 135, 52, 64, 102, 138, 139, 142, 134, 143, 148, 145, 146, 83, 147, 144, 140, 149, 150, 141, 154]项目工期为：277.0；项目成本为：73752.6
MID=0.742035844852183
DM=35096.14275159024
SNS=0.2867926429263383
SM=0.7368809328107885
2.1142945824682133E-5
64
共计用时：10秒
