染色体结构为:
[61, 152, 117, 43, 86, 133, 70, 154, 66, 23, 9, 7, 39, 34, 187, 56, 184, 12, 106, 82, 109, 53, 25, 95, 47, 142, 18, 68, 67, 10, 87, 48, 11, 107, 72, 136, 6, 197, 42, 75, 76, 46, 81, 101, 110, 196, 126, 50, 124, 85, 63, 30, 1, 174, 119, 57, 153, 74, 148, 179, 13, 27, 29, 8, 89, 118, 60, 116, 138, 88, 2, 91, 120, 103, 181, 173, 80, 150, 54, 177, 32, 14, 102, 161, 3, 44, 175, 105, 19, 24, 158, 49, 144, 83, 45, 16, 65, 26, 15, 121, 122, 115, 98, 51, 176, 192, 21, 134, 55, 186, 36, 4, 35, 52, 37, 104, 199, 59, 17, 22, 195, 33, 194, 137, 127, 129, 99, 108, 156, 20, 31, 41, 169, 5, 123, 28, 79, 40, 112, 182, 185, 90, 84, 69, 130, 155, 73, 200, 58, 114, 171, 164, 145, 62, 94, 78, 188, 93, 125, 149, 140, 162, 38, 113, 128, 146, 178, 97, 77, 151, 160, 159, 168, 165, 96, 163, 141, 100, 64, 167, 71, 190, 92, 132, 139, 111, 193, 147, 157, 198, 180, 183, 170, 143, 191, 135, 166, 172, 189, 131]项目工期为：514.0；项目成本为：169746.10000000006
染色体结构为:
[152, 61, 43, 133, 117, 7, 154, 70, 86, 23, 39, 66, 187, 9, 184, 56, 34, 12, 95, 82, 109, 53, 25, 106, 47, 142, 18, 10, 11, 68, 67, 72, 48, 87, 107, 6, 197, 136, 76, 75, 42, 81, 21, 148, 27, 138, 103, 49, 24, 101, 46, 50, 110, 196, 126, 124, 174, 63, 1, 85, 30, 57, 74, 153, 8, 179, 119, 29, 118, 116, 89, 60, 13, 2, 80, 91, 120, 88, 181, 173, 54, 150, 32, 102, 14, 177, 115, 65, 121, 26, 15, 122, 19, 98, 51, 158, 16, 105, 134, 192, 176, 186, 55, 137, 37, 144, 52, 22, 4, 199, 59, 36, 104, 33, 17, 194, 195, 3, 156, 127, 83, 20, 108, 175, 5, 99, 45, 62, 188, 78, 94, 28, 44, 58, 125, 90, 35, 84, 149, 140, 93, 145, 162, 129, 160, 79, 71, 155, 161, 64, 31, 41, 123, 73, 169, 40, 182, 112, 69, 77, 130, 185, 164, 132, 38, 167, 159, 190, 128, 171, 163, 143, 113, 141, 170, 114, 183, 193, 166, 180, 191, 168, 92, 96, 139, 200, 157, 100, 135, 172, 131, 97, 151, 178, 147, 146, 198, 189, 165, 111]项目工期为：510.0；项目成本为：169786.8000000001
染色体结构为:
[117, 61, 34, 39, 187, 82, 56, 9, 43, 184, 109, 53, 12, 23, 95, 25, 68, 152, 133, 7, 70, 154, 86, 106, 66, 47, 18, 142, 11, 10, 72, 48, 87, 67, 107, 197, 6, 136, 75, 42, 76, 81, 21, 148, 138, 49, 27, 103, 24, 101, 46, 50, 196, 110, 126, 124, 63, 1, 174, 85, 153, 30, 57, 119, 74, 179, 8, 29, 118, 13, 116, 89, 60, 2, 91, 80, 120, 54, 88, 181, 150, 173, 32, 102, 177, 14, 115, 65, 121, 15, 122, 98, 26, 51, 19, 16, 158, 105, 192, 134, 176, 186, 55, 137, 144, 52, 199, 37, 4, 22, 59, 36, 104, 33, 17, 194, 3, 195, 156, 127, 108, 83, 20, 5, 175, 99, 45, 188, 62, 78, 58, 94, 28, 44, 90, 125, 35, 84, 149, 140, 162, 93, 129, 145, 79, 71, 160, 155, 64, 161, 31, 123, 41, 73, 40, 169, 182, 112, 69, 130, 77, 185, 38, 164, 167, 132, 159, 190, 128, 171, 163, 143, 113, 141, 114, 170, 166, 183, 193, 180, 191, 168, 200, 92, 96, 139, 157, 100, 135, 172, 131, 97, 151, 147, 178, 146, 189, 198, 165, 111]项目工期为：539.0；项目成本为：164304.40000000005
染色体结构为:
[117, 61, 43, 152, 86, 133, 154, 39, 82, 34, 9, 136, 187, 56, 12, 184, 23, 109, 53, 25, 68, 95, 142, 47, 106, 192, 137, 10, 24, 103, 144, 37, 87, 52, 46, 119, 32, 122, 30, 186, 29, 22, 177, 55, 179, 65, 6, 85, 107, 18, 8, 199, 98, 48, 49, 26, 1, 148, 81, 27, 60, 45, 173, 134, 83, 194, 115, 75, 99, 19, 36, 16, 150, 169, 67, 38, 197, 20, 66, 102, 14, 112, 145, 105, 80, 5, 168, 181, 120, 15, 4, 13, 42, 59, 104, 17, 33, 70, 72, 3, 76, 63, 57, 124, 195, 54, 84, 129, 50, 155, 153, 176, 71, 160, 89, 126, 64, 11, 138, 116, 44, 110, 118, 74, 35, 73, 21, 31, 2, 7, 28, 108, 121, 123, 79, 158, 41, 77, 93, 185, 174, 161, 164, 167, 132, 51, 171, 159, 125, 196, 101, 91, 127, 88, 175, 156, 188, 62, 94, 78, 58, 90, 149, 162, 113, 140, 178, 146, 128, 97, 151, 198, 170, 182, 130, 114, 190, 183, 163, 143, 180, 141, 193, 191, 200, 166, 157, 92, 139, 111, 69, 40, 147, 100, 165, 96, 135, 189, 172, 131]项目工期为：499.0；项目成本为：171913.70000000013
染色体结构为:
[117, 34, 61, 82, 39, 187, 56, 9, 43, 184, 12, 109, 53, 95, 25, 68, 23, 106, 142, 47, 192, 10, 137, 24, 144, 37, 52, 103, 119, 46, 87, 122, 30, 32, 55, 22, 177, 29, 186, 65, 179, 85, 6, 107, 49, 18, 8, 26, 199, 98, 1, 48, 27, 148, 60, 173, 81, 45, 83, 75, 152, 134, 36, 194, 99, 115, 16, 19, 150, 67, 38, 169, 197, 66, 14, 102, 105, 145, 112, 20, 168, 5, 80, 120, 181, 15, 4, 104, 13, 17, 59, 133, 42, 72, 70, 33, 76, 3, 63, 195, 57, 54, 50, 129, 124, 84, 176, 155, 153, 160, 64, 11, 71, 126, 89, 138, 154, 44, 116, 86, 118, 73, 35, 110, 74, 7, 21, 2, 136, 31, 108, 121, 28, 123, 158, 79, 41, 93, 164, 77, 161, 174, 132, 167, 185, 159, 51, 171, 128, 125, 88, 182, 196, 94, 101, 140, 91, 92, 139, 127, 175, 156, 188, 62, 78, 58, 149, 90, 162, 113, 178, 146, 151, 97, 198, 190, 114, 170, 130, 141, 163, 143, 183, 180, 191, 193, 166, 200, 96, 157, 135, 172, 100, 69, 131, 40, 189, 111, 165, 147]项目工期为：476.0；项目成本为：177491.6
染色体结构为:
[61, 43, 152, 133, 7, 117, 70, 86, 154, 23, 66, 9, 187, 34, 39, 12, 184, 56, 95, 106, 53, 25, 82, 109, 142, 18, 47, 68, 11, 10, 72, 48, 67, 87, 107, 6, 75, 197, 136, 81, 76, 42, 21, 148, 27, 138, 49, 103, 24, 101, 46, 50, 110, 196, 126, 124, 63, 174, 153, 1, 85, 57, 30, 74, 119, 179, 8, 29, 118, 116, 13, 89, 2, 60, 91, 80, 120, 88, 54, 181, 150, 173, 32, 102, 177, 14, 115, 65, 121, 15, 26, 122, 51, 98, 19, 16, 158, 192, 105, 134, 176, 55, 186, 137, 37, 52, 144, 22, 199, 36, 4, 104, 59, 33, 17, 194, 195, 156, 3, 127, 83, 20, 108, 175, 5, 99, 188, 45, 62, 78, 94, 58, 28, 44, 90, 125, 35, 84, 149, 140, 93, 162, 145, 129, 79, 160, 71, 155, 161, 64, 31, 123, 41, 73, 40, 169, 182, 112, 69, 130, 77, 164, 185, 38, 167, 132, 190, 159, 128, 163, 171, 143, 141, 170, 114, 113, 183, 166, 180, 193, 191, 168, 200, 92, 96, 139, 157, 100, 135, 172, 131, 97, 151, 147, 178, 189, 198, 146, 165, 111]项目工期为：516.0；项目成本为：168314.80000000002
染色体结构为:
[61, 152, 43, 117, 86, 133, 154, 70, 7, 23, 34, 9, 66, 187, 39, 184, 56, 12, 82, 95, 53, 106, 109, 25, 18, 142, 47, 68, 10, 11, 48, 72, 67, 87, 107, 197, 75, 6, 42, 136, 76, 21, 81, 27, 148, 49, 138, 103, 24, 101, 46, 50, 196, 110, 124, 63, 126, 174, 1, 85, 30, 57, 74, 153, 119, 179, 8, 29, 118, 13, 89, 116, 60, 2, 91, 80, 88, 120, 54, 181, 173, 150, 32, 102, 115, 177, 14, 121, 15, 65, 26, 122, 98, 51, 19, 16, 158, 105, 134, 192, 186, 176, 55, 137, 37, 52, 144, 22, 199, 4, 36, 59, 104, 17, 33, 195, 194, 3, 156, 127, 83, 108, 175, 20, 45, 99, 5, 188, 62, 78, 58, 94, 28, 90, 35, 44, 125, 84, 149, 140, 162, 145, 93, 79, 129, 71, 155, 160, 64, 161, 123, 31, 41, 73, 169, 40, 182, 69, 112, 130, 164, 77, 185, 38, 167, 159, 132, 190, 128, 171, 163, 143, 113, 114, 141, 170, 166, 183, 193, 180, 191, 168, 92, 200, 96, 139, 100, 135, 157, 172, 131, 97, 147, 178, 146, 151, 189, 165, 198, 111]项目工期为：525.0；项目成本为：166706.10000000003
染色体结构为:
[39, 61, 117, 187, 34, 9, 82, 56, 43, 109, 184, 23, 53, 12, 25, 95, 68, 137, 106, 142, 47, 192, 144, 10, 24, 103, 37, 52, 119, 46, 87, 32, 30, 22, 122, 55, 177, 29, 186, 65, 179, 85, 6, 107, 18, 49, 8, 199, 26, 98, 1, 48, 27, 136, 81, 148, 152, 138, 21, 115, 2, 76, 118, 89, 116, 13, 60, 67, 133, 197, 72, 11, 70, 75, 126, 42, 101, 50, 110, 86, 83, 45, 7, 173, 66, 154, 15, 121, 57, 51, 63, 16, 19, 196, 158, 105, 54, 176, 74, 14, 134, 174, 36, 35, 120, 102, 4, 181, 59, 104, 33, 17, 3, 80, 195, 194, 129, 153, 88, 124, 91, 127, 20, 156, 175, 108, 5, 99, 161, 150, 31, 44, 41, 28, 169, 123, 79, 90, 40, 185, 112, 73, 69, 130, 182, 84, 155, 114, 200, 58, 171, 164, 145, 62, 162, 159, 38, 163, 146, 168, 165, 96, 141, 78, 113, 100, 125, 77, 64, 167, 94, 151, 71, 93, 160, 132, 128, 92, 140, 139, 193, 111, 180, 97, 149, 157, 147, 188, 178, 170, 191, 198, 190, 135, 172, 143, 183, 189, 166, 131]项目工期为：517.0；项目成本为：168242.60000000006
染色体结构为:
[117, 39, 61, 34, 187, 9, 82, 56, 184, 109, 43, 23, 53, 12, 25, 95, 106, 68, 142, 137, 47, 144, 24, 192, 10, 103, 37, 119, 46, 52, 30, 122, 87, 32, 55, 22, 177, 29, 186, 65, 179, 6, 85, 107, 18, 8, 199, 49, 26, 48, 98, 27, 1, 81, 136, 138, 148, 152, 21, 115, 2, 76, 118, 13, 116, 89, 60, 11, 67, 197, 133, 72, 75, 70, 42, 126, 86, 101, 50, 110, 83, 45, 7, 173, 66, 15, 154, 121, 57, 63, 51, 16, 19, 105, 196, 158, 176, 54, 74, 174, 35, 134, 14, 102, 4, 36, 120, 181, 59, 17, 104, 3, 33, 80, 195, 129, 194, 124, 88, 153, 91, 127, 20, 156, 108, 5, 175, 161, 150, 99, 31, 41, 44, 28, 169, 79, 123, 40, 112, 90, 188, 185, 73, 62, 84, 58, 78, 94, 149, 125, 140, 93, 162, 145, 38, 178, 113, 77, 128, 151, 114, 146, 182, 97, 170, 198, 130, 69, 155, 171, 200, 164, 159, 163, 168, 96, 165, 141, 100, 64, 71, 167, 160, 190, 132, 92, 139, 193, 157, 111, 147, 180, 143, 183, 135, 191, 166, 131, 172, 189]项目工期为：496.0；项目成本为：172782.00000000006
染色体结构为:
[61, 133, 152, 117, 7, 86, 43, 154, 70, 66, 34, 23, 9, 39, 56, 12, 187, 184, 53, 95, 82, 109, 25, 106, 142, 47, 18, 10, 68, 11, 67, 48, 87, 72, 107, 6, 42, 197, 136, 75, 81, 76, 46, 101, 196, 110, 50, 126, 85, 63, 124, 1, 30, 57, 174, 153, 148, 119, 179, 27, 74, 13, 29, 8, 118, 116, 138, 89, 60, 88, 2, 91, 103, 120, 181, 150, 173, 80, 54, 177, 102, 14, 32, 161, 44, 3, 175, 49, 105, 83, 19, 24, 158, 16, 15, 144, 121, 45, 26, 21, 65, 51, 122, 98, 115, 134, 192, 176, 35, 186, 36, 55, 104, 52, 4, 37, 17, 22, 199, 59, 195, 129, 33, 156, 20, 194, 127, 5, 28, 137, 99, 169, 31, 108, 41, 40, 112, 123, 79, 90, 73, 185, 182, 114, 84, 69, 130, 155, 171, 200, 58, 145, 62, 162, 38, 164, 159, 146, 168, 163, 96, 78, 113, 165, 77, 141, 100, 125, 94, 64, 167, 151, 160, 71, 190, 93, 132, 92, 140, 139, 193, 128, 111, 97, 157, 180, 147, 149, 198, 178, 143, 188, 170, 183, 135, 191, 166, 131, 172, 189]项目工期为：543.0；项目成本为：163852.00000000003
染色体结构为:
[117, 61, 43, 86, 152, 154, 133, 39, 82, 34, 9, 136, 187, 56, 12, 184, 23, 109, 53, 95, 25, 68, 142, 106, 137, 47, 24, 192, 10, 103, 144, 37, 87, 52, 119, 46, 32, 122, 29, 30, 186, 22, 177, 55, 179, 6, 65, 85, 8, 107, 18, 199, 98, 48, 49, 26, 1, 148, 27, 60, 81, 45, 134, 173, 83, 194, 75, 115, 99, 36, 19, 16, 169, 67, 150, 197, 38, 20, 66, 102, 14, 112, 145, 80, 105, 5, 168, 120, 15, 181, 4, 13, 42, 59, 33, 17, 104, 70, 3, 72, 63, 57, 76, 54, 195, 124, 84, 129, 50, 155, 153, 71, 176, 160, 126, 89, 64, 11, 138, 116, 110, 118, 44, 35, 74, 73, 21, 31, 2, 7, 28, 108, 121, 123, 79, 41, 158, 77, 185, 93, 174, 161, 164, 167, 159, 132, 51, 125, 171, 196, 101, 91, 127, 88, 156, 175, 188, 62, 94, 78, 90, 58, 149, 162, 113, 140, 178, 97, 151, 198, 146, 182, 170, 114, 128, 130, 190, 183, 163, 143, 180, 141, 193, 200, 191, 166, 92, 139, 157, 111, 69, 147, 40, 100, 165, 96, 135, 172, 189, 131]项目工期为：479.0；项目成本为：177314.00000000012
染色体结构为:
[27, 81, 148, 138, 82, 49, 136, 21, 152, 39, 103, 86, 43, 154, 115, 66, 133, 24, 48, 85, 2, 76, 34, 117, 9, 61, 187, 12, 184, 53, 56, 109, 68, 23, 25, 106, 95, 142, 192, 47, 37, 137, 144, 10, 52, 7, 70, 67, 18, 87, 11, 72, 107, 6, 197, 75, 42, 46, 101, 110, 196, 126, 50, 1, 124, 63, 30, 57, 174, 119, 179, 74, 153, 13, 118, 29, 8, 89, 116, 60, 91, 181, 88, 120, 173, 80, 150, 32, 54, 177, 14, 161, 102, 3, 44, 175, 105, 83, 16, 158, 45, 19, 65, 26, 121, 15, 122, 98, 134, 51, 186, 176, 36, 4, 55, 35, 199, 104, 59, 22, 17, 195, 194, 33, 127, 156, 129, 99, 108, 20, 5, 31, 41, 123, 169, 28, 40, 79, 112, 69, 182, 185, 73, 84, 130, 90, 155, 200, 58, 114, 171, 145, 164, 94, 62, 78, 188, 149, 125, 93, 162, 38, 140, 178, 146, 113, 128, 97, 77, 151, 168, 160, 132, 71, 64, 92, 167, 190, 139, 159, 141, 198, 143, 170, 163, 183, 180, 193, 191, 157, 166, 96, 135, 100, 172, 189, 131, 111, 165, 147]项目工期为：485.0；项目成本为：174599.10000000012
染色体结构为:
[39, 61, 117, 187, 34, 9, 82, 56, 43, 109, 184, 23, 53, 12, 95, 25, 137, 68, 106, 142, 47, 192, 144, 10, 24, 103, 37, 52, 119, 46, 87, 32, 30, 22, 122, 177, 55, 29, 186, 65, 179, 85, 6, 107, 18, 49, 199, 8, 26, 98, 1, 48, 27, 136, 81, 148, 152, 21, 138, 115, 2, 76, 118, 89, 116, 13, 60, 67, 133, 72, 197, 11, 75, 70, 126, 42, 101, 50, 110, 83, 86, 45, 7, 173, 66, 154, 121, 15, 57, 51, 63, 16, 19, 158, 105, 196, 54, 176, 74, 14, 174, 134, 35, 36, 120, 4, 102, 181, 59, 104, 33, 17, 3, 80, 195, 129, 153, 194, 124, 88, 91, 127, 20, 156, 175, 5, 108, 99, 150, 161, 31, 44, 41, 28, 169, 79, 123, 90, 40, 185, 112, 73, 69, 182, 130, 84, 155, 114, 200, 58, 164, 171, 145, 62, 162, 159, 38, 146, 163, 168, 165, 96, 141, 78, 100, 113, 125, 77, 64, 94, 151, 167, 71, 93, 160, 132, 140, 92, 139, 128, 111, 193, 180, 97, 157, 149, 147, 188, 178, 170, 191, 198, 135, 190, 172, 143, 183, 189, 166, 131]项目工期为：515.0；项目成本为：169507.7000000001
染色体结构为:
[117, 61, 43, 152, 86, 133, 154, 39, 82, 34, 9, 136, 187, 56, 12, 184, 23, 109, 53, 25, 68, 95, 142, 106, 47, 137, 10, 24, 192, 103, 144, 37, 87, 46, 52, 119, 32, 122, 186, 30, 22, 29, 177, 55, 179, 65, 6, 85, 107, 18, 8, 199, 98, 48, 49, 26, 148, 1, 81, 27, 60, 173, 45, 134, 83, 194, 75, 115, 99, 19, 36, 16, 150, 169, 67, 38, 197, 20, 66, 102, 14, 145, 112, 105, 80, 5, 168, 181, 15, 120, 4, 13, 59, 42, 104, 17, 33, 70, 3, 72, 76, 63, 57, 124, 195, 54, 84, 129, 155, 50, 153, 176, 71, 160, 89, 64, 126, 11, 138, 116, 44, 110, 118, 74, 35, 73, 21, 31, 2, 7, 28, 108, 121, 123, 79, 158, 41, 93, 77, 185, 161, 174, 164, 167, 51, 132, 171, 125, 159, 196, 101, 91, 127, 88, 175, 156, 188, 62, 94, 58, 78, 90, 149, 162, 113, 140, 178, 146, 128, 97, 151, 198, 170, 130, 182, 114, 190, 183, 163, 143, 180, 141, 193, 191, 200, 166, 157, 92, 139, 111, 69, 40, 147, 165, 96, 100, 135, 189, 172, 131]项目工期为：489.0；项目成本为：173770.50000000012
染色体结构为:
[43, 61, 152, 133, 117, 70, 86, 7, 154, 66, 23, 187, 34, 9, 39, 53, 184, 56, 12, 82, 95, 109, 106, 25, 142, 47, 18, 68, 67, 10, 11, 87, 72, 107, 42, 48, 6, 197, 136, 75, 76, 81, 46, 101, 196, 110, 50, 126, 124, 63, 1, 85, 174, 30, 57, 153, 119, 148, 74, 179, 13, 27, 29, 118, 89, 21, 49, 103, 138, 115, 2, 24, 8, 116, 60, 65, 15, 121, 98, 122, 26, 16, 51, 19, 158, 177, 54, 173, 105, 192, 176, 14, 186, 32, 134, 36, 55, 52, 120, 102, 35, 181, 37, 22, 4, 104, 80, 199, 17, 59, 3, 33, 127, 194, 129, 91, 195, 137, 88, 144, 108, 156, 83, 5, 20, 161, 99, 175, 31, 44, 45, 150, 41, 28, 169, 40, 123, 79, 112, 73, 185, 69, 90, 114, 182, 84, 200, 155, 58, 130, 164, 171, 162, 145, 38, 62, 159, 163, 168, 146, 96, 165, 113, 141, 100, 64, 78, 125, 77, 94, 167, 71, 151, 160, 128, 93, 132, 92, 193, 140, 111, 139, 97, 180, 188, 149, 157, 178, 147, 183, 190, 170, 198, 191, 143, 135, 166, 131, 189, 172]项目工期为：660.0；项目成本为：153583.80000000005
染色体结构为:
[117, 61, 152, 43, 86, 133, 7, 154, 66, 9, 70, 23, 34, 39, 56, 12, 187, 184, 82, 95, 53, 47, 109, 106, 25, 142, 18, 67, 10, 48, 68, 87, 11, 72, 107, 136, 6, 42, 76, 75, 197, 81, 46, 101, 110, 196, 124, 126, 50, 1, 85, 63, 30, 174, 153, 57, 148, 119, 179, 27, 74, 29, 13, 118, 116, 138, 8, 89, 88, 60, 2, 91, 120, 103, 181, 150, 54, 80, 173, 177, 102, 32, 14, 3, 161, 49, 44, 175, 105, 19, 83, 158, 16, 24, 144, 15, 45, 26, 121, 21, 65, 122, 115, 51, 98, 192, 134, 36, 186, 176, 104, 35, 55, 4, 199, 52, 37, 17, 59, 129, 33, 22, 195, 20, 156, 127, 194, 137, 99, 28, 5, 108, 169, 31, 41, 112, 123, 79, 90, 40, 73, 182, 185, 69, 84, 114, 130, 155, 171, 145, 58, 164, 62, 200, 38, 162, 159, 146, 163, 165, 168, 96, 141, 78, 113, 125, 77, 94, 64, 151, 100, 160, 71, 92, 167, 190, 93, 140, 132, 193, 139, 128, 111, 97, 180, 147, 157, 149, 198, 178, 143, 188, 183, 170, 135, 191, 172, 166, 189, 131]项目工期为：541.0；项目成本为：163902.80000000005
染色体结构为:
[152, 61, 133, 86, 117, 43, 7, 70, 154, 23, 66, 39, 9, 34, 56, 12, 184, 53, 187, 82, 47, 95, 109, 25, 142, 106, 18, 10, 67, 48, 68, 11, 87, 72, 107, 6, 42, 197, 136, 75, 76, 46, 81, 110, 196, 101, 126, 124, 50, 1, 63, 30, 85, 153, 57, 174, 119, 179, 148, 27, 74, 29, 118, 13, 8, 116, 138, 60, 88, 89, 2, 91, 103, 181, 120, 150, 80, 173, 54, 102, 177, 32, 14, 161, 44, 175, 3, 49, 105, 19, 83, 158, 24, 16, 144, 45, 15, 121, 26, 65, 21, 122, 98, 51, 115, 192, 36, 134, 176, 35, 186, 55, 104, 4, 52, 199, 37, 17, 22, 59, 129, 195, 33, 20, 127, 156, 194, 137, 5, 28, 99, 108, 169, 31, 41, 112, 40, 123, 79, 73, 182, 90, 185, 69, 114, 84, 155, 130, 171, 200, 58, 145, 62, 162, 164, 159, 38, 146, 163, 168, 165, 96, 78, 141, 113, 77, 100, 125, 94, 64, 151, 160, 167, 71, 190, 132, 93, 92, 140, 193, 128, 111, 139, 97, 147, 157, 149, 180, 198, 178, 143, 183, 188, 170, 135, 191, 166, 131, 172, 189]项目工期为：562.0；项目成本为：160709.50000000006
染色体结构为:
[39, 61, 187, 9, 56, 117, 34, 82, 43, 152, 70, 133, 154, 86, 66, 7, 23, 12, 95, 25, 53, 106, 184, 109, 47, 142, 10, 18, 68, 67, 11, 148, 81, 136, 27, 21, 49, 138, 103, 24, 2, 115, 48, 85, 76, 118, 65, 179, 13, 119, 8, 15, 121, 98, 26, 6, 122, 57, 72, 87, 107, 197, 42, 101, 75, 46, 110, 196, 126, 1, 124, 50, 30, 153, 63, 174, 74, 29, 116, 89, 91, 60, 88, 120, 181, 150, 80, 173, 54, 177, 14, 102, 32, 3, 161, 44, 105, 175, 19, 158, 83, 16, 45, 144, 192, 51, 134, 36, 176, 186, 35, 104, 4, 55, 199, 52, 37, 17, 129, 59, 22, 33, 195, 156, 127, 20, 194, 99, 137, 5, 28, 169, 108, 31, 41, 112, 123, 40, 79, 90, 182, 73, 69, 185, 84, 155, 114, 171, 130, 58, 200, 164, 145, 38, 62, 162, 159, 146, 165, 96, 141, 168, 163, 78, 113, 125, 77, 94, 64, 151, 100, 160, 71, 167, 93, 92, 190, 132, 140, 193, 139, 128, 111, 97, 149, 157, 180, 147, 198, 178, 170, 188, 143, 183, 135, 191, 172, 131, 189, 166]项目工期为：550.0；项目成本为：162223.10000000003
染色体结构为:
[43, 61, 117, 152, 133, 86, 7, 154, 66, 23, 70, 187, 9, 34, 39, 184, 56, 53, 95, 12, 82, 109, 106, 142, 25, 18, 68, 47, 10, 11, 67, 72, 48, 148, 81, 27, 21, 103, 136, 138, 115, 49, 76, 24, 107, 85, 2, 87, 75, 6, 197, 42, 101, 110, 46, 50, 196, 174, 124, 126, 63, 1, 153, 30, 119, 74, 57, 29, 8, 179, 116, 13, 118, 89, 65, 15, 60, 121, 122, 26, 16, 98, 51, 19, 54, 158, 177, 105, 173, 14, 176, 192, 134, 186, 36, 55, 32, 35, 52, 4, 120, 37, 102, 181, 199, 33, 22, 104, 80, 3, 59, 17, 194, 129, 195, 127, 91, 137, 88, 144, 108, 5, 156, 20, 83, 175, 99, 161, 44, 31, 45, 150, 41, 28, 79, 169, 123, 40, 112, 73, 185, 114, 90, 69, 182, 84, 155, 200, 130, 58, 171, 162, 164, 62, 38, 145, 159, 168, 163, 146, 165, 96, 141, 100, 78, 64, 125, 113, 77, 94, 151, 71, 167, 160, 190, 93, 92, 132, 140, 193, 111, 128, 97, 139, 157, 180, 147, 149, 198, 143, 178, 188, 183, 135, 170, 191, 172, 166, 131, 189]项目工期为：793.0；项目成本为：149066.50000000006
染色体结构为:
[61, 152, 117, 43, 86, 133, 70, 154, 66, 23, 7, 9, 34, 39, 187, 56, 184, 12, 106, 109, 82, 53, 47, 25, 95, 142, 18, 68, 67, 87, 48, 10, 11, 72, 107, 136, 6, 197, 42, 75, 46, 76, 81, 101, 110, 196, 50, 124, 126, 85, 63, 30, 1, 119, 57, 174, 153, 74, 148, 179, 13, 29, 27, 8, 89, 118, 60, 116, 138, 2, 88, 91, 120, 103, 181, 173, 150, 54, 80, 177, 32, 14, 102, 161, 3, 44, 175, 105, 24, 19, 158, 49, 144, 45, 83, 16, 65, 121, 26, 15, 122, 115, 98, 51, 192, 176, 21, 55, 134, 186, 4, 36, 35, 52, 37, 104, 199, 59, 17, 22, 195, 33, 194, 137, 127, 129, 99, 108, 156, 20, 31, 41, 169, 5, 28, 40, 123, 79, 112, 182, 185, 90, 84, 69, 130, 155, 200, 73, 58, 171, 114, 164, 145, 62, 94, 78, 93, 188, 125, 149, 140, 162, 38, 113, 128, 146, 178, 97, 160, 77, 151, 159, 168, 96, 163, 165, 141, 100, 64, 167, 71, 190, 92, 139, 132, 111, 193, 147, 198, 180, 157, 183, 143, 191, 170, 135, 172, 166, 189, 131]项目工期为：505.0；项目成本为：170237.40000000005
染色体结构为:
[43, 152, 61, 117, 133, 7, 86, 70, 66, 154, 23, 34, 9, 187, 56, 39, 53, 184, 82, 12, 95, 109, 25, 142, 47, 10, 106, 67, 18, 11, 72, 68, 48, 87, 148, 27, 81, 136, 21, 138, 103, 115, 49, 24, 107, 76, 85, 2, 197, 6, 75, 42, 101, 110, 50, 46, 126, 196, 174, 124, 1, 153, 63, 30, 119, 74, 57, 29, 179, 13, 116, 118, 89, 8, 65, 60, 98, 15, 26, 121, 122, 19, 16, 158, 51, 54, 177, 173, 105, 176, 192, 14, 186, 32, 36, 134, 35, 55, 52, 102, 120, 4, 37, 181, 104, 22, 199, 80, 17, 59, 33, 129, 3, 194, 127, 137, 91, 88, 156, 195, 144, 108, 5, 83, 99, 20, 161, 44, 175, 31, 45, 150, 28, 41, 79, 169, 40, 73, 123, 185, 112, 90, 69, 114, 182, 84, 155, 200, 58, 164, 171, 130, 145, 162, 38, 62, 159, 163, 146, 168, 165, 96, 141, 64, 100, 113, 78, 77, 125, 71, 94, 160, 167, 151, 93, 128, 140, 132, 193, 92, 111, 139, 97, 149, 180, 157, 188, 178, 147, 170, 190, 198, 183, 166, 143, 191, 131, 135, 189, 172]项目工期为：631.0；项目成本为：155647.30000000002
染色体结构为:
[117, 43, 61, 86, 152, 154, 39, 82, 133, 34, 9, 187, 56, 136, 12, 184, 23, 53, 109, 95, 25, 68, 142, 106, 137, 47, 24, 192, 103, 10, 37, 144, 87, 52, 119, 46, 32, 122, 29, 30, 186, 22, 177, 55, 179, 6, 65, 8, 85, 107, 18, 199, 98, 48, 49, 26, 1, 148, 27, 60, 81, 45, 134, 173, 83, 194, 75, 115, 99, 36, 19, 16, 169, 67, 150, 197, 38, 20, 66, 102, 14, 112, 145, 80, 105, 5, 120, 15, 168, 181, 4, 13, 42, 59, 33, 17, 104, 70, 3, 72, 63, 57, 76, 54, 195, 124, 84, 129, 155, 50, 153, 71, 176, 160, 126, 89, 64, 11, 138, 116, 110, 118, 44, 35, 74, 73, 21, 31, 2, 7, 28, 108, 121, 123, 79, 41, 158, 77, 185, 93, 174, 161, 164, 159, 167, 132, 51, 125, 171, 196, 101, 91, 127, 88, 175, 156, 188, 62, 94, 78, 90, 58, 149, 162, 113, 140, 97, 178, 151, 198, 146, 182, 170, 114, 128, 130, 190, 183, 163, 143, 180, 141, 193, 200, 191, 166, 92, 139, 157, 111, 69, 147, 40, 165, 100, 96, 135, 172, 189, 131]项目工期为：475.0；项目成本为：181831.40000000008
染色体结构为:
[61, 152, 43, 117, 86, 133, 154, 70, 7, 23, 34, 9, 66, 39, 187, 184, 56, 12, 82, 95, 53, 109, 106, 25, 18, 142, 47, 68, 10, 11, 48, 72, 67, 87, 197, 107, 75, 6, 42, 76, 136, 81, 21, 27, 148, 49, 138, 24, 103, 101, 46, 50, 196, 110, 124, 63, 174, 126, 1, 85, 30, 57, 74, 153, 119, 179, 8, 29, 118, 13, 89, 116, 60, 2, 91, 80, 88, 120, 54, 181, 173, 150, 32, 102, 115, 177, 14, 121, 15, 65, 122, 26, 98, 51, 19, 16, 158, 105, 134, 192, 186, 176, 55, 137, 37, 52, 144, 22, 199, 36, 4, 59, 104, 17, 33, 195, 194, 3, 156, 127, 83, 108, 175, 20, 99, 45, 5, 188, 62, 78, 58, 94, 28, 90, 35, 125, 44, 84, 149, 140, 145, 162, 93, 79, 71, 155, 129, 160, 64, 161, 123, 31, 41, 73, 169, 40, 182, 69, 112, 130, 164, 77, 185, 38, 167, 159, 132, 190, 128, 171, 163, 113, 143, 114, 141, 170, 166, 183, 193, 180, 191, 168, 92, 200, 96, 139, 100, 135, 157, 172, 97, 131, 147, 178, 146, 151, 189, 165, 198, 111]项目工期为：527.0；项目成本为：166476.70000000007
染色体结构为:
[61, 117, 39, 34, 187, 82, 56, 43, 9, 184, 53, 12, 109, 23, 95, 25, 68, 133, 152, 7, 70, 154, 106, 86, 66, 47, 18, 142, 11, 10, 72, 48, 87, 67, 107, 197, 6, 136, 42, 76, 75, 81, 21, 148, 138, 27, 49, 103, 24, 101, 46, 50, 196, 110, 126, 124, 63, 174, 1, 85, 153, 30, 119, 74, 57, 179, 8, 29, 13, 118, 89, 116, 60, 91, 2, 80, 120, 54, 181, 88, 150, 173, 32, 102, 177, 14, 115, 65, 121, 15, 122, 98, 26, 19, 51, 16, 105, 158, 192, 134, 176, 55, 186, 137, 144, 199, 37, 52, 4, 59, 22, 36, 104, 33, 17, 194, 3, 195, 156, 127, 20, 108, 83, 5, 175, 45, 99, 188, 62, 78, 58, 94, 28, 44, 90, 125, 35, 84, 149, 140, 162, 93, 129, 79, 145, 71, 160, 155, 64, 161, 31, 123, 41, 73, 40, 169, 182, 112, 69, 130, 77, 185, 38, 164, 132, 167, 190, 159, 128, 171, 163, 143, 113, 114, 141, 170, 166, 180, 183, 193, 168, 191, 200, 92, 96, 139, 157, 100, 135, 172, 131, 97, 147, 151, 178, 146, 189, 198, 165, 111]项目工期为：508.0；项目成本为：169859.90000000005
染色体结构为:
[117, 61, 43, 152, 133, 70, 154, 66, 86, 34, 7, 23, 39, 9, 187, 56, 12, 82, 106, 95, 53, 25, 184, 109, 47, 18, 142, 67, 10, 68, 11, 148, 81, 136, 27, 21, 49, 103, 138, 115, 24, 2, 76, 65, 85, 118, 48, 13, 179, 119, 15, 8, 72, 87, 107, 42, 6, 197, 75, 101, 110, 50, 126, 196, 46, 174, 124, 153, 63, 1, 30, 74, 57, 29, 116, 60, 89, 121, 98, 26, 122, 19, 16, 51, 177, 158, 54, 105, 173, 176, 192, 14, 186, 36, 32, 134, 35, 102, 55, 52, 120, 4, 181, 37, 104, 22, 199, 80, 59, 17, 33, 3, 129, 127, 195, 194, 91, 137, 88, 144, 156, 108, 83, 5, 99, 161, 20, 175, 44, 31, 45, 150, 41, 79, 28, 169, 40, 123, 112, 73, 185, 114, 90, 69, 182, 84, 200, 155, 164, 58, 130, 145, 171, 38, 162, 159, 62, 163, 168, 146, 165, 96, 141, 64, 100, 113, 78, 77, 125, 94, 167, 71, 160, 151, 93, 132, 128, 140, 193, 92, 111, 139, 97, 149, 180, 157, 188, 147, 178, 170, 198, 190, 183, 143, 191, 166, 131, 189, 135, 172]项目工期为：633.0；项目成本为：155404.5
染色体结构为:
[152, 61, 43, 117, 133, 86, 70, 7, 154, 23, 66, 9, 187, 34, 39, 184, 56, 12, 82, 95, 53, 106, 109, 25, 18, 142, 47, 10, 68, 11, 48, 72, 67, 87, 107, 197, 75, 6, 42, 76, 136, 21, 81, 27, 148, 138, 49, 103, 24, 101, 46, 50, 196, 110, 124, 63, 174, 126, 1, 85, 57, 30, 74, 153, 119, 179, 29, 8, 118, 13, 89, 116, 60, 2, 91, 80, 88, 120, 54, 173, 181, 150, 32, 115, 102, 177, 14, 121, 15, 65, 26, 122, 98, 51, 16, 19, 158, 105, 134, 192, 186, 176, 55, 137, 37, 52, 144, 22, 199, 4, 36, 104, 59, 33, 17, 195, 194, 3, 156, 127, 83, 175, 108, 20, 45, 99, 5, 188, 62, 78, 58, 28, 94, 90, 35, 44, 125, 84, 149, 162, 140, 145, 79, 93, 129, 71, 155, 160, 161, 64, 123, 31, 41, 73, 169, 40, 182, 69, 112, 130, 164, 77, 185, 38, 167, 159, 132, 190, 128, 171, 163, 143, 113, 114, 141, 170, 166, 193, 183, 180, 191, 168, 92, 200, 96, 139, 100, 135, 157, 172, 131, 97, 147, 178, 146, 151, 165, 189, 198, 111]项目工期为：522.0；项目成本为：166750.70000000004
染色体结构为:
[43, 61, 152, 117, 133, 86, 7, 70, 66, 154, 23, 34, 9, 187, 39, 56, 53, 184, 82, 12, 95, 25, 109, 47, 142, 67, 106, 68, 18, 10, 11, 48, 87, 72, 107, 6, 42, 197, 136, 76, 81, 75, 46, 101, 110, 196, 126, 50, 85, 124, 63, 1, 30, 174, 57, 153, 119, 148, 179, 27, 74, 29, 13, 118, 116, 8, 138, 89, 60, 88, 2, 103, 120, 91, 80, 181, 150, 54, 173, 32, 102, 177, 14, 161, 44, 3, 175, 49, 105, 19, 83, 24, 158, 144, 15, 16, 45, 121, 26, 21, 65, 51, 122, 98, 115, 176, 192, 134, 186, 104, 36, 35, 55, 52, 199, 37, 4, 17, 22, 195, 59, 129, 33, 20, 127, 156, 194, 5, 137, 99, 169, 108, 28, 31, 41, 40, 112, 123, 79, 90, 182, 185, 73, 69, 114, 84, 130, 155, 200, 171, 58, 164, 145, 38, 62, 162, 159, 146, 163, 168, 96, 78, 165, 113, 141, 77, 125, 94, 64, 151, 100, 160, 167, 190, 71, 93, 132, 92, 140, 193, 139, 111, 128, 97, 157, 147, 180, 149, 143, 178, 198, 183, 135, 188, 166, 170, 131, 191, 172, 189]项目工期为：591.0；项目成本为：157882.50000000003
染色体结构为:
[117, 61, 34, 39, 187, 82, 56, 184, 43, 9, 109, 53, 12, 23, 95, 25, 152, 68, 133, 70, 7, 154, 86, 106, 66, 47, 18, 142, 11, 10, 72, 48, 87, 67, 107, 197, 6, 136, 75, 42, 76, 81, 148, 21, 138, 49, 27, 24, 103, 101, 46, 50, 196, 110, 124, 126, 63, 1, 174, 85, 153, 57, 30, 119, 74, 179, 8, 29, 118, 116, 13, 89, 60, 91, 2, 80, 120, 54, 181, 88, 150, 173, 32, 102, 177, 14, 115, 121, 65, 122, 15, 98, 51, 26, 19, 16, 158, 105, 134, 192, 176, 186, 55, 137, 144, 52, 199, 37, 4, 22, 59, 36, 104, 17, 33, 194, 3, 195, 156, 127, 108, 83, 20, 175, 5, 99, 45, 188, 62, 58, 78, 28, 94, 44, 90, 125, 35, 84, 149, 140, 162, 93, 129, 145, 79, 71, 155, 64, 161, 160, 31, 123, 41, 73, 40, 169, 112, 185, 182, 69, 114, 130, 200, 171, 164, 159, 38, 163, 168, 146, 165, 96, 141, 113, 100, 77, 151, 167, 132, 128, 92, 193, 111, 97, 139, 157, 147, 180, 190, 178, 170, 198, 183, 143, 191, 135, 166, 172, 189, 131]项目工期为：529.0；项目成本为：165641.09999999998
染色体结构为:
[39, 61, 34, 117, 187, 9, 56, 82, 43, 109, 23, 184, 53, 12, 25, 95, 142, 68, 137, 106, 47, 192, 144, 10, 24, 103, 37, 119, 52, 87, 46, 122, 30, 32, 55, 22, 177, 186, 29, 65, 179, 85, 6, 107, 49, 18, 8, 199, 98, 26, 27, 1, 136, 48, 81, 148, 152, 138, 21, 115, 2, 118, 76, 89, 116, 13, 67, 60, 133, 11, 197, 72, 75, 126, 70, 50, 101, 42, 86, 45, 173, 83, 110, 154, 7, 66, 15, 121, 57, 51, 63, 19, 16, 196, 158, 54, 105, 176, 74, 14, 134, 174, 35, 36, 102, 120, 181, 4, 59, 104, 33, 17, 3, 80, 195, 194, 153, 88, 129, 124, 91, 127, 156, 20, 175, 108, 5, 99, 161, 44, 31, 150, 41, 28, 169, 123, 79, 90, 40, 185, 112, 69, 73, 182, 130, 84, 155, 114, 58, 171, 200, 164, 62, 159, 145, 162, 38, 163, 146, 165, 96, 168, 78, 141, 113, 100, 77, 125, 64, 94, 167, 71, 93, 151, 160, 132, 128, 92, 140, 193, 139, 180, 111, 97, 149, 157, 147, 170, 188, 178, 191, 198, 190, 143, 135, 183, 172, 131, 189, 166]项目工期为：502.0；项目成本为：170860.4000000001
染色体结构为:
[61, 152, 117, 43, 70, 133, 154, 86, 66, 34, 23, 7, 39, 9, 187, 56, 12, 95, 82, 25, 106, 53, 109, 184, 142, 47, 18, 10, 67, 11, 72, 68, 48, 6, 87, 42, 107, 136, 197, 76, 46, 75, 81, 101, 110, 196, 126, 50, 1, 124, 63, 85, 30, 174, 57, 119, 148, 153, 27, 179, 74, 8, 29, 13, 138, 118, 116, 89, 2, 60, 91, 120, 88, 181, 150, 103, 80, 173, 54, 102, 177, 14, 161, 32, 3, 44, 49, 19, 105, 175, 83, 158, 24, 16, 15, 144, 45, 26, 65, 121, 98, 21, 51, 122, 115, 192, 176, 134, 36, 186, 35, 104, 55, 199, 4, 52, 59, 37, 129, 17, 22, 33, 195, 20, 127, 137, 156, 28, 194, 99, 108, 31, 5, 41, 169, 123, 112, 40, 79, 73, 90, 182, 185, 69, 84, 114, 130, 155, 171, 58, 200, 145, 62, 164, 162, 38, 163, 146, 159, 165, 168, 96, 141, 113, 78, 77, 125, 100, 64, 160, 94, 151, 167, 71, 93, 190, 132, 92, 140, 128, 193, 111, 97, 139, 149, 180, 188, 157, 178, 170, 147, 198, 166, 183, 191, 143, 131, 135, 189, 172]项目工期为：557.0；项目成本为：161438.80000000002
染色体结构为:
[43, 61, 117, 152, 133, 7, 154, 86, 66, 70, 187, 23, 34, 39, 9, 184, 53, 56, 95, 82, 12, 109, 142, 106, 18, 25, 68, 47, 11, 10, 72, 67, 48, 27, 148, 21, 81, 103, 49, 136, 138, 115, 24, 2, 76, 107, 85, 87, 6, 197, 75, 42, 101, 110, 50, 126, 196, 46, 153, 174, 124, 1, 63, 30, 119, 74, 57, 179, 13, 29, 116, 8, 89, 60, 118, 65, 15, 121, 26, 98, 122, 51, 16, 158, 19, 177, 54, 173, 105, 176, 192, 14, 186, 36, 32, 134, 55, 52, 102, 35, 120, 37, 4, 181, 22, 104, 80, 199, 59, 33, 17, 3, 129, 194, 127, 195, 91, 88, 137, 144, 108, 156, 83, 5, 20, 99, 161, 175, 31, 44, 150, 45, 28, 41, 169, 40, 79, 123, 112, 73, 90, 114, 185, 69, 182, 84, 200, 155, 58, 130, 164, 171, 162, 145, 38, 62, 163, 159, 146, 168, 165, 96, 141, 100, 64, 113, 78, 125, 77, 167, 151, 71, 94, 160, 93, 128, 92, 132, 140, 193, 111, 139, 97, 180, 149, 157, 188, 147, 178, 190, 170, 198, 183, 143, 191, 135, 166, 131, 189, 172]项目工期为：722.0；项目成本为：151326.6
染色体结构为:
[43, 117, 61, 152, 133, 86, 154, 7, 66, 23, 70, 187, 34, 9, 39, 184, 56, 53, 95, 82, 12, 109, 106, 142, 18, 25, 68, 47, 10, 11, 67, 72, 48, 148, 81, 27, 21, 103, 136, 138, 115, 49, 76, 24, 107, 85, 2, 87, 6, 75, 197, 101, 42, 46, 110, 196, 50, 174, 124, 126, 63, 153, 1, 30, 119, 74, 57, 8, 29, 179, 13, 116, 89, 118, 65, 15, 60, 121, 122, 16, 26, 51, 98, 19, 54, 177, 158, 105, 173, 14, 176, 192, 134, 36, 186, 55, 32, 35, 52, 4, 120, 37, 102, 181, 33, 22, 104, 199, 80, 3, 59, 17, 194, 129, 195, 127, 91, 137, 88, 144, 5, 108, 156, 20, 83, 99, 161, 175, 44, 31, 150, 45, 28, 41, 79, 169, 123, 40, 112, 73, 185, 114, 90, 69, 182, 84, 155, 200, 58, 130, 171, 162, 164, 62, 38, 145, 159, 168, 163, 146, 96, 165, 141, 100, 78, 113, 64, 125, 77, 94, 71, 151, 167, 190, 160, 132, 93, 140, 92, 193, 111, 128, 97, 139, 157, 180, 147, 198, 149, 178, 188, 143, 183, 135, 172, 170, 191, 131, 166, 189]项目工期为：748.0；项目成本为：149714.10000000003
染色体结构为:
[152, 61, 133, 86, 117, 43, 7, 70, 154, 23, 39, 9, 66, 56, 34, 12, 184, 82, 187, 53, 47, 95, 109, 25, 142, 18, 106, 10, 67, 48, 68, 11, 72, 87, 107, 42, 6, 75, 136, 76, 197, 46, 81, 110, 196, 126, 101, 50, 1, 124, 63, 30, 85, 57, 153, 119, 174, 179, 148, 29, 27, 74, 13, 8, 118, 116, 138, 88, 89, 60, 2, 91, 103, 181, 120, 150, 80, 173, 177, 54, 102, 32, 44, 14, 161, 3, 19, 175, 49, 24, 158, 105, 16, 83, 144, 65, 15, 45, 26, 121, 115, 21, 98, 122, 51, 192, 134, 36, 176, 35, 52, 186, 104, 4, 55, 37, 199, 59, 17, 33, 22, 195, 129, 127, 20, 194, 156, 137, 5, 99, 108, 31, 28, 169, 40, 41, 79, 123, 112, 90, 73, 185, 84, 182, 69, 155, 114, 200, 130, 171, 58, 145, 62, 162, 164, 38, 146, 159, 168, 163, 165, 96, 141, 78, 113, 77, 100, 125, 64, 94, 151, 167, 190, 160, 71, 132, 93, 140, 92, 193, 139, 128, 97, 147, 111, 180, 157, 149, 178, 198, 143, 188, 183, 170, 191, 135, 166, 172, 131, 189]项目工期为：586.0；项目成本为：158538.00000000003
染色体结构为:
[152, 61, 133, 86, 117, 43, 70, 154, 23, 7, 66, 39, 9, 34, 56, 12, 184, 53, 82, 187, 47, 95, 109, 25, 142, 18, 106, 10, 67, 48, 68, 11, 87, 72, 107, 42, 6, 136, 75, 76, 197, 46, 81, 110, 196, 101, 126, 50, 1, 124, 63, 85, 30, 153, 57, 119, 179, 174, 148, 29, 27, 74, 13, 118, 8, 116, 138, 60, 88, 89, 2, 103, 91, 181, 150, 80, 173, 120, 177, 54, 102, 32, 14, 44, 175, 161, 3, 105, 49, 19, 83, 158, 16, 24, 45, 144, 15, 26, 121, 65, 98, 122, 21, 51, 115, 36, 192, 134, 176, 186, 35, 55, 104, 4, 52, 199, 37, 22, 59, 17, 129, 195, 33, 127, 20, 156, 194, 5, 28, 137, 99, 108, 31, 41, 169, 40, 112, 123, 79, 182, 73, 185, 90, 69, 114, 84, 130, 155, 58, 171, 145, 200, 62, 164, 162, 159, 38, 146, 168, 163, 165, 96, 78, 141, 113, 77, 125, 94, 100, 64, 151, 160, 167, 71, 132, 190, 93, 92, 140, 193, 111, 128, 139, 97, 147, 157, 149, 180, 198, 178, 143, 188, 183, 170, 135, 166, 191, 131, 189, 172]项目工期为：545.0；项目成本为：162785.30000000008
染色体结构为:
[61, 133, 152, 43, 117, 70, 7, 86, 66, 23, 154, 34, 187, 9, 39, 184, 56, 53, 12, 109, 82, 95, 25, 106, 47, 142, 18, 68, 67, 72, 11, 10, 87, 107, 42, 48, 136, 6, 197, 75, 76, 148, 81, 27, 21, 49, 103, 138, 24, 115, 85, 2, 110, 101, 50, 126, 196, 46, 174, 153, 124, 1, 63, 30, 119, 74, 57, 29, 179, 13, 8, 116, 118, 89, 65, 15, 60, 98, 121, 122, 26, 19, 51, 16, 158, 177, 54, 105, 173, 192, 176, 186, 14, 36, 134, 32, 35, 102, 55, 120, 52, 4, 37, 181, 22, 104, 80, 199, 59, 33, 17, 3, 129, 127, 194, 91, 195, 137, 88, 156, 144, 108, 83, 99, 5, 161, 20, 175, 45, 31, 44, 150, 41, 28, 79, 40, 169, 123, 112, 73, 185, 114, 90, 69, 182, 84, 155, 200, 58, 164, 130, 145, 171, 38, 162, 62, 159, 163, 168, 146, 96, 165, 141, 64, 113, 100, 78, 77, 94, 125, 71, 167, 160, 151, 93, 132, 128, 193, 92, 140, 190, 139, 97, 147, 157, 111, 180, 149, 198, 178, 143, 188, 183, 170, 135, 191, 166, 131, 172, 189]项目工期为：613.0；项目成本为：156307.4
染色体结构为:
[61, 117, 152, 43, 70, 133, 66, 154, 86, 7, 34, 23, 39, 187, 56, 9, 12, 106, 82, 95, 53, 25, 184, 109, 47, 18, 142, 67, 10, 68, 11, 148, 81, 21, 27, 136, 49, 138, 103, 115, 2, 24, 76, 65, 85, 118, 48, 179, 13, 8, 15, 119, 121, 26, 98, 122, 6, 51, 57, 116, 1, 63, 89, 19, 16, 158, 173, 54, 196, 107, 177, 72, 42, 87, 197, 101, 75, 110, 124, 46, 126, 50, 153, 30, 174, 74, 88, 60, 29, 120, 105, 176, 91, 134, 14, 192, 36, 186, 55, 52, 32, 35, 102, 4, 37, 22, 104, 181, 199, 80, 33, 59, 150, 44, 175, 3, 161, 83, 144, 45, 17, 129, 195, 20, 127, 156, 194, 137, 28, 5, 99, 108, 31, 41, 169, 40, 112, 123, 79, 182, 73, 185, 90, 69, 114, 130, 84, 155, 171, 58, 145, 62, 200, 164, 159, 162, 146, 38, 168, 163, 78, 165, 96, 141, 113, 77, 125, 94, 100, 64, 160, 151, 167, 190, 71, 132, 92, 93, 193, 140, 128, 111, 97, 139, 157, 147, 149, 180, 198, 143, 178, 188, 170, 183, 135, 166, 191, 131, 172, 189]项目工期为：589.0；项目成本为：158403.90000000002
染色体结构为:
[61, 133, 152, 43, 117, 7, 70, 86, 66, 23, 34, 154, 187, 9, 39, 56, 184, 53, 12, 82, 109, 95, 25, 106, 142, 47, 18, 68, 67, 72, 11, 10, 87, 107, 42, 48, 136, 6, 197, 75, 76, 148, 81, 27, 21, 103, 49, 138, 24, 115, 85, 2, 101, 50, 110, 126, 196, 46, 174, 153, 124, 1, 63, 30, 119, 74, 29, 57, 13, 179, 8, 116, 118, 89, 65, 15, 60, 98, 121, 122, 19, 26, 16, 51, 177, 158, 54, 105, 173, 192, 176, 14, 186, 134, 36, 32, 55, 35, 102, 120, 52, 4, 37, 181, 22, 104, 199, 80, 59, 33, 17, 3, 129, 194, 127, 195, 91, 137, 88, 144, 156, 108, 83, 5, 161, 99, 20, 175, 44, 45, 31, 150, 41, 28, 79, 40, 169, 123, 112, 73, 185, 114, 90, 69, 84, 182, 155, 200, 58, 164, 130, 171, 145, 162, 38, 62, 163, 159, 168, 146, 96, 165, 141, 64, 113, 100, 78, 77, 94, 125, 71, 167, 160, 151, 93, 132, 193, 128, 92, 190, 140, 97, 139, 157, 147, 111, 180, 149, 178, 198, 143, 188, 183, 170, 191, 135, 166, 131, 189, 172]项目工期为：627.0；项目成本为：155705.7
染色体结构为:
[61, 152, 117, 43, 70, 133, 86, 7, 154, 66, 23, 187, 9, 34, 39, 184, 56, 53, 95, 12, 82, 109, 106, 142, 25, 18, 68, 47, 10, 11, 67, 72, 48, 148, 81, 27, 103, 21, 138, 136, 115, 49, 76, 24, 85, 107, 2, 87, 6, 75, 197, 101, 42, 110, 46, 50, 196, 174, 124, 126, 1, 63, 153, 30, 119, 57, 29, 74, 8, 116, 179, 13, 118, 89, 65, 15, 60, 121, 122, 26, 16, 51, 98, 19, 54, 158, 105, 177, 173, 14, 176, 134, 192, 186, 36, 55, 32, 35, 52, 4, 120, 37, 102, 181, 199, 33, 22, 104, 80, 3, 59, 194, 17, 129, 195, 127, 91, 88, 137, 144, 108, 156, 5, 20, 83, 175, 161, 99, 44, 31, 45, 150, 41, 28, 79, 169, 123, 40, 112, 73, 185, 114, 90, 69, 182, 84, 155, 200, 130, 58, 171, 162, 164, 62, 38, 145, 159, 168, 146, 163, 165, 96, 141, 100, 78, 64, 125, 77, 113, 94, 151, 71, 167, 160, 190, 93, 92, 132, 140, 193, 111, 128, 97, 139, 157, 180, 147, 149, 198, 143, 178, 188, 183, 135, 170, 191, 172, 166, 131, 189]项目工期为：792.0；项目成本为：149356.30000000005
染色体结构为:
[61, 117, 39, 34, 187, 82, 56, 43, 9, 184, 53, 12, 109, 23, 95, 25, 68, 133, 152, 7, 70, 154, 106, 86, 66, 47, 18, 142, 11, 72, 10, 48, 87, 67, 107, 197, 6, 136, 76, 42, 75, 81, 21, 148, 138, 27, 49, 103, 24, 101, 46, 50, 196, 110, 126, 124, 174, 63, 1, 85, 153, 30, 119, 57, 179, 74, 8, 29, 13, 118, 89, 116, 60, 91, 2, 80, 120, 54, 181, 88, 150, 173, 32, 102, 177, 14, 115, 65, 121, 15, 122, 26, 98, 19, 51, 16, 105, 158, 192, 134, 176, 55, 186, 137, 144, 199, 52, 37, 4, 59, 22, 36, 104, 33, 194, 17, 3, 195, 156, 127, 20, 108, 83, 5, 175, 45, 99, 188, 62, 78, 58, 94, 28, 44, 90, 125, 35, 84, 149, 140, 162, 93, 129, 145, 71, 79, 160, 155, 64, 161, 123, 31, 41, 73, 40, 169, 112, 182, 69, 130, 77, 185, 38, 164, 132, 167, 190, 159, 128, 171, 163, 143, 113, 114, 141, 170, 166, 180, 193, 183, 191, 168, 200, 92, 96, 139, 100, 157, 135, 172, 131, 97, 147, 151, 178, 146, 189, 198, 111, 165]项目工期为：506.0；项目成本为：169928.90000000005
染色体结构为:
[61, 43, 117, 133, 152, 86, 7, 66, 70, 154, 23, 34, 39, 9, 187, 12, 56, 106, 82, 53, 95, 25, 184, 109, 47, 18, 67, 142, 10, 68, 148, 11, 136, 81, 21, 138, 27, 115, 49, 103, 2, 76, 24, 85, 118, 65, 48, 13, 179, 8, 15, 119, 26, 121, 98, 122, 6, 51, 57, 116, 63, 1, 89, 19, 16, 158, 54, 173, 196, 107, 72, 42, 177, 87, 197, 75, 101, 46, 110, 126, 124, 50, 153, 30, 88, 174, 74, 60, 29, 120, 105, 176, 91, 134, 14, 192, 186, 36, 55, 52, 32, 35, 4, 102, 37, 22, 181, 104, 199, 80, 59, 33, 17, 3, 195, 129, 137, 127, 194, 144, 5, 156, 108, 83, 20, 99, 175, 150, 161, 45, 44, 28, 31, 169, 41, 123, 90, 79, 112, 73, 182, 40, 185, 114, 84, 69, 155, 130, 200, 58, 145, 171, 62, 162, 164, 38, 159, 146, 165, 168, 163, 96, 113, 141, 78, 100, 64, 125, 167, 77, 151, 94, 160, 71, 132, 93, 128, 92, 140, 111, 139, 193, 97, 180, 149, 157, 188, 178, 147, 198, 170, 190, 183, 143, 166, 191, 135, 172, 189, 131]项目工期为：692.0；项目成本为：152350.10000000003
染色体结构为:
[61, 133, 152, 43, 117, 70, 7, 86, 66, 23, 154, 34, 187, 39, 56, 9, 53, 184, 82, 12, 109, 95, 25, 106, 142, 47, 18, 68, 11, 67, 72, 10, 87, 107, 42, 48, 136, 6, 197, 75, 76, 148, 27, 81, 21, 49, 103, 138, 24, 115, 2, 85, 101, 110, 50, 126, 46, 196, 174, 153, 124, 1, 63, 30, 119, 74, 57, 29, 179, 13, 8, 116, 118, 89, 65, 60, 15, 98, 121, 26, 122, 19, 16, 51, 158, 177, 54, 105, 173, 176, 192, 186, 14, 36, 134, 32, 55, 35, 52, 102, 120, 4, 37, 181, 22, 199, 104, 80, 59, 17, 3, 33, 129, 127, 194, 195, 91, 137, 88, 156, 144, 108, 83, 99, 5, 161, 20, 175, 44, 31, 45, 150, 41, 28, 79, 169, 40, 123, 73, 112, 185, 114, 90, 69, 84, 182, 155, 58, 200, 164, 130, 171, 145, 38, 162, 62, 159, 163, 168, 146, 165, 96, 141, 64, 100, 113, 78, 77, 125, 94, 71, 167, 160, 151, 93, 128, 132, 193, 140, 92, 97, 111, 139, 180, 149, 157, 188, 147, 178, 170, 198, 190, 183, 143, 191, 166, 189, 131, 135, 172]项目工期为：644.0；项目成本为：154479.19999999998
染色体结构为:
[133, 61, 152, 117, 43, 7, 70, 86, 23, 154, 66, 34, 187, 39, 56, 9, 53, 184, 82, 109, 12, 95, 25, 106, 47, 142, 18, 68, 67, 11, 72, 10, 87, 107, 42, 48, 136, 6, 75, 76, 197, 148, 27, 21, 81, 49, 103, 138, 24, 115, 2, 85, 101, 110, 50, 126, 46, 196, 174, 124, 153, 1, 63, 30, 119, 74, 57, 29, 179, 13, 8, 118, 116, 89, 65, 60, 98, 15, 121, 26, 122, 19, 16, 51, 158, 177, 54, 105, 173, 176, 192, 186, 14, 36, 134, 32, 55, 35, 52, 102, 120, 4, 37, 181, 22, 104, 199, 80, 59, 17, 3, 33, 129, 127, 194, 195, 91, 137, 88, 156, 144, 108, 83, 99, 5, 161, 20, 175, 44, 31, 45, 41, 150, 28, 169, 79, 40, 123, 73, 112, 185, 114, 90, 69, 84, 182, 155, 58, 200, 164, 130, 171, 145, 38, 162, 62, 159, 163, 168, 146, 165, 96, 141, 64, 100, 113, 78, 77, 125, 94, 71, 167, 160, 93, 151, 132, 193, 128, 140, 92, 97, 111, 180, 139, 149, 157, 188, 147, 178, 170, 198, 190, 183, 143, 191, 166, 189, 135, 131, 172]项目工期为：635.0；项目成本为：154687.3
染色体结构为:
[61, 133, 152, 43, 117, 70, 7, 86, 66, 23, 154, 34, 187, 9, 39, 184, 56, 53, 12, 82, 109, 95, 25, 106, 142, 47, 18, 68, 67, 72, 11, 10, 87, 107, 42, 48, 136, 6, 197, 75, 76, 148, 81, 27, 21, 103, 49, 138, 24, 115, 2, 85, 101, 110, 126, 50, 196, 174, 46, 153, 124, 1, 63, 30, 119, 74, 29, 57, 13, 179, 116, 8, 89, 118, 60, 65, 121, 15, 98, 26, 122, 19, 16, 51, 177, 54, 158, 105, 176, 173, 192, 14, 186, 36, 32, 134, 35, 55, 102, 52, 120, 4, 37, 181, 22, 104, 80, 199, 17, 59, 33, 3, 127, 129, 195, 194, 91, 88, 137, 156, 144, 83, 108, 5, 99, 161, 20, 175, 44, 45, 150, 31, 79, 41, 28, 169, 123, 40, 112, 90, 185, 73, 69, 114, 182, 84, 200, 155, 130, 58, 171, 164, 162, 62, 145, 38, 168, 159, 163, 146, 165, 96, 141, 100, 113, 64, 125, 77, 78, 167, 94, 151, 71, 93, 160, 132, 92, 128, 140, 111, 139, 193, 180, 97, 149, 157, 178, 188, 147, 190, 198, 170, 183, 143, 191, 166, 135, 131, 172, 189]项目工期为：648.0；项目成本为：154346.40000000008
染色体结构为:
[43, 61, 117, 152, 133, 86, 7, 154, 66, 23, 70, 187, 9, 34, 39, 184, 56, 53, 95, 12, 82, 109, 106, 142, 25, 68, 18, 10, 47, 67, 11, 72, 48, 148, 81, 27, 21, 103, 138, 136, 115, 49, 24, 76, 107, 85, 2, 87, 75, 6, 197, 42, 101, 110, 46, 196, 174, 50, 124, 63, 126, 1, 153, 30, 119, 74, 57, 29, 8, 179, 116, 13, 118, 89, 15, 65, 60, 121, 26, 16, 122, 98, 51, 19, 54, 158, 177, 105, 173, 14, 176, 192, 134, 186, 36, 55, 32, 35, 52, 4, 120, 37, 102, 181, 199, 33, 22, 80, 104, 3, 59, 17, 194, 129, 195, 127, 91, 137, 88, 144, 108, 5, 156, 20, 83, 175, 161, 99, 44, 31, 45, 150, 41, 79, 28, 169, 123, 112, 73, 40, 185, 114, 90, 69, 182, 84, 155, 200, 130, 58, 171, 162, 164, 62, 38, 145, 159, 168, 146, 165, 163, 96, 141, 100, 78, 64, 125, 113, 77, 94, 167, 151, 71, 93, 128, 160, 140, 132, 92, 193, 111, 97, 139, 180, 149, 157, 147, 188, 178, 170, 190, 183, 198, 143, 191, 166, 135, 131, 189, 172]项目工期为：824.0；项目成本为：148263.00000000003
染色体结构为:
[43, 61, 117, 152, 86, 133, 7, 154, 66, 23, 70, 187, 9, 34, 184, 39, 56, 53, 95, 12, 82, 109, 106, 142, 25, 18, 68, 47, 10, 11, 67, 148, 48, 72, 81, 21, 27, 103, 138, 136, 115, 49, 76, 107, 24, 85, 2, 87, 75, 6, 197, 42, 101, 110, 46, 50, 196, 118, 65, 13, 179, 126, 174, 124, 1, 153, 63, 30, 119, 74, 57, 29, 116, 8, 89, 60, 15, 98, 121, 26, 122, 19, 51, 16, 158, 54, 177, 105, 173, 192, 176, 14, 36, 186, 32, 134, 35, 52, 120, 4, 55, 102, 37, 181, 104, 22, 199, 59, 80, 33, 17, 3, 129, 194, 91, 127, 195, 137, 88, 156, 144, 108, 5, 83, 99, 20, 161, 44, 175, 45, 31, 150, 28, 41, 79, 169, 40, 123, 112, 73, 185, 90, 114, 84, 69, 200, 182, 155, 130, 58, 164, 145, 171, 162, 38, 62, 163, 159, 168, 146, 96, 165, 141, 100, 64, 113, 78, 125, 77, 94, 71, 151, 160, 93, 167, 128, 140, 132, 193, 92, 111, 139, 97, 180, 157, 149, 178, 188, 170, 147, 190, 198, 183, 143, 166, 191, 189, 131, 135, 172]项目工期为：731.0；项目成本为：150615.09999999998
染色体结构为:
[43, 152, 61, 133, 7, 117, 154, 86, 70, 23, 39, 66, 187, 9, 56, 34, 184, 12, 95, 82, 53, 109, 25, 106, 47, 142, 11, 10, 18, 68, 72, 67, 87, 48, 6, 197, 107, 75, 136, 42, 76, 81, 21, 27, 148, 103, 138, 49, 101, 24, 50, 46, 110, 196, 124, 126, 174, 63, 1, 85, 153, 30, 74, 57, 179, 8, 119, 29, 116, 89, 118, 13, 60, 91, 2, 80, 181, 120, 88, 173, 54, 150, 32, 102, 177, 115, 14, 65, 121, 26, 122, 15, 19, 98, 51, 158, 16, 105, 134, 192, 186, 176, 55, 137, 144, 37, 52, 4, 59, 199, 22, 36, 104, 33, 17, 195, 194, 156, 127, 3, 83, 20, 5, 108, 175, 99, 45, 62, 188, 78, 58, 94, 44, 28, 90, 125, 35, 84, 149, 140, 93, 162, 129, 79, 145, 160, 71, 64, 31, 155, 161, 41, 169, 123, 73, 182, 40, 112, 69, 130, 77, 185, 164, 132, 38, 167, 159, 190, 163, 128, 171, 143, 113, 141, 170, 114, 166, 183, 193, 180, 191, 168, 200, 92, 96, 157, 135, 131, 100, 139, 97, 172, 151, 178, 147, 146, 198, 189, 165, 111]项目工期为：528.0；项目成本为：166107.50000000006
染色体结构为:
[61, 117, 43, 152, 133, 86, 7, 154, 66, 23, 70, 187, 9, 34, 39, 184, 56, 53, 12, 95, 82, 109, 106, 142, 25, 68, 18, 10, 47, 67, 72, 11, 48, 148, 81, 27, 103, 21, 138, 136, 115, 49, 76, 24, 107, 85, 2, 75, 6, 87, 42, 197, 110, 101, 46, 196, 174, 50, 124, 63, 126, 1, 153, 30, 119, 74, 57, 29, 8, 179, 116, 13, 118, 89, 15, 60, 65, 121, 26, 16, 122, 98, 51, 19, 158, 54, 177, 105, 14, 173, 192, 176, 134, 186, 36, 55, 32, 35, 52, 4, 120, 102, 37, 181, 199, 33, 22, 80, 104, 59, 17, 3, 129, 91, 194, 195, 127, 137, 88, 156, 144, 108, 5, 83, 99, 20, 161, 44, 175, 45, 31, 150, 28, 41, 79, 169, 40, 123, 112, 73, 185, 90, 114, 84, 69, 182, 200, 155, 130, 58, 164, 171, 145, 162, 38, 62, 163, 159, 168, 146, 96, 165, 141, 100, 64, 113, 78, 125, 77, 71, 94, 151, 160, 93, 167, 128, 132, 193, 140, 92, 111, 139, 97, 180, 157, 149, 178, 188, 170, 147, 190, 183, 198, 143, 166, 189, 191, 131, 135, 172]项目工期为：741.0；项目成本为：150440.8
染色体结构为:
[43, 117, 61, 152, 133, 154, 86, 7, 66, 23, 70, 187, 34, 9, 39, 184, 56, 53, 95, 82, 12, 109, 106, 142, 18, 25, 68, 47, 10, 11, 67, 72, 148, 48, 27, 81, 21, 103, 136, 138, 115, 76, 24, 49, 107, 85, 2, 87, 6, 75, 197, 101, 42, 46, 110, 196, 50, 124, 174, 126, 63, 153, 1, 30, 119, 74, 57, 8, 29, 179, 13, 89, 116, 118, 65, 15, 121, 60, 122, 16, 26, 51, 98, 19, 54, 177, 158, 105, 173, 14, 176, 192, 134, 36, 186, 55, 32, 35, 52, 4, 120, 37, 102, 181, 33, 22, 104, 199, 80, 3, 59, 17, 194, 129, 195, 127, 91, 137, 88, 144, 5, 108, 156, 20, 83, 99, 161, 175, 44, 31, 150, 45, 28, 41, 79, 169, 123, 40, 112, 73, 185, 114, 90, 182, 84, 69, 155, 130, 200, 171, 58, 145, 62, 164, 162, 38, 146, 163, 159, 168, 165, 113, 141, 96, 78, 77, 125, 100, 64, 94, 160, 151, 71, 167, 93, 190, 140, 132, 193, 92, 128, 139, 97, 111, 157, 180, 147, 149, 198, 143, 188, 178, 135, 183, 170, 191, 166, 131, 172, 189]项目工期为：797.0；项目成本为：148870.60000000003
染色体结构为:
[152, 61, 133, 117, 7, 43, 86, 70, 154, 66, 34, 23, 9, 39, 56, 12, 184, 187, 53, 95, 82, 109, 106, 142, 25, 47, 18, 10, 68, 11, 67, 48, 87, 107, 72, 6, 42, 197, 136, 75, 81, 76, 46, 101, 110, 196, 126, 50, 85, 63, 124, 1, 30, 174, 153, 57, 119, 148, 179, 27, 74, 29, 13, 118, 116, 138, 8, 89, 88, 60, 2, 91, 120, 103, 181, 150, 54, 80, 173, 177, 102, 32, 14, 3, 49, 161, 44, 105, 175, 19, 83, 16, 24, 158, 144, 15, 45, 26, 121, 65, 21, 115, 122, 51, 98, 192, 134, 36, 186, 176, 104, 35, 55, 4, 199, 52, 37, 17, 59, 129, 33, 22, 195, 20, 156, 127, 194, 137, 99, 28, 5, 169, 108, 31, 41, 112, 123, 90, 79, 40, 73, 182, 185, 69, 84, 114, 130, 155, 171, 145, 58, 62, 164, 200, 38, 162, 159, 146, 163, 165, 168, 96, 141, 78, 113, 125, 77, 94, 64, 151, 100, 160, 71, 92, 167, 190, 93, 140, 132, 193, 139, 111, 128, 97, 180, 147, 157, 149, 198, 178, 143, 183, 188, 135, 170, 191, 172, 166, 131, 189]项目工期为：535.0；项目成本为：165098.70000000004
染色体结构为:
[61, 133, 152, 117, 43, 7, 70, 86, 23, 154, 66, 34, 39, 187, 56, 53, 9, 184, 82, 109, 12, 95, 25, 106, 47, 142, 18, 68, 67, 11, 72, 10, 87, 42, 107, 48, 136, 75, 6, 76, 197, 148, 27, 21, 81, 49, 103, 138, 24, 115, 2, 85, 101, 110, 50, 126, 46, 196, 124, 174, 153, 1, 63, 30, 119, 74, 57, 29, 179, 13, 8, 116, 118, 89, 65, 60, 98, 121, 15, 122, 26, 16, 19, 158, 51, 177, 105, 173, 54, 176, 192, 186, 14, 36, 134, 32, 35, 55, 52, 102, 4, 120, 37, 181, 22, 104, 199, 80, 59, 17, 3, 33, 129, 127, 194, 195, 91, 88, 137, 156, 144, 108, 83, 99, 5, 161, 20, 175, 44, 31, 45, 41, 28, 150, 169, 79, 40, 123, 73, 112, 185, 114, 90, 69, 84, 182, 155, 58, 200, 164, 130, 171, 145, 38, 162, 62, 159, 163, 168, 146, 165, 141, 96, 64, 113, 100, 78, 77, 125, 71, 94, 160, 167, 93, 151, 132, 193, 128, 140, 92, 97, 111, 180, 139, 149, 157, 188, 147, 178, 170, 198, 190, 183, 143, 191, 166, 189, 135, 131, 172]项目工期为：641.0；项目成本为：154543.40000000002
染色体结构为:
[61, 133, 152, 43, 117, 7, 70, 86, 66, 23, 187, 9, 34, 154, 39, 56, 184, 53, 12, 82, 109, 95, 25, 106, 142, 47, 18, 68, 67, 72, 11, 10, 107, 87, 42, 48, 136, 6, 76, 197, 75, 148, 27, 81, 21, 103, 49, 24, 138, 115, 2, 85, 101, 50, 110, 196, 126, 46, 174, 153, 124, 1, 63, 30, 119, 74, 29, 57, 13, 179, 8, 118, 89, 116, 65, 15, 60, 98, 121, 122, 19, 26, 16, 51, 177, 158, 54, 105, 173, 192, 176, 14, 186, 134, 36, 55, 32, 35, 102, 120, 52, 4, 37, 181, 22, 104, 199, 80, 59, 33, 17, 3, 129, 194, 127, 195, 91, 137, 88, 144, 156, 108, 5, 83, 161, 99, 20, 44, 175, 45, 31, 150, 41, 28, 79, 169, 40, 123, 112, 73, 185, 114, 90, 69, 182, 84, 155, 200, 58, 164, 130, 145, 171, 162, 38, 62, 163, 159, 168, 146, 96, 141, 165, 113, 100, 64, 94, 78, 77, 125, 167, 71, 160, 151, 93, 132, 193, 128, 92, 190, 140, 97, 139, 147, 157, 111, 180, 149, 178, 198, 143, 188, 183, 170, 191, 166, 135, 131, 189, 172]项目工期为：620.0；项目成本为：156049.30000000002
染色体结构为:
[133, 61, 43, 117, 152, 70, 7, 66, 86, 23, 34, 154, 187, 39, 9, 56, 53, 184, 82, 109, 12, 95, 25, 142, 106, 47, 68, 18, 67, 11, 72, 10, 87, 107, 42, 48, 136, 6, 197, 76, 75, 81, 148, 27, 21, 49, 103, 138, 24, 115, 85, 2, 101, 110, 126, 50, 46, 174, 196, 153, 124, 1, 63, 30, 119, 74, 29, 57, 13, 179, 116, 8, 89, 118, 65, 60, 15, 121, 26, 98, 122, 19, 51, 16, 158, 177, 54, 105, 173, 176, 192, 186, 14, 36, 134, 32, 35, 55, 102, 52, 120, 4, 37, 22, 181, 104, 199, 80, 59, 17, 33, 129, 3, 127, 194, 195, 91, 88, 137, 156, 144, 108, 99, 83, 5, 161, 20, 175, 45, 44, 31, 150, 41, 28, 79, 169, 40, 123, 73, 112, 185, 114, 90, 69, 84, 155, 182, 200, 58, 164, 130, 145, 162, 171, 62, 38, 159, 163, 168, 146, 165, 96, 141, 64, 100, 113, 78, 125, 77, 94, 71, 167, 160, 151, 128, 93, 132, 193, 140, 92, 111, 97, 139, 180, 149, 188, 157, 147, 178, 170, 198, 190, 183, 143, 191, 166, 189, 131, 135, 172]项目工期为：597.0；项目成本为：157711.5
染色体结构为:
[152, 61, 133, 117, 43, 7, 86, 70, 154, 23, 39, 9, 66, 34, 56, 12, 184, 53, 82, 187, 47, 95, 25, 109, 142, 18, 106, 10, 48, 67, 68, 72, 11, 87, 107, 42, 136, 6, 75, 76, 197, 46, 81, 110, 196, 101, 126, 50, 1, 124, 63, 30, 85, 57, 153, 179, 119, 174, 29, 148, 27, 13, 118, 74, 116, 8, 60, 138, 88, 89, 91, 2, 103, 181, 120, 150, 80, 173, 177, 54, 102, 14, 32, 161, 44, 175, 3, 105, 49, 83, 19, 16, 158, 24, 144, 45, 15, 26, 121, 65, 98, 21, 122, 51, 115, 36, 134, 192, 176, 186, 55, 35, 104, 4, 52, 199, 37, 59, 22, 17, 129, 195, 33, 127, 20, 194, 156, 5, 137, 28, 99, 108, 31, 41, 169, 40, 112, 123, 79, 73, 182, 90, 185, 69, 114, 84, 130, 155, 171, 58, 145, 200, 62, 162, 164, 159, 38, 146, 168, 163, 165, 96, 78, 113, 141, 125, 77, 100, 94, 64, 151, 160, 167, 71, 190, 132, 93, 92, 140, 193, 111, 128, 139, 97, 147, 157, 149, 180, 198, 143, 178, 188, 183, 170, 135, 166, 191, 131, 172, 189]项目工期为：538.0；项目成本为：164375.9000000001
染色体结构为:
[133, 152, 61, 117, 43, 7, 70, 86, 23, 154, 66, 34, 187, 56, 39, 9, 53, 184, 82, 109, 12, 25, 95, 106, 47, 142, 18, 68, 67, 11, 72, 10, 107, 87, 42, 48, 136, 6, 75, 76, 197, 148, 21, 27, 81, 49, 103, 138, 24, 2, 115, 85, 101, 110, 50, 126, 46, 196, 174, 124, 153, 1, 63, 30, 119, 74, 57, 29, 179, 13, 8, 118, 116, 89, 65, 60, 98, 15, 26, 121, 122, 19, 16, 51, 158, 177, 54, 105, 173, 192, 176, 186, 14, 36, 134, 32, 55, 35, 52, 102, 120, 4, 37, 22, 181, 199, 104, 80, 59, 17, 33, 3, 129, 127, 194, 195, 91, 137, 88, 144, 156, 108, 83, 5, 99, 161, 20, 175, 44, 31, 45, 41, 150, 28, 169, 79, 40, 123, 73, 112, 185, 114, 90, 84, 69, 182, 155, 58, 200, 164, 171, 130, 145, 162, 62, 159, 38, 163, 168, 146, 165, 96, 64, 100, 141, 113, 78, 77, 125, 94, 71, 167, 160, 93, 151, 132, 128, 193, 140, 92, 97, 111, 180, 139, 149, 157, 188, 147, 178, 170, 198, 190, 183, 143, 191, 166, 189, 135, 131, 172]项目工期为：626.0；项目成本为：155797.8
染色体结构为:
[43, 61, 117, 133, 152, 86, 70, 7, 66, 154, 23, 34, 39, 9, 187, 12, 56, 106, 82, 95, 25, 53, 184, 47, 109, 18, 67, 142, 148, 10, 68, 11, 136, 81, 21, 138, 27, 115, 49, 103, 2, 76, 24, 118, 85, 65, 13, 48, 179, 8, 15, 119, 26, 121, 122, 98, 6, 51, 57, 116, 63, 1, 89, 19, 16, 158, 54, 173, 196, 107, 72, 42, 177, 197, 75, 87, 101, 46, 110, 126, 124, 50, 153, 88, 30, 174, 74, 29, 120, 60, 105, 91, 176, 134, 14, 192, 36, 186, 55, 52, 32, 35, 4, 102, 37, 22, 181, 199, 80, 104, 59, 33, 17, 3, 195, 129, 137, 127, 194, 144, 5, 156, 108, 83, 20, 175, 99, 150, 161, 45, 44, 31, 28, 41, 169, 123, 90, 79, 112, 73, 182, 40, 185, 84, 114, 69, 155, 130, 200, 58, 145, 171, 62, 162, 164, 38, 159, 146, 168, 165, 163, 113, 96, 141, 78, 100, 64, 125, 167, 77, 151, 94, 160, 71, 132, 93, 128, 92, 140, 139, 111, 193, 97, 180, 149, 157, 188, 178, 147, 198, 170, 190, 183, 143, 166, 191, 135, 172, 189, 131]项目工期为：674.0；项目成本为：152868.80000000005
染色体结构为:
[43, 152, 61, 117, 86, 133, 7, 70, 66, 154, 23, 34, 9, 187, 39, 56, 184, 53, 82, 12, 95, 25, 109, 47, 142, 67, 106, 18, 10, 68, 11, 48, 87, 72, 6, 107, 42, 197, 76, 136, 81, 75, 46, 101, 110, 126, 196, 50, 85, 124, 63, 1, 30, 174, 57, 119, 153, 148, 179, 27, 74, 29, 13, 118, 116, 8, 138, 89, 88, 60, 2, 103, 120, 91, 181, 150, 80, 54, 173, 32, 102, 177, 14, 44, 161, 3, 175, 49, 105, 19, 83, 24, 158, 144, 15, 16, 45, 121, 26, 21, 65, 51, 122, 98, 115, 176, 192, 134, 186, 104, 36, 35, 55, 52, 199, 37, 4, 17, 22, 195, 59, 129, 33, 20, 127, 156, 194, 5, 137, 99, 169, 108, 28, 31, 41, 40, 112, 123, 79, 90, 182, 185, 73, 69, 114, 130, 84, 155, 200, 171, 58, 164, 145, 62, 162, 38, 159, 146, 163, 168, 96, 78, 165, 113, 141, 77, 125, 64, 94, 151, 100, 160, 167, 71, 93, 128, 132, 193, 92, 140, 111, 97, 139, 180, 149, 157, 147, 188, 178, 170, 190, 198, 183, 191, 143, 166, 131, 189, 135, 172]项目工期为：609.0；项目成本为：156890.40000000002
染色体结构为:
[61, 43, 152, 133, 117, 86, 7, 154, 66, 23, 187, 9, 34, 70, 39, 184, 56, 53, 95, 12, 82, 109, 106, 142, 25, 18, 68, 47, 10, 11, 67, 48, 148, 72, 81, 21, 27, 103, 136, 115, 138, 49, 76, 24, 107, 85, 2, 75, 87, 6, 197, 101, 42, 110, 46, 50, 196, 118, 65, 13, 179, 15, 119, 8, 174, 126, 124, 153, 63, 1, 74, 30, 29, 116, 57, 60, 89, 98, 122, 26, 121, 19, 16, 177, 51, 54, 158, 105, 176, 192, 173, 14, 36, 186, 32, 134, 35, 55, 102, 52, 120, 4, 181, 37, 22, 104, 199, 80, 17, 59, 33, 3, 129, 127, 195, 194, 91, 137, 88, 156, 144, 108, 83, 5, 99, 161, 20, 175, 44, 45, 31, 150, 41, 79, 28, 169, 123, 40, 112, 90, 185, 73, 69, 114, 182, 84, 200, 155, 58, 130, 171, 162, 164, 62, 145, 38, 168, 159, 163, 146, 165, 96, 141, 100, 113, 64, 125, 78, 77, 94, 167, 151, 160, 71, 93, 132, 92, 128, 140, 111, 139, 193, 180, 97, 149, 157, 178, 188, 147, 198, 190, 170, 183, 143, 166, 191, 135, 131, 172, 189]项目工期为：724.0；项目成本为：151303.30000000005
染色体结构为:
[61, 43, 117, 133, 152, 7, 86, 66, 70, 23, 154, 34, 9, 39, 187, 12, 56, 106, 82, 53, 95, 25, 184, 47, 109, 18, 67, 142, 10, 68, 148, 11, 136, 81, 21, 138, 27, 115, 49, 103, 2, 76, 24, 85, 118, 65, 48, 13, 8, 179, 119, 15, 26, 121, 98, 122, 6, 51, 116, 57, 63, 1, 89, 19, 16, 158, 173, 54, 196, 107, 72, 42, 177, 87, 197, 75, 101, 110, 46, 126, 124, 50, 153, 88, 30, 174, 74, 60, 29, 120, 176, 105, 91, 134, 14, 192, 186, 36, 55, 52, 32, 35, 4, 102, 37, 22, 181, 104, 199, 80, 59, 33, 17, 3, 195, 129, 137, 127, 194, 144, 5, 156, 83, 108, 20, 99, 175, 150, 161, 45, 44, 28, 31, 169, 41, 123, 90, 79, 112, 73, 182, 40, 185, 114, 84, 69, 155, 130, 200, 58, 145, 171, 62, 162, 164, 38, 159, 146, 165, 168, 96, 163, 113, 141, 78, 77, 125, 94, 100, 64, 160, 151, 167, 71, 190, 93, 132, 140, 92, 193, 111, 128, 139, 97, 147, 157, 149, 180, 198, 143, 178, 188, 183, 170, 135, 166, 191, 131, 172, 189]项目工期为：682.0；项目成本为：152352.0
染色体结构为:
[43, 61, 117, 152, 86, 133, 7, 154, 66, 70, 23, 187, 34, 9, 184, 39, 56, 53, 12, 82, 95, 109, 106, 142, 25, 68, 18, 10, 47, 67, 11, 72, 48, 148, 81, 27, 21, 103, 138, 136, 87, 115, 107, 6, 42, 197, 75, 76, 49, 24, 85, 2, 110, 101, 50, 126, 46, 196, 174, 153, 124, 63, 1, 30, 119, 74, 57, 179, 29, 13, 8, 118, 116, 89, 65, 60, 15, 98, 121, 122, 26, 19, 16, 51, 158, 54, 177, 105, 173, 192, 176, 14, 186, 36, 32, 35, 134, 52, 55, 120, 4, 102, 37, 181, 104, 22, 199, 80, 59, 33, 17, 129, 3, 194, 127, 137, 91, 195, 88, 156, 144, 108, 5, 83, 99, 20, 161, 44, 175, 31, 45, 150, 28, 41, 79, 169, 40, 123, 112, 73, 185, 90, 114, 84, 69, 182, 200, 155, 58, 130, 164, 171, 145, 162, 62, 38, 159, 163, 168, 146, 96, 165, 141, 64, 100, 113, 77, 125, 78, 94, 71, 151, 167, 160, 93, 128, 140, 132, 193, 92, 111, 139, 97, 180, 157, 149, 188, 147, 178, 170, 190, 198, 183, 143, 191, 166, 189, 135, 172, 131]项目工期为：752.0；项目成本为：149650.90000000002
染色体结构为:
[148, 27, 81, 138, 136, 82, 49, 21, 152, 103, 39, 86, 154, 43, 115, 133, 66, 48, 24, 76, 2, 117, 34, 9, 85, 61, 187, 56, 184, 109, 12, 53, 25, 23, 68, 95, 106, 142, 47, 137, 192, 37, 10, 144, 52, 119, 87, 30, 46, 32, 122, 22, 55, 186, 29, 177, 179, 65, 6, 107, 8, 18, 199, 26, 98, 1, 60, 173, 45, 134, 75, 83, 194, 99, 36, 19, 16, 150, 169, 7, 67, 11, 70, 72, 197, 42, 101, 110, 196, 126, 50, 124, 174, 57, 153, 63, 13, 74, 118, 89, 116, 91, 88, 120, 181, 80, 54, 14, 161, 102, 3, 175, 105, 44, 15, 158, 121, 176, 51, 35, 4, 104, 59, 17, 33, 195, 156, 129, 127, 108, 31, 20, 5, 41, 123, 79, 28, 112, 40, 182, 69, 185, 73, 84, 90, 130, 200, 58, 155, 114, 171, 164, 62, 145, 188, 78, 94, 149, 93, 125, 162, 140, 38, 113, 178, 146, 128, 97, 77, 168, 151, 160, 71, 132, 159, 64, 92, 167, 139, 190, 198, 141, 170, 163, 183, 143, 193, 180, 157, 191, 96, 166, 135, 172, 189, 100, 131, 111, 147, 165]项目工期为：482.0；项目成本为：175993.90000000008
染色体结构为:
[117, 61, 43, 152, 70, 133, 66, 154, 34, 86, 7, 23, 39, 187, 9, 56, 82, 12, 106, 95, 25, 184, 53, 109, 47, 18, 142, 68, 67, 10, 11, 81, 148, 27, 136, 21, 49, 115, 103, 138, 24, 48, 2, 76, 65, 85, 118, 13, 119, 179, 8, 15, 121, 26, 98, 122, 57, 6, 51, 1, 116, 19, 16, 63, 158, 173, 54, 89, 196, 72, 107, 177, 42, 197, 87, 75, 101, 46, 110, 126, 50, 174, 124, 74, 30, 153, 60, 88, 29, 105, 120, 91, 134, 176, 186, 14, 55, 36, 52, 192, 32, 35, 4, 102, 37, 22, 181, 199, 80, 104, 17, 33, 59, 3, 129, 195, 194, 127, 137, 144, 108, 5, 156, 175, 83, 20, 99, 44, 31, 161, 123, 45, 150, 41, 28, 40, 169, 73, 79, 185, 182, 112, 69, 84, 90, 114, 155, 130, 200, 171, 58, 145, 62, 164, 162, 159, 38, 163, 146, 165, 96, 168, 78, 141, 77, 113, 100, 125, 64, 94, 151, 160, 71, 167, 190, 93, 132, 140, 92, 128, 193, 111, 139, 97, 180, 149, 157, 188, 178, 198, 143, 183, 147, 170, 191, 166, 135, 172, 189, 131]项目工期为：574.0；项目成本为：159322.0
染色体结构为:
[152, 61, 43, 117, 133, 7, 154, 70, 23, 86, 39, 187, 66, 9, 184, 56, 34, 12, 95, 82, 109, 53, 25, 106, 142, 47, 18, 10, 68, 11, 67, 48, 72, 87, 107, 197, 136, 6, 76, 75, 42, 81, 21, 148, 27, 138, 103, 49, 101, 46, 24, 50, 196, 110, 126, 124, 174, 63, 1, 85, 30, 57, 8, 153, 74, 119, 179, 29, 118, 116, 89, 60, 13, 2, 91, 80, 120, 181, 173, 88, 54, 150, 32, 102, 14, 177, 115, 65, 121, 26, 122, 15, 19, 98, 51, 158, 16, 105, 134, 192, 176, 186, 55, 37, 137, 52, 144, 22, 4, 199, 59, 104, 36, 17, 33, 194, 3, 195, 156, 83, 127, 20, 175, 108, 5, 99, 45, 188, 62, 78, 94, 28, 44, 125, 58, 35, 90, 84, 140, 149, 93, 145, 162, 129, 160, 79, 71, 161, 155, 64, 31, 41, 123, 73, 169, 40, 112, 182, 69, 77, 164, 185, 132, 130, 38, 167, 159, 190, 128, 163, 171, 143, 141, 113, 170, 114, 183, 166, 193, 180, 191, 168, 92, 96, 200, 139, 157, 100, 135, 172, 97, 131, 178, 151, 147, 146, 189, 198, 165, 111]项目工期为：501.0；项目成本为：170915.8000000001
染色体结构为:
[43, 61, 117, 152, 133, 86, 7, 23, 154, 66, 70, 187, 9, 34, 39, 184, 56, 53, 95, 12, 109, 82, 142, 106, 25, 18, 68, 47, 10, 67, 11, 48, 148, 72, 81, 27, 21, 103, 138, 115, 136, 49, 76, 24, 85, 2, 107, 87, 6, 75, 197, 42, 101, 110, 50, 46, 196, 118, 65, 13, 179, 15, 119, 8, 126, 174, 124, 153, 63, 1, 74, 30, 29, 57, 116, 60, 89, 98, 121, 122, 26, 19, 16, 51, 158, 177, 105, 173, 192, 54, 14, 176, 186, 32, 134, 36, 55, 35, 4, 102, 52, 120, 181, 37, 22, 104, 80, 199, 59, 17, 33, 3, 129, 194, 127, 91, 195, 137, 88, 144, 156, 108, 83, 5, 99, 20, 175, 161, 44, 31, 45, 28, 41, 150, 79, 40, 169, 123, 73, 112, 185, 114, 90, 182, 84, 69, 155, 200, 58, 130, 164, 171, 162, 145, 38, 159, 62, 163, 168, 146, 96, 141, 165, 64, 100, 78, 113, 125, 77, 94, 167, 151, 160, 71, 93, 132, 128, 92, 140, 193, 111, 97, 180, 149, 190, 139, 157, 188, 178, 147, 170, 198, 143, 183, 191, 166, 189, 135, 172, 131]项目工期为：758.0；项目成本为：149380.70000000004
染色体结构为:
[117, 43, 61, 152, 86, 133, 154, 7, 23, 66, 70, 187, 34, 9, 184, 39, 56, 53, 95, 12, 82, 109, 106, 142, 18, 25, 68, 47, 10, 11, 67, 48, 72, 148, 27, 81, 21, 103, 136, 138, 115, 87, 107, 42, 6, 75, 197, 49, 76, 24, 85, 2, 110, 101, 50, 126, 196, 46, 174, 124, 153, 1, 63, 30, 119, 74, 57, 179, 29, 13, 8, 116, 118, 89, 60, 65, 15, 98, 121, 122, 26, 19, 16, 51, 158, 54, 105, 177, 173, 192, 176, 14, 186, 36, 32, 134, 52, 35, 55, 120, 102, 37, 4, 181, 104, 22, 199, 80, 33, 17, 59, 129, 3, 194, 127, 91, 137, 195, 88, 156, 108, 144, 5, 83, 99, 20, 161, 44, 175, 45, 31, 28, 150, 41, 79, 169, 40, 123, 112, 73, 185, 90, 114, 69, 84, 182, 200, 155, 58, 130, 164, 171, 145, 162, 38, 62, 159, 163, 146, 168, 96, 165, 141, 64, 100, 113, 78, 77, 125, 71, 94, 167, 151, 160, 93, 128, 140, 132, 92, 193, 111, 97, 180, 139, 157, 149, 188, 147, 178, 170, 190, 198, 183, 143, 166, 191, 189, 135, 131, 172]项目工期为：694.0；项目成本为：151526.80000000002
染色体结构为:
[43, 61, 117, 152, 133, 86, 7, 23, 154, 66, 70, 9, 187, 34, 39, 184, 56, 95, 53, 109, 12, 82, 142, 106, 25, 18, 68, 47, 10, 67, 48, 11, 148, 72, 81, 27, 21, 103, 138, 115, 136, 49, 76, 24, 85, 2, 107, 87, 6, 75, 197, 42, 101, 110, 50, 46, 196, 118, 65, 13, 179, 15, 119, 8, 126, 174, 124, 153, 63, 1, 74, 30, 29, 116, 57, 60, 89, 98, 122, 121, 26, 19, 16, 51, 158, 177, 105, 173, 192, 54, 14, 176, 186, 32, 134, 36, 55, 35, 4, 102, 120, 52, 181, 37, 22, 104, 80, 199, 59, 17, 33, 3, 129, 194, 91, 127, 195, 137, 88, 144, 156, 108, 83, 5, 20, 99, 175, 44, 31, 161, 45, 28, 41, 150, 79, 40, 169, 123, 112, 185, 73, 114, 90, 182, 84, 69, 155, 200, 130, 58, 164, 171, 162, 145, 38, 159, 62, 163, 168, 146, 96, 141, 165, 64, 100, 78, 113, 77, 125, 94, 167, 151, 160, 71, 93, 132, 128, 92, 140, 193, 97, 111, 180, 149, 139, 157, 190, 188, 178, 147, 170, 198, 183, 143, 191, 166, 189, 135, 172, 131]项目工期为：728.0；项目成本为：151289.50000000003
染色体结构为:
[152, 61, 133, 86, 117, 70, 43, 154, 23, 66, 39, 7, 9, 56, 12, 34, 184, 53, 82, 187, 47, 95, 25, 142, 109, 18, 106, 10, 67, 48, 68, 11, 87, 72, 107, 6, 42, 136, 75, 76, 197, 81, 46, 110, 196, 101, 50, 1, 126, 63, 124, 30, 85, 153, 57, 119, 179, 174, 148, 29, 27, 74, 13, 118, 8, 116, 138, 60, 88, 89, 2, 91, 103, 181, 150, 80, 120, 173, 54, 177, 32, 102, 14, 44, 175, 161, 3, 105, 49, 19, 83, 158, 16, 24, 45, 144, 15, 121, 26, 65, 98, 122, 21, 51, 115, 36, 192, 134, 176, 186, 35, 55, 4, 104, 52, 199, 37, 22, 59, 17, 195, 129, 33, 127, 20, 156, 194, 5, 28, 137, 108, 99, 31, 169, 41, 40, 112, 123, 79, 182, 73, 185, 90, 69, 114, 84, 130, 155, 58, 171, 200, 145, 62, 164, 162, 159, 38, 146, 168, 163, 165, 78, 96, 141, 113, 77, 125, 100, 94, 64, 151, 160, 167, 71, 132, 190, 93, 92, 140, 193, 111, 128, 139, 97, 147, 157, 149, 180, 198, 178, 143, 183, 188, 170, 135, 166, 131, 191, 189, 172]项目工期为：546.0；项目成本为：162663.80000000008
染色体结构为:
[152, 61, 133, 86, 117, 7, 43, 154, 23, 70, 39, 66, 9, 34, 56, 12, 184, 53, 187, 82, 95, 47, 25, 109, 142, 106, 18, 67, 10, 48, 68, 11, 87, 72, 107, 6, 42, 197, 136, 75, 76, 46, 81, 110, 196, 101, 126, 124, 50, 1, 63, 30, 153, 85, 57, 174, 179, 119, 148, 27, 74, 29, 118, 13, 116, 8, 138, 60, 89, 88, 91, 2, 103, 181, 120, 150, 80, 173, 102, 54, 177, 32, 14, 161, 44, 175, 3, 49, 105, 19, 83, 158, 24, 16, 144, 45, 15, 121, 26, 65, 21, 98, 122, 51, 115, 192, 36, 134, 176, 35, 186, 55, 104, 4, 52, 199, 37, 17, 22, 59, 129, 195, 33, 20, 156, 194, 127, 137, 5, 28, 99, 108, 169, 31, 41, 112, 40, 123, 79, 73, 182, 185, 90, 114, 69, 84, 155, 130, 171, 200, 58, 145, 162, 62, 164, 159, 38, 146, 163, 168, 96, 165, 78, 141, 113, 77, 100, 125, 64, 94, 160, 151, 167, 71, 190, 132, 93, 92, 140, 193, 128, 111, 139, 97, 147, 157, 149, 180, 198, 178, 143, 183, 188, 170, 135, 166, 191, 131, 189, 172]项目工期为：553.0；项目成本为：161930.00000000006
染色体结构为:
[43, 61, 117, 152, 86, 7, 133, 154, 66, 23, 70, 187, 9, 34, 184, 39, 56, 95, 12, 53, 82, 109, 106, 142, 25, 18, 68, 47, 10, 11, 67, 48, 148, 72, 81, 21, 27, 103, 138, 115, 136, 49, 76, 107, 24, 85, 2, 75, 87, 197, 6, 42, 101, 110, 46, 50, 196, 118, 65, 13, 179, 126, 124, 1, 174, 153, 63, 30, 119, 74, 57, 116, 29, 8, 89, 15, 60, 98, 121, 122, 26, 19, 51, 16, 54, 158, 177, 173, 105, 192, 176, 14, 186, 36, 32, 134, 35, 52, 120, 4, 55, 102, 37, 181, 104, 22, 199, 59, 80, 33, 17, 129, 3, 194, 91, 127, 195, 137, 88, 144, 156, 108, 5, 99, 83, 20, 161, 44, 175, 45, 31, 150, 28, 41, 169, 79, 40, 123, 112, 73, 185, 90, 114, 84, 69, 200, 182, 155, 130, 58, 164, 145, 162, 171, 38, 62, 163, 159, 168, 146, 96, 165, 141, 100, 113, 64, 78, 125, 77, 94, 71, 160, 151, 93, 167, 128, 140, 132, 193, 92, 111, 139, 97, 180, 157, 149, 178, 188, 170, 147, 198, 190, 183, 143, 166, 191, 189, 131, 135, 172]项目工期为：742.0；项目成本为：150123.89999999997
染色体结构为:
[61, 43, 117, 133, 152, 86, 66, 7, 70, 23, 154, 34, 9, 39, 187, 12, 56, 106, 82, 53, 95, 25, 184, 47, 109, 18, 142, 67, 10, 68, 148, 11, 136, 81, 21, 138, 27, 115, 103, 49, 2, 76, 24, 85, 118, 65, 48, 13, 179, 8, 119, 26, 15, 121, 98, 6, 122, 51, 57, 116, 63, 1, 89, 19, 16, 158, 173, 54, 196, 107, 72, 42, 177, 87, 197, 75, 101, 110, 46, 126, 124, 50, 153, 30, 88, 174, 60, 74, 29, 120, 176, 105, 91, 134, 14, 192, 186, 36, 52, 55, 32, 35, 4, 37, 102, 22, 181, 199, 104, 80, 59, 33, 3, 17, 195, 137, 129, 127, 194, 144, 5, 156, 83, 108, 20, 99, 175, 150, 161, 45, 44, 28, 169, 31, 41, 123, 79, 90, 112, 73, 182, 40, 185, 114, 84, 69, 155, 130, 200, 58, 145, 171, 62, 162, 164, 159, 38, 146, 165, 96, 168, 163, 113, 141, 78, 77, 125, 94, 100, 160, 64, 151, 167, 71, 190, 93, 132, 92, 140, 193, 111, 128, 139, 97, 147, 157, 149, 180, 198, 143, 178, 188, 183, 170, 135, 166, 191, 131, 172, 189]项目工期为：666.0；项目成本为：153514.6
染色体结构为:
[61, 133, 152, 43, 117, 70, 7, 86, 66, 23, 154, 187, 34, 9, 39, 184, 56, 12, 53, 82, 109, 95, 25, 106, 142, 47, 18, 68, 67, 11, 72, 10, 87, 107, 42, 48, 136, 6, 197, 75, 76, 148, 27, 81, 21, 103, 49, 138, 24, 115, 2, 85, 101, 110, 126, 196, 50, 174, 46, 153, 124, 1, 63, 30, 119, 74, 29, 57, 179, 13, 116, 8, 89, 118, 60, 65, 121, 15, 98, 26, 122, 19, 16, 51, 177, 54, 158, 105, 176, 173, 192, 14, 186, 36, 134, 32, 55, 35, 102, 52, 120, 4, 37, 181, 22, 104, 80, 17, 199, 59, 33, 3, 127, 129, 194, 195, 91, 88, 137, 144, 156, 83, 108, 5, 99, 161, 20, 175, 44, 45, 31, 150, 41, 28, 79, 169, 40, 73, 123, 112, 185, 90, 114, 69, 84, 182, 155, 58, 200, 164, 171, 130, 145, 38, 162, 62, 159, 163, 168, 146, 165, 96, 64, 141, 100, 113, 77, 94, 78, 125, 71, 167, 160, 93, 151, 128, 193, 132, 92, 140, 97, 111, 180, 139, 149, 157, 147, 188, 178, 170, 198, 190, 183, 143, 191, 189, 166, 131, 135, 172]项目工期为：583.0；项目成本为：159006.90000000005
染色体结构为:
[61, 133, 152, 43, 117, 7, 70, 86, 23, 66, 187, 9, 154, 34, 184, 39, 53, 56, 12, 82, 109, 95, 25, 106, 47, 142, 18, 72, 68, 67, 11, 107, 10, 42, 87, 48, 136, 76, 6, 197, 75, 148, 81, 21, 27, 49, 103, 24, 115, 138, 2, 85, 101, 50, 110, 196, 126, 46, 174, 153, 124, 63, 119, 1, 74, 29, 30, 13, 179, 57, 118, 8, 89, 116, 65, 60, 15, 98, 121, 122, 26, 19, 51, 16, 177, 158, 54, 105, 173, 192, 176, 14, 186, 134, 36, 55, 32, 102, 120, 35, 52, 4, 37, 181, 22, 199, 104, 59, 80, 33, 17, 3, 129, 127, 194, 195, 91, 137, 88, 144, 156, 108, 5, 83, 161, 99, 20, 175, 44, 45, 31, 41, 150, 28, 79, 169, 123, 40, 112, 73, 185, 114, 69, 90, 182, 84, 155, 200, 164, 58, 130, 145, 171, 162, 62, 163, 38, 168, 159, 146, 96, 141, 113, 165, 100, 78, 64, 94, 125, 77, 71, 167, 151, 93, 160, 132, 128, 193, 92, 190, 140, 139, 97, 147, 157, 111, 149, 180, 178, 198, 143, 188, 183, 170, 191, 166, 131, 189, 135, 172]项目工期为：600.0；项目成本为：156928.2
染色体结构为:
[43, 61, 152, 117, 133, 86, 154, 66, 7, 70, 9, 23, 27, 49, 82, 81, 148, 136, 138, 21, 39, 103, 24, 2, 48, 85, 115, 65, 118, 76, 18, 13, 119, 8, 184, 179, 34, 187, 56, 95, 53, 106, 12, 25, 47, 109, 10, 67, 68, 142, 11, 72, 107, 42, 6, 87, 197, 75, 46, 196, 101, 50, 126, 110, 124, 63, 174, 153, 1, 30, 57, 74, 116, 29, 89, 91, 60, 80, 88, 120, 54, 181, 150, 173, 32, 102, 177, 14, 44, 161, 3, 19, 158, 105, 175, 144, 16, 83, 15, 121, 26, 45, 122, 98, 192, 51, 176, 134, 36, 186, 35, 104, 52, 55, 4, 199, 37, 59, 17, 22, 129, 33, 195, 127, 194, 20, 156, 137, 99, 28, 5, 108, 31, 169, 41, 40, 123, 79, 112, 73, 185, 90, 69, 182, 130, 84, 114, 155, 58, 200, 145, 171, 62, 162, 164, 38, 159, 146, 163, 168, 165, 96, 141, 78, 113, 77, 64, 125, 100, 94, 167, 151, 71, 160, 128, 93, 132, 193, 92, 140, 139, 111, 97, 180, 149, 178, 188, 147, 157, 190, 183, 198, 170, 191, 143, 135, 166, 131, 189, 172]项目工期为：651.0；项目成本为：153840.9
染色体结构为:
[152, 61, 133, 86, 117, 43, 7, 70, 154, 23, 39, 9, 66, 56, 34, 12, 184, 82, 187, 53, 47, 95, 109, 25, 142, 18, 106, 10, 67, 48, 68, 11, 72, 87, 107, 42, 75, 6, 136, 76, 197, 46, 81, 110, 196, 126, 101, 50, 1, 124, 63, 30, 85, 57, 153, 119, 174, 179, 29, 148, 27, 74, 13, 8, 118, 116, 138, 88, 89, 60, 2, 91, 103, 181, 120, 150, 173, 80, 177, 54, 102, 32, 44, 14, 161, 3, 19, 175, 49, 24, 158, 105, 16, 83, 144, 15, 65, 45, 26, 121, 115, 21, 98, 122, 51, 192, 36, 134, 176, 52, 35, 186, 104, 4, 55, 37, 199, 59, 17, 33, 195, 22, 129, 127, 20, 194, 156, 137, 5, 99, 108, 31, 28, 169, 40, 41, 123, 79, 90, 112, 185, 73, 84, 182, 155, 69, 114, 200, 130, 171, 58, 145, 162, 62, 164, 146, 159, 38, 168, 165, 163, 96, 78, 141, 113, 100, 77, 125, 64, 151, 94, 167, 190, 160, 71, 132, 93, 140, 92, 193, 139, 128, 97, 147, 111, 180, 157, 149, 198, 178, 143, 188, 183, 170, 135, 191, 166, 172, 131, 189]项目工期为：564.0；项目成本为：160101.9
染色体结构为:
[152, 61, 43, 117, 86, 133, 154, 70, 7, 23, 34, 9, 187, 66, 39, 184, 56, 82, 12, 95, 53, 106, 109, 25, 18, 142, 47, 10, 68, 11, 48, 67, 87, 72, 107, 197, 75, 6, 42, 136, 76, 21, 81, 27, 148, 49, 138, 103, 24, 101, 50, 46, 110, 196, 124, 63, 126, 174, 1, 30, 85, 57, 74, 153, 119, 179, 8, 29, 13, 118, 89, 116, 60, 2, 91, 80, 88, 120, 54, 181, 173, 150, 32, 102, 115, 177, 121, 14, 15, 26, 65, 122, 98, 51, 19, 16, 158, 105, 134, 192, 186, 176, 55, 137, 52, 37, 144, 22, 199, 4, 36, 59, 104, 17, 33, 195, 194, 3, 156, 127, 83, 108, 175, 45, 20, 99, 5, 188, 62, 78, 58, 94, 28, 90, 35, 44, 125, 84, 140, 149, 162, 145, 93, 79, 129, 71, 155, 160, 64, 161, 123, 31, 41, 73, 169, 40, 182, 69, 112, 130, 164, 77, 185, 38, 159, 167, 132, 190, 128, 171, 163, 143, 113, 114, 141, 170, 166, 193, 183, 180, 191, 168, 92, 200, 96, 139, 100, 135, 157, 131, 172, 97, 147, 178, 146, 151, 189, 198, 165, 111]项目工期为：520.0；项目成本为：167710.30000000005
MID=2.0178749200725665
DM=33570.21417209017
SNS=0.10460027427100048
SM=0.7435242538784966
6.010908687470338E-5
74
共计用时：13秒
