染色体结构为:
[114, 98, 38, 108, 115, 81, 110, 102, 70, 2, 34, 50, 111, 101, 3, 118, 35, 109, 60, 116, 71, 119, 21, 120, 73, 1, 43, 61, 122, 142, 123, 124, 62, 99, 59, 143, 117, 125, 150, 82, 151, 77, 65, 144, 126, 4, 127, 128, 145, 5, 78, 63, 64, 129, 6, 130, 146, 29, 156, 74, 12, 31, 30, 32, 153, 7, 22, 10, 154, 23, 8, 157, 75, 9, 11, 76, 24, 158, 33, 131, 13, 14, 15, 16, 159, 160, 132, 17, 133, 19, 134, 140, 135, 136, 18, 161, 137, 162, 165, 138, 20, 164, 26, 141, 25, 139, 155, 152, 27, 147, 163, 148, 149, 39, 28, 40, 36, 41, 37, 51, 44, 58, 42, 46, 52, 53, 45, 47, 54, 55, 69, 48, 56, 57, 66, 67, 68, 72, 85, 49, 83, 86, 84, 87, 79, 91, 90, 93, 94, 103, 104, 92, 88, 80, 89, 95, 105, 96, 97, 112, 106, 113, 121, 100, 107]项目工期为：270.0；项目成本为：83448.6
染色体结构为:
[38, 81, 114, 120, 59, 118, 111, 116, 108, 102, 119, 101, 82, 115, 109, 98, 29, 110, 2, 3, 30, 122, 43, 156, 34, 31, 21, 50, 60, 1, 35, 65, 61, 62, 99, 32, 117, 142, 150, 63, 124, 4, 64, 125, 126, 151, 33, 127, 5, 123, 6, 12, 157, 70, 128, 10, 129, 7, 22, 8, 130, 9, 71, 13, 77, 131, 73, 78, 143, 14, 15, 16, 132, 144, 11, 17, 133, 136, 74, 75, 18, 153, 19, 154, 23, 158, 24, 159, 160, 76, 145, 161, 25, 162, 164, 26, 165, 27, 39, 146, 28, 40, 47, 42, 20, 36, 48, 37, 44, 41, 49, 46, 45, 51, 58, 134, 52, 53, 140, 141, 54, 56, 55, 155, 57, 69, 66, 135, 67, 72, 85, 79, 68, 137, 138, 152, 86, 139, 87, 83, 147, 148, 163, 80, 84, 149, 88, 93, 91, 92, 90, 94, 104, 103, 95, 89, 105, 96, 97, 112, 106, 113, 107, 121, 100]项目工期为：236.0；项目成本为：91739.19999999997
染色体结构为:
[3, 111, 59, 99, 102, 29, 114, 115, 38, 108, 109, 30, 2, 31, 120, 81, 118, 116, 119, 101, 82, 98, 43, 122, 110, 34, 156, 60, 21, 50, 65, 1, 35, 61, 62, 142, 32, 117, 150, 63, 4, 124, 125, 64, 126, 151, 127, 5, 6, 33, 12, 123, 157, 10, 70, 128, 7, 129, 22, 130, 8, 71, 77, 13, 9, 78, 131, 14, 73, 143, 15, 132, 16, 11, 17, 133, 136, 144, 74, 18, 75, 19, 153, 154, 158, 23, 24, 159, 160, 25, 161, 76, 145, 162, 164, 165, 26, 27, 39, 146, 40, 28, 47, 42, 36, 37, 20, 48, 41, 44, 46, 51, 49, 45, 58, 134, 52, 140, 141, 53, 54, 56, 57, 55, 155, 135, 66, 69, 67, 72, 68, 79, 85, 137, 152, 138, 86, 139, 83, 147, 87, 148, 163, 149, 84, 88, 80, 91, 93, 92, 90, 94, 104, 103, 95, 105, 89, 96, 97, 112, 106, 107, 100, 113, 121]项目工期为：243.0；项目成本为：90687.89999999994
染色体结构为:
[114, 98, 38, 115, 108, 110, 81, 102, 34, 70, 2, 111, 101, 50, 3, 118, 35, 60, 109, 116, 119, 71, 21, 120, 73, 1, 61, 43, 122, 142, 123, 124, 99, 62, 117, 59, 125, 143, 150, 82, 151, 65, 126, 144, 77, 4, 127, 128, 145, 5, 63, 78, 64, 129, 6, 146, 130, 29, 156, 12, 74, 31, 30, 32, 153, 7, 22, 10, 23, 154, 75, 8, 11, 157, 9, 24, 76, 158, 33, 13, 131, 14, 15, 16, 159, 132, 160, 17, 133, 19, 134, 140, 136, 135, 18, 161, 137, 162, 165, 138, 20, 26, 164, 141, 25, 139, 152, 155, 27, 147, 148, 163, 39, 149, 28, 40, 41, 36, 37, 51, 44, 58, 42, 46, 45, 52, 53, 47, 54, 55, 48, 57, 69, 56, 66, 67, 68, 72, 85, 83, 49, 86, 87, 84, 91, 79, 90, 93, 94, 104, 92, 103, 88, 80, 89, 95, 105, 96, 97, 112, 113, 106, 121, 107, 100]项目工期为：297.0；项目成本为：78494.40000000002
染色体结构为:
[3, 59, 111, 114, 29, 102, 99, 115, 38, 109, 2, 108, 30, 120, 110, 31, 81, 32, 98, 70, 34, 101, 50, 118, 116, 35, 60, 119, 21, 71, 1, 73, 82, 65, 43, 122, 142, 61, 153, 4, 123, 124, 156, 150, 143, 5, 117, 125, 154, 144, 126, 145, 127, 6, 10, 128, 157, 11, 151, 77, 74, 8, 9, 129, 158, 12, 62, 75, 159, 13, 160, 76, 130, 131, 161, 14, 63, 146, 7, 64, 22, 78, 23, 24, 15, 132, 33, 16, 17, 19, 133, 136, 134, 140, 137, 135, 20, 18, 26, 162, 138, 165, 164, 141, 25, 139, 147, 152, 155, 148, 27, 163, 149, 28, 39, 41, 36, 42, 37, 51, 58, 40, 47, 48, 49, 44, 46, 52, 53, 54, 45, 57, 66, 55, 69, 67, 72, 56, 85, 68, 83, 86, 84, 87, 79, 80, 90, 93, 91, 94, 88, 104, 89, 105, 92, 95, 103, 96, 97, 106, 112, 107, 113, 121, 100]项目工期为：305.0；项目成本为：76397.69999999998
染色体结构为:
[114, 98, 108, 115, 38, 81, 102, 110, 70, 2, 50, 34, 3, 101, 35, 118, 60, 111, 116, 71, 109, 119, 21, 120, 61, 73, 43, 1, 122, 142, 124, 123, 62, 59, 99, 29, 30, 31, 65, 32, 82, 153, 156, 150, 4, 143, 117, 125, 144, 5, 154, 126, 127, 128, 6, 145, 10, 157, 11, 77, 74, 151, 12, 63, 8, 129, 64, 146, 78, 7, 22, 130, 23, 158, 9, 24, 33, 159, 75, 160, 76, 131, 161, 13, 162, 25, 132, 164, 133, 14, 15, 16, 17, 134, 19, 140, 136, 18, 137, 138, 26, 135, 20, 165, 139, 141, 155, 147, 163, 152, 148, 27, 39, 149, 40, 28, 36, 41, 37, 51, 44, 58, 45, 47, 42, 48, 46, 52, 49, 53, 54, 57, 66, 55, 69, 67, 72, 56, 68, 85, 83, 84, 86, 87, 79, 80, 93, 91, 90, 94, 88, 89, 104, 105, 92, 103, 95, 96, 97, 112, 106, 121, 100, 107, 113]项目工期为：342.0；项目成本为：72031.89999999998
染色体结构为:
[114, 98, 108, 38, 115, 110, 81, 102, 70, 34, 2, 50, 111, 101, 118, 3, 35, 109, 60, 116, 71, 119, 21, 120, 73, 1, 43, 61, 122, 142, 123, 62, 124, 99, 143, 59, 125, 117, 150, 82, 151, 77, 65, 144, 4, 126, 127, 145, 128, 5, 78, 63, 64, 129, 6, 130, 146, 29, 156, 12, 74, 31, 30, 32, 153, 7, 22, 10, 154, 23, 8, 157, 75, 9, 11, 24, 76, 158, 33, 131, 13, 14, 15, 16, 159, 160, 132, 17, 133, 134, 19, 140, 135, 136, 18, 161, 137, 162, 165, 138, 20, 164, 26, 141, 25, 155, 139, 152, 147, 163, 27, 148, 149, 39, 28, 40, 41, 36, 37, 44, 51, 58, 42, 46, 52, 53, 45, 47, 54, 55, 69, 48, 56, 57, 66, 67, 68, 72, 85, 49, 83, 86, 87, 84, 79, 90, 91, 93, 94, 104, 103, 92, 88, 80, 95, 89, 105, 96, 97, 112, 106, 113, 121, 100, 107]项目工期为：265.0；项目成本为：84901.99999999999
染色体结构为:
[114, 98, 108, 115, 81, 38, 102, 110, 70, 2, 34, 50, 3, 101, 35, 118, 60, 111, 116, 71, 109, 119, 21, 61, 120, 73, 43, 1, 122, 142, 124, 62, 59, 123, 99, 29, 30, 31, 65, 32, 82, 153, 156, 150, 4, 143, 117, 125, 144, 5, 154, 126, 127, 128, 6, 145, 10, 157, 11, 77, 74, 151, 12, 63, 8, 64, 129, 146, 78, 7, 22, 130, 23, 158, 9, 24, 33, 159, 75, 160, 76, 131, 161, 13, 162, 132, 25, 164, 14, 133, 15, 16, 17, 134, 19, 140, 18, 136, 137, 26, 138, 20, 165, 135, 139, 141, 155, 147, 163, 152, 148, 27, 39, 40, 149, 28, 36, 41, 37, 51, 44, 45, 58, 47, 42, 48, 46, 52, 49, 53, 54, 57, 55, 66, 69, 67, 56, 72, 68, 83, 85, 84, 86, 87, 79, 80, 93, 91, 94, 90, 88, 89, 104, 105, 92, 103, 95, 96, 97, 112, 106, 121, 100, 107, 113]项目工期为：332.0；项目成本为：72831.29999999997
染色体结构为:
[114, 98, 38, 115, 108, 81, 110, 102, 70, 2, 34, 50, 111, 101, 3, 118, 35, 109, 60, 116, 71, 119, 120, 21, 43, 1, 73, 61, 122, 142, 123, 124, 59, 99, 62, 143, 117, 125, 150, 82, 77, 151, 65, 126, 144, 4, 127, 128, 145, 5, 78, 63, 64, 6, 129, 130, 146, 29, 156, 74, 30, 12, 31, 32, 153, 7, 22, 10, 154, 23, 8, 157, 75, 9, 11, 76, 24, 158, 33, 131, 13, 14, 15, 16, 159, 160, 132, 17, 19, 133, 134, 140, 135, 136, 18, 137, 161, 162, 165, 20, 138, 26, 164, 141, 25, 139, 152, 155, 27, 147, 163, 148, 149, 39, 28, 40, 36, 41, 37, 44, 51, 58, 42, 46, 52, 53, 45, 47, 54, 55, 48, 69, 56, 57, 66, 67, 68, 72, 85, 49, 83, 86, 87, 84, 79, 90, 93, 94, 91, 104, 103, 88, 92, 80, 89, 95, 105, 96, 97, 112, 106, 113, 121, 100, 107]项目工期为：260.0；项目成本为：85268.1
染色体结构为:
[59, 3, 111, 114, 29, 99, 102, 38, 109, 115, 2, 108, 110, 30, 120, 31, 98, 32, 81, 70, 34, 101, 118, 50, 60, 116, 119, 21, 35, 71, 73, 65, 82, 43, 1, 122, 61, 153, 142, 4, 123, 124, 156, 150, 143, 125, 117, 144, 5, 154, 145, 126, 127, 6, 10, 128, 11, 157, 151, 77, 74, 8, 9, 158, 129, 62, 75, 12, 159, 76, 160, 130, 13, 161, 63, 131, 14, 146, 64, 7, 22, 23, 78, 24, 15, 132, 33, 16, 17, 19, 133, 134, 140, 136, 137, 20, 138, 135, 18, 162, 165, 26, 25, 164, 141, 139, 147, 155, 27, 152, 148, 149, 163, 28, 39, 41, 36, 42, 37, 40, 51, 58, 47, 48, 44, 49, 46, 52, 53, 45, 54, 57, 66, 55, 69, 67, 56, 72, 85, 68, 83, 84, 86, 87, 79, 93, 80, 90, 88, 91, 94, 89, 104, 105, 92, 95, 96, 103, 97, 106, 112, 107, 121, 100, 113]项目工期为：318.0；项目成本为：75198.19999999997
染色体结构为:
[114, 38, 98, 115, 108, 81, 110, 102, 70, 50, 2, 101, 34, 3, 35, 118, 111, 109, 60, 116, 71, 119, 21, 61, 120, 73, 1, 43, 122, 142, 123, 124, 62, 59, 99, 29, 30, 65, 31, 32, 82, 153, 156, 4, 150, 117, 125, 143, 144, 5, 154, 126, 127, 128, 6, 145, 10, 157, 77, 11, 151, 74, 12, 8, 129, 63, 78, 64, 146, 7, 130, 22, 23, 158, 9, 24, 33, 159, 75, 160, 76, 131, 161, 25, 13, 162, 132, 164, 14, 133, 134, 15, 16, 17, 19, 136, 140, 137, 18, 135, 138, 26, 165, 20, 141, 139, 147, 155, 148, 163, 149, 152, 27, 39, 28, 40, 36, 41, 37, 51, 58, 44, 45, 42, 46, 47, 52, 48, 53, 54, 56, 49, 55, 57, 66, 69, 67, 72, 68, 79, 83, 85, 86, 80, 87, 84, 88, 91, 93, 90, 94, 104, 89, 105, 92, 95, 96, 103, 97, 112, 106, 121, 107, 113, 100]项目工期为：345.0；项目成本为：71237.70000000001
染色体结构为:
[114, 98, 108, 38, 115, 81, 102, 110, 70, 2, 50, 34, 101, 3, 35, 60, 118, 116, 111, 109, 71, 119, 21, 120, 43, 73, 61, 122, 142, 1, 123, 59, 124, 62, 99, 29, 30, 31, 65, 32, 82, 153, 156, 150, 4, 143, 117, 125, 154, 144, 5, 126, 127, 128, 6, 145, 157, 10, 11, 74, 77, 151, 63, 12, 8, 129, 64, 146, 78, 7, 22, 130, 23, 158, 9, 24, 159, 33, 75, 76, 160, 131, 161, 13, 25, 162, 164, 132, 133, 14, 15, 16, 17, 134, 19, 140, 136, 18, 137, 138, 26, 135, 165, 20, 139, 141, 155, 147, 163, 148, 152, 27, 39, 149, 40, 28, 36, 41, 37, 51, 44, 45, 47, 58, 42, 48, 46, 49, 52, 53, 54, 57, 55, 66, 69, 67, 72, 56, 68, 83, 85, 86, 84, 87, 79, 80, 93, 90, 91, 94, 88, 104, 89, 105, 92, 103, 95, 96, 97, 106, 112, 121, 100, 113, 107]项目工期为：315.0；项目成本为：75876.99999999997
染色体结构为:
[114, 98, 115, 38, 108, 81, 110, 102, 70, 34, 2, 50, 111, 101, 3, 118, 35, 109, 116, 60, 119, 71, 120, 21, 73, 43, 61, 1, 122, 142, 123, 124, 62, 59, 99, 143, 117, 150, 125, 82, 151, 65, 77, 126, 4, 127, 144, 128, 145, 78, 5, 63, 64, 6, 129, 146, 29, 130, 74, 156, 30, 12, 31, 32, 7, 22, 153, 10, 154, 23, 8, 157, 75, 76, 9, 11, 24, 158, 33, 13, 131, 14, 15, 16, 159, 160, 132, 17, 133, 19, 134, 140, 135, 136, 18, 161, 137, 162, 165, 138, 20, 164, 141, 26, 25, 139, 155, 27, 147, 152, 163, 148, 39, 149, 28, 40, 36, 41, 37, 44, 51, 42, 46, 58, 52, 53, 45, 54, 47, 55, 69, 48, 56, 57, 66, 67, 68, 72, 85, 49, 83, 84, 86, 79, 87, 91, 90, 93, 94, 103, 104, 88, 92, 80, 89, 95, 105, 96, 97, 112, 106, 113, 121, 100, 107]项目工期为：251.0；项目成本为：88533.2
染色体结构为:
[3, 59, 111, 114, 102, 29, 99, 115, 38, 109, 2, 108, 30, 120, 31, 110, 32, 81, 98, 70, 34, 101, 50, 118, 116, 35, 60, 119, 21, 71, 1, 73, 82, 65, 43, 122, 142, 61, 153, 4, 123, 124, 156, 150, 5, 143, 125, 117, 154, 144, 145, 126, 127, 6, 10, 128, 157, 11, 151, 77, 74, 8, 9, 129, 158, 12, 75, 62, 159, 13, 76, 160, 130, 131, 14, 161, 63, 146, 7, 64, 22, 78, 23, 24, 15, 132, 16, 33, 17, 133, 19, 136, 134, 140, 137, 135, 20, 18, 26, 162, 138, 165, 164, 141, 25, 139, 152, 147, 155, 148, 163, 149, 27, 39, 28, 41, 42, 36, 37, 51, 58, 40, 47, 48, 49, 44, 46, 52, 53, 54, 45, 57, 55, 66, 69, 67, 72, 56, 85, 68, 83, 86, 84, 87, 79, 80, 90, 93, 91, 94, 88, 104, 89, 105, 92, 95, 103, 96, 97, 106, 112, 107, 113, 121, 100]项目工期为：300.0；项目成本为：78403.89999999997
染色体结构为:
[114, 98, 115, 38, 108, 110, 81, 102, 70, 34, 50, 2, 111, 101, 3, 118, 35, 109, 116, 71, 60, 119, 21, 120, 73, 1, 43, 61, 122, 142, 123, 124, 62, 99, 143, 117, 59, 125, 150, 82, 151, 77, 65, 126, 144, 4, 127, 128, 145, 5, 78, 63, 64, 129, 6, 146, 130, 29, 156, 74, 31, 12, 32, 30, 153, 7, 22, 10, 8, 154, 23, 157, 75, 9, 11, 76, 24, 158, 33, 131, 13, 14, 15, 16, 159, 160, 132, 17, 133, 19, 134, 140, 135, 136, 18, 161, 137, 162, 165, 20, 138, 164, 26, 141, 139, 152, 25, 155, 27, 147, 148, 163, 149, 39, 40, 28, 36, 41, 37, 44, 51, 42, 58, 46, 52, 45, 53, 47, 54, 48, 55, 69, 57, 56, 66, 67, 68, 72, 85, 83, 49, 86, 87, 84, 91, 79, 90, 93, 94, 103, 104, 92, 88, 89, 80, 95, 105, 96, 97, 112, 121, 100, 106, 113, 107]项目工期为：275.0；项目成本为：83191.7
染色体结构为:
[114, 38, 108, 98, 81, 110, 2, 102, 115, 70, 34, 50, 101, 3, 111, 60, 118, 109, 116, 35, 71, 120, 119, 21, 43, 61, 73, 122, 1, 142, 124, 123, 62, 59, 99, 29, 30, 31, 65, 32, 82, 156, 153, 150, 4, 117, 125, 143, 5, 126, 144, 154, 127, 128, 145, 6, 10, 11, 157, 151, 77, 74, 12, 8, 129, 78, 63, 64, 146, 7, 130, 22, 23, 9, 24, 158, 75, 33, 76, 159, 160, 13, 161, 131, 162, 25, 132, 164, 133, 14, 15, 16, 134, 17, 19, 136, 140, 18, 137, 135, 26, 165, 138, 139, 141, 20, 155, 147, 148, 149, 163, 152, 27, 39, 28, 40, 41, 36, 37, 51, 58, 44, 45, 47, 42, 46, 52, 53, 54, 48, 49, 55, 57, 56, 69, 66, 67, 72, 68, 83, 79, 85, 80, 86, 84, 87, 91, 88, 93, 90, 94, 89, 95, 96, 104, 105, 103, 92, 97, 106, 112, 121, 113, 107, 100]项目工期为：365.0；项目成本为：69744.30000000002
染色体结构为:
[98, 38, 114, 3, 59, 111, 99, 29, 102, 115, 109, 2, 108, 30, 120, 31, 110, 81, 32, 70, 34, 118, 50, 35, 101, 116, 60, 119, 71, 21, 65, 1, 73, 43, 82, 122, 142, 61, 153, 123, 4, 124, 150, 156, 5, 117, 125, 143, 144, 126, 154, 145, 127, 6, 128, 10, 157, 11, 151, 77, 8, 74, 9, 129, 158, 12, 62, 159, 75, 13, 160, 161, 76, 130, 131, 14, 63, 146, 7, 22, 64, 23, 24, 78, 15, 132, 33, 16, 17, 19, 133, 134, 136, 137, 140, 135, 18, 20, 162, 165, 26, 138, 164, 141, 139, 25, 147, 152, 155, 27, 148, 163, 149, 28, 39, 36, 41, 37, 51, 42, 40, 47, 58, 48, 44, 49, 46, 52, 53, 54, 57, 66, 45, 55, 69, 67, 72, 56, 85, 68, 83, 86, 84, 87, 90, 91, 79, 93, 80, 88, 94, 89, 104, 105, 92, 95, 103, 96, 97, 106, 112, 107, 121, 113, 100]项目工期为：283.0；项目成本为：81703.89999999997
染色体结构为:
[3, 114, 111, 98, 59, 29, 102, 99, 115, 38, 2, 109, 108, 120, 110, 30, 31, 32, 50, 70, 81, 34, 101, 118, 35, 116, 119, 60, 21, 71, 73, 1, 65, 82, 43, 61, 122, 142, 123, 153, 4, 124, 156, 117, 150, 125, 143, 5, 144, 154, 6, 145, 126, 127, 10, 128, 11, 157, 151, 77, 74, 8, 9, 158, 129, 12, 75, 62, 159, 160, 130, 13, 76, 161, 131, 14, 63, 146, 7, 64, 22, 78, 23, 24, 15, 132, 33, 16, 17, 19, 133, 136, 134, 140, 137, 20, 135, 18, 162, 26, 138, 164, 165, 141, 25, 139, 152, 155, 147, 27, 148, 163, 28, 149, 39, 41, 36, 37, 51, 58, 42, 40, 47, 48, 49, 44, 46, 52, 45, 53, 54, 57, 55, 66, 69, 67, 72, 85, 56, 68, 83, 84, 79, 86, 87, 90, 93, 80, 91, 88, 94, 104, 89, 105, 95, 103, 92, 96, 97, 112, 106, 107, 121, 100, 113]项目工期为：269.0；项目成本为：83646.40000000001
染色体结构为:
[114, 98, 115, 38, 108, 81, 110, 102, 70, 34, 2, 50, 111, 3, 101, 118, 60, 35, 109, 116, 71, 21, 119, 120, 73, 43, 1, 61, 122, 142, 123, 124, 99, 59, 117, 62, 143, 125, 150, 82, 151, 77, 65, 126, 144, 4, 127, 128, 145, 5, 63, 64, 78, 6, 146, 129, 29, 130, 12, 156, 74, 30, 31, 32, 153, 7, 22, 10, 23, 154, 75, 157, 8, 11, 9, 158, 24, 76, 33, 13, 14, 131, 15, 16, 159, 160, 132, 17, 19, 133, 134, 140, 135, 136, 18, 137, 161, 162, 165, 138, 20, 164, 26, 141, 139, 25, 155, 152, 147, 27, 148, 163, 39, 40, 28, 149, 36, 37, 41, 44, 51, 58, 46, 42, 52, 45, 47, 53, 54, 55, 48, 56, 69, 57, 66, 67, 68, 72, 85, 83, 49, 84, 86, 87, 79, 91, 90, 93, 94, 104, 92, 103, 88, 80, 89, 95, 105, 96, 97, 112, 113, 106, 121, 107, 100]项目工期为：276.0；项目成本为：82609.10000000002
染色体结构为:
[98, 114, 115, 38, 81, 108, 110, 70, 102, 2, 50, 111, 34, 101, 3, 118, 60, 35, 109, 119, 71, 116, 21, 120, 43, 61, 73, 1, 122, 142, 123, 124, 99, 62, 29, 59, 30, 31, 32, 156, 65, 82, 4, 153, 150, 117, 143, 125, 144, 5, 126, 154, 127, 128, 145, 6, 10, 157, 151, 11, 74, 77, 12, 8, 63, 78, 129, 64, 146, 130, 7, 22, 9, 23, 158, 33, 24, 75, 159, 76, 160, 161, 13, 131, 162, 132, 25, 133, 164, 14, 134, 15, 16, 17, 19, 136, 140, 18, 137, 135, 26, 165, 138, 141, 139, 20, 147, 148, 163, 155, 149, 152, 27, 39, 28, 40, 36, 41, 37, 51, 58, 44, 42, 45, 47, 46, 52, 53, 48, 54, 56, 49, 55, 57, 66, 69, 67, 68, 72, 79, 83, 85, 80, 86, 87, 84, 88, 91, 93, 94, 90, 104, 89, 95, 92, 105, 96, 103, 97, 112, 121, 106, 113, 100, 107]项目工期为：352.0；项目成本为：71162.00000000001
染色体结构为:
[114, 98, 108, 115, 38, 81, 102, 110, 70, 2, 50, 34, 101, 3, 35, 60, 118, 111, 71, 116, 119, 109, 21, 61, 120, 73, 43, 122, 1, 142, 124, 123, 62, 59, 29, 99, 31, 30, 65, 32, 82, 156, 153, 150, 143, 4, 117, 125, 144, 5, 154, 126, 127, 6, 128, 145, 10, 157, 11, 77, 74, 63, 151, 12, 8, 64, 129, 146, 78, 7, 130, 22, 23, 158, 9, 33, 24, 159, 75, 76, 160, 131, 161, 13, 162, 25, 164, 132, 133, 14, 15, 16, 17, 134, 140, 136, 19, 18, 137, 138, 135, 26, 20, 165, 139, 141, 155, 147, 163, 152, 148, 27, 39, 149, 40, 28, 41, 36, 37, 51, 58, 44, 45, 47, 42, 48, 46, 52, 49, 53, 54, 57, 55, 69, 66, 67, 72, 68, 56, 85, 83, 84, 86, 79, 87, 80, 93, 91, 90, 94, 88, 89, 104, 105, 92, 103, 95, 96, 97, 106, 112, 121, 100, 107, 113]项目工期为：319.0；项目成本为：74401.59999999999
染色体结构为:
[114, 98, 108, 115, 38, 81, 102, 110, 70, 2, 34, 50, 101, 3, 35, 118, 60, 71, 111, 116, 109, 119, 21, 120, 61, 73, 43, 1, 122, 142, 123, 124, 62, 59, 99, 29, 30, 31, 65, 32, 82, 156, 153, 4, 150, 117, 143, 125, 144, 5, 154, 126, 127, 128, 6, 145, 10, 11, 157, 77, 74, 151, 63, 12, 8, 129, 146, 64, 78, 7, 130, 22, 23, 158, 9, 33, 24, 159, 75, 76, 131, 160, 161, 13, 162, 25, 164, 132, 133, 14, 15, 16, 17, 134, 140, 19, 136, 18, 137, 138, 26, 135, 20, 165, 141, 139, 155, 147, 163, 152, 148, 27, 39, 149, 40, 28, 36, 41, 37, 51, 58, 44, 45, 47, 42, 48, 46, 52, 49, 53, 54, 57, 55, 66, 69, 67, 72, 68, 56, 85, 83, 84, 86, 87, 79, 93, 80, 91, 94, 90, 88, 89, 104, 105, 103, 92, 95, 96, 97, 106, 112, 121, 113, 107, 100]项目工期为：329.0；项目成本为：73684.89999999998
染色体结构为:
[38, 114, 110, 98, 108, 81, 2, 115, 102, 50, 70, 34, 3, 111, 101, 118, 43, 60, 116, 21, 35, 61, 109, 99, 29, 30, 120, 119, 1, 71, 122, 73, 142, 59, 31, 123, 65, 62, 32, 153, 124, 82, 4, 156, 117, 150, 125, 143, 144, 5, 154, 126, 6, 127, 10, 157, 128, 11, 145, 151, 77, 74, 8, 12, 63, 78, 129, 146, 64, 130, 7, 22, 23, 9, 158, 33, 24, 75, 159, 76, 13, 131, 160, 161, 25, 162, 132, 133, 164, 14, 15, 16, 17, 19, 134, 136, 140, 137, 18, 135, 138, 26, 20, 165, 141, 139, 147, 155, 148, 152, 27, 149, 163, 39, 40, 28, 36, 37, 41, 51, 58, 44, 45, 46, 42, 47, 52, 53, 54, 48, 56, 49, 55, 57, 66, 67, 68, 69, 83, 72, 79, 85, 86, 87, 80, 84, 91, 88, 93, 94, 90, 89, 95, 92, 104, 105, 103, 96, 97, 112, 106, 113, 121, 107, 100]项目工期为：514.0；项目成本为：63514.099999999984
染色体结构为:
[114, 98, 38, 115, 108, 110, 81, 102, 70, 34, 2, 50, 101, 111, 3, 118, 60, 35, 109, 116, 21, 119, 120, 71, 61, 73, 43, 122, 1, 124, 142, 123, 29, 62, 59, 31, 99, 65, 30, 32, 82, 4, 153, 156, 143, 150, 117, 144, 125, 126, 154, 127, 5, 128, 6, 157, 145, 10, 77, 11, 151, 74, 12, 63, 8, 64, 129, 78, 146, 130, 7, 22, 23, 9, 33, 158, 75, 24, 76, 159, 13, 160, 161, 131, 25, 162, 132, 133, 14, 164, 15, 16, 17, 19, 134, 140, 136, 137, 18, 135, 26, 138, 165, 141, 155, 20, 139, 147, 163, 148, 152, 149, 27, 39, 40, 28, 36, 41, 37, 51, 44, 58, 45, 46, 47, 52, 42, 53, 48, 54, 56, 49, 57, 55, 66, 67, 69, 68, 72, 83, 79, 85, 86, 87, 80, 91, 93, 84, 88, 94, 90, 104, 89, 105, 92, 95, 103, 96, 97, 112, 106, 121, 107, 113, 100]项目工期为：377.0；项目成本为：69011.3
染色体结构为:
[38, 114, 115, 98, 108, 110, 81, 70, 2, 102, 50, 101, 34, 3, 35, 118, 60, 111, 43, 21, 116, 109, 61, 99, 29, 120, 30, 122, 71, 1, 119, 73, 123, 59, 31, 142, 32, 65, 153, 62, 124, 156, 82, 4, 143, 150, 117, 125, 5, 144, 154, 126, 127, 6, 128, 10, 11, 145, 157, 151, 77, 74, 12, 8, 63, 129, 78, 64, 146, 7, 130, 22, 23, 158, 9, 33, 24, 159, 75, 13, 131, 160, 76, 161, 25, 162, 132, 133, 164, 14, 134, 15, 16, 17, 136, 140, 19, 137, 135, 18, 26, 138, 20, 165, 141, 139, 155, 147, 163, 148, 152, 27, 149, 39, 40, 28, 36, 37, 41, 51, 58, 44, 42, 45, 46, 52, 53, 47, 48, 54, 56, 55, 49, 57, 66, 69, 67, 68, 72, 83, 79, 85, 86, 84, 80, 87, 88, 93, 90, 91, 94, 104, 92, 89, 105, 95, 103, 96, 97, 106, 112, 107, 121, 113, 100]项目工期为：481.0；项目成本为：64128.09999999999
染色体结构为:
[98, 38, 114, 3, 59, 99, 111, 102, 29, 115, 109, 2, 108, 30, 120, 31, 81, 110, 32, 70, 34, 118, 50, 35, 116, 101, 119, 60, 71, 21, 65, 1, 73, 82, 43, 122, 61, 142, 153, 123, 4, 124, 150, 156, 117, 5, 125, 143, 126, 144, 154, 145, 127, 6, 128, 10, 157, 11, 151, 77, 8, 9, 74, 129, 158, 12, 62, 159, 75, 13, 160, 161, 76, 130, 131, 14, 63, 146, 7, 22, 64, 23, 24, 78, 132, 15, 33, 16, 17, 19, 133, 134, 136, 137, 140, 18, 135, 20, 162, 165, 138, 26, 164, 139, 141, 25, 147, 152, 155, 27, 148, 163, 149, 28, 39, 36, 41, 37, 42, 51, 40, 47, 58, 48, 44, 49, 46, 52, 53, 54, 57, 66, 55, 45, 69, 67, 72, 56, 85, 68, 86, 83, 84, 87, 90, 91, 79, 93, 80, 88, 94, 89, 104, 105, 92, 95, 103, 96, 97, 106, 112, 107, 121, 113, 100]项目工期为：282.0；项目成本为：81772.09999999998
染色体结构为:
[114, 98, 108, 38, 115, 81, 102, 3, 59, 111, 29, 109, 99, 2, 31, 30, 110, 120, 32, 34, 50, 70, 101, 118, 35, 60, 119, 116, 21, 71, 73, 43, 82, 65, 1, 122, 142, 61, 153, 123, 124, 4, 117, 150, 156, 143, 125, 5, 144, 154, 145, 126, 127, 6, 10, 128, 157, 11, 151, 74, 77, 8, 9, 158, 129, 12, 75, 62, 159, 160, 13, 130, 131, 76, 161, 14, 63, 146, 64, 7, 78, 22, 23, 24, 132, 33, 15, 16, 17, 133, 19, 136, 134, 137, 140, 135, 20, 18, 26, 162, 138, 165, 164, 141, 25, 139, 147, 152, 155, 148, 163, 27, 149, 28, 39, 41, 36, 42, 37, 51, 40, 58, 47, 48, 49, 44, 46, 52, 53, 54, 45, 57, 66, 55, 69, 67, 72, 85, 56, 68, 83, 86, 84, 87, 79, 80, 93, 90, 91, 94, 104, 88, 89, 105, 92, 95, 103, 96, 97, 112, 106, 107, 113, 121, 100]项目工期为：301.0；项目成本为：78302.39999999995
染色体结构为:
[3, 59, 111, 114, 29, 102, 99, 38, 115, 109, 2, 108, 30, 120, 110, 31, 81, 32, 98, 34, 70, 101, 50, 118, 116, 35, 119, 21, 60, 71, 1, 73, 82, 65, 43, 122, 61, 142, 4, 153, 123, 124, 156, 150, 143, 117, 5, 125, 154, 144, 126, 127, 145, 6, 10, 157, 128, 11, 151, 77, 74, 8, 9, 129, 158, 12, 62, 75, 13, 159, 160, 130, 131, 76, 161, 14, 63, 146, 7, 64, 22, 23, 78, 132, 24, 33, 15, 16, 17, 19, 133, 134, 136, 137, 140, 135, 20, 18, 26, 138, 162, 164, 165, 141, 25, 139, 147, 155, 152, 163, 148, 27, 149, 39, 28, 41, 36, 42, 37, 51, 58, 40, 47, 48, 49, 44, 46, 52, 53, 54, 45, 57, 66, 55, 69, 67, 72, 56, 85, 68, 83, 86, 84, 87, 79, 80, 90, 93, 91, 94, 88, 104, 89, 105, 95, 103, 92, 96, 97, 112, 106, 107, 113, 121, 100]项目工期为：302.0；项目成本为：77414.39999999997
染色体结构为:
[98, 114, 115, 81, 108, 38, 110, 70, 102, 2, 50, 111, 34, 101, 3, 118, 60, 35, 109, 119, 71, 116, 21, 120, 61, 43, 73, 1, 122, 142, 123, 124, 62, 99, 29, 59, 30, 31, 32, 156, 65, 82, 4, 153, 150, 117, 143, 125, 144, 5, 126, 154, 127, 128, 145, 6, 10, 157, 151, 11, 74, 77, 8, 63, 12, 78, 129, 64, 146, 130, 7, 22, 9, 23, 158, 33, 24, 159, 75, 76, 160, 161, 131, 13, 162, 132, 25, 133, 164, 14, 134, 15, 16, 17, 136, 19, 140, 18, 137, 135, 26, 165, 138, 141, 20, 139, 147, 148, 163, 155, 149, 152, 27, 39, 28, 40, 36, 41, 37, 51, 58, 44, 42, 45, 47, 46, 52, 53, 54, 48, 49, 56, 55, 57, 66, 69, 67, 68, 72, 79, 83, 85, 80, 86, 87, 84, 88, 93, 91, 90, 94, 104, 89, 95, 105, 96, 92, 103, 97, 112, 121, 106, 113, 100, 107]项目工期为：339.0；项目成本为：72170.90000000002
染色体结构为:
[38, 114, 98, 115, 108, 110, 81, 70, 2, 102, 50, 34, 101, 35, 3, 118, 60, 111, 43, 21, 109, 116, 99, 61, 29, 120, 30, 122, 71, 119, 1, 73, 123, 59, 31, 142, 32, 65, 153, 62, 124, 82, 156, 150, 143, 4, 117, 125, 5, 144, 154, 126, 127, 6, 128, 10, 157, 11, 145, 151, 77, 74, 12, 8, 63, 129, 64, 78, 146, 7, 130, 22, 23, 9, 33, 158, 24, 159, 75, 13, 131, 76, 160, 25, 161, 162, 132, 164, 133, 14, 15, 134, 16, 17, 140, 136, 19, 137, 135, 18, 26, 20, 165, 138, 139, 141, 147, 155, 148, 163, 152, 27, 39, 149, 40, 28, 36, 37, 41, 51, 58, 47, 44, 45, 46, 42, 52, 53, 48, 54, 56, 55, 49, 57, 69, 66, 67, 68, 72, 79, 83, 85, 86, 84, 80, 87, 93, 90, 88, 91, 94, 104, 89, 92, 105, 103, 95, 96, 97, 106, 107, 112, 121, 100, 113]项目工期为：399.0；项目成本为：66516.89999999998
染色体结构为:
[38, 114, 115, 108, 98, 110, 81, 70, 2, 102, 50, 101, 34, 3, 35, 118, 111, 43, 60, 116, 21, 61, 109, 99, 29, 120, 30, 71, 122, 1, 119, 123, 73, 59, 31, 142, 65, 32, 153, 62, 124, 156, 82, 4, 143, 150, 117, 125, 5, 144, 154, 126, 6, 127, 128, 10, 11, 145, 151, 157, 77, 74, 8, 12, 63, 129, 78, 64, 7, 146, 130, 22, 23, 158, 9, 24, 13, 33, 159, 131, 75, 160, 161, 25, 76, 162, 132, 133, 164, 14, 134, 15, 16, 17, 136, 140, 19, 137, 135, 18, 26, 20, 138, 141, 155, 165, 139, 147, 148, 152, 27, 163, 149, 39, 28, 40, 36, 41, 37, 51, 58, 44, 45, 42, 46, 52, 53, 47, 48, 54, 56, 55, 49, 57, 66, 69, 67, 68, 72, 83, 79, 85, 84, 86, 80, 87, 90, 93, 88, 91, 94, 104, 89, 92, 105, 103, 95, 96, 97, 106, 107, 112, 121, 100, 113]项目工期为：381.0；项目成本为：68772.2
染色体结构为:
[38, 114, 110, 98, 108, 81, 2, 115, 102, 50, 34, 70, 111, 3, 101, 118, 43, 60, 21, 35, 61, 116, 99, 109, 29, 30, 120, 119, 1, 71, 122, 73, 142, 59, 31, 123, 65, 62, 32, 153, 82, 124, 4, 156, 117, 125, 150, 143, 144, 5, 154, 6, 126, 127, 157, 10, 128, 11, 145, 151, 77, 74, 8, 12, 63, 78, 129, 146, 64, 130, 7, 22, 23, 158, 9, 24, 33, 75, 159, 13, 76, 131, 160, 161, 25, 162, 132, 133, 164, 14, 15, 16, 17, 19, 134, 136, 137, 140, 18, 135, 138, 26, 20, 165, 141, 139, 147, 148, 155, 152, 149, 27, 163, 39, 40, 28, 36, 37, 41, 51, 58, 44, 45, 46, 42, 47, 52, 53, 54, 48, 56, 49, 55, 57, 66, 67, 68, 69, 83, 72, 79, 85, 86, 87, 80, 84, 91, 88, 93, 94, 90, 95, 89, 92, 104, 105, 103, 96, 97, 112, 106, 113, 121, 107, 100]项目工期为：521.0；项目成本为：63162.19999999998
染色体结构为:
[3, 59, 111, 114, 29, 102, 99, 38, 115, 109, 2, 108, 30, 110, 120, 31, 81, 32, 98, 34, 70, 50, 101, 118, 116, 35, 119, 21, 60, 1, 71, 82, 73, 65, 43, 122, 61, 142, 4, 153, 123, 124, 156, 150, 143, 117, 5, 154, 144, 125, 126, 127, 6, 145, 10, 157, 128, 11, 151, 77, 74, 8, 9, 129, 158, 12, 62, 75, 13, 159, 160, 130, 131, 76, 161, 14, 63, 146, 7, 22, 64, 78, 23, 132, 24, 33, 15, 16, 17, 19, 133, 134, 136, 137, 140, 135, 20, 18, 26, 162, 138, 164, 165, 141, 25, 139, 147, 155, 152, 163, 148, 27, 149, 39, 28, 41, 36, 42, 37, 51, 58, 40, 47, 48, 49, 44, 46, 52, 53, 54, 45, 57, 66, 55, 69, 67, 72, 56, 85, 68, 83, 86, 84, 87, 79, 80, 90, 93, 91, 94, 88, 104, 89, 105, 95, 103, 92, 96, 97, 112, 106, 107, 113, 121, 100]项目工期为：303.0；项目成本为：77369.79999999999
染色体结构为:
[114, 38, 108, 98, 81, 110, 2, 115, 102, 70, 50, 34, 101, 3, 111, 60, 118, 35, 116, 109, 71, 119, 120, 43, 61, 21, 73, 122, 1, 142, 124, 123, 62, 99, 59, 29, 30, 31, 32, 65, 82, 156, 153, 4, 150, 125, 5, 117, 143, 144, 126, 154, 127, 145, 128, 6, 10, 157, 11, 151, 74, 77, 12, 8, 129, 63, 78, 64, 146, 130, 7, 22, 23, 9, 24, 158, 33, 75, 76, 159, 160, 13, 131, 161, 162, 25, 164, 132, 14, 133, 15, 16, 134, 17, 19, 136, 140, 137, 18, 26, 135, 165, 138, 141, 139, 20, 155, 147, 148, 149, 163, 152, 27, 39, 28, 40, 41, 36, 37, 51, 58, 44, 47, 45, 42, 46, 52, 53, 48, 49, 54, 55, 57, 56, 69, 66, 67, 68, 72, 83, 85, 79, 80, 84, 86, 87, 91, 93, 88, 90, 94, 89, 95, 104, 96, 103, 105, 92, 97, 106, 112, 113, 121, 100, 107]项目工期为：362.0；项目成本为：70238.40000000001
染色体结构为:
[114, 98, 108, 115, 38, 81, 102, 110, 70, 2, 34, 50, 101, 3, 35, 118, 60, 71, 111, 116, 109, 119, 21, 120, 61, 73, 43, 1, 122, 123, 142, 62, 124, 59, 29, 99, 30, 31, 65, 32, 82, 156, 153, 4, 150, 117, 143, 125, 144, 5, 126, 154, 127, 128, 6, 145, 10, 11, 157, 77, 74, 151, 12, 63, 8, 129, 64, 146, 78, 7, 130, 22, 23, 158, 9, 24, 33, 159, 75, 131, 76, 160, 161, 13, 162, 25, 164, 132, 133, 14, 15, 16, 17, 134, 140, 19, 18, 136, 137, 26, 138, 135, 20, 165, 141, 139, 155, 147, 163, 152, 148, 27, 39, 149, 40, 28, 41, 36, 37, 51, 58, 44, 45, 47, 42, 48, 46, 52, 49, 53, 54, 57, 55, 66, 69, 67, 72, 68, 56, 85, 83, 84, 86, 87, 79, 93, 80, 91, 94, 88, 90, 89, 104, 105, 92, 103, 95, 96, 97, 106, 112, 121, 113, 107, 100]项目工期为：312.0；项目成本为：76264.69999999995
染色体结构为:
[114, 98, 38, 108, 110, 115, 81, 70, 34, 102, 2, 101, 111, 50, 3, 118, 35, 60, 116, 109, 119, 71, 21, 120, 73, 1, 61, 43, 122, 142, 124, 123, 62, 143, 99, 59, 125, 117, 150, 65, 151, 77, 82, 126, 4, 127, 144, 128, 145, 5, 63, 64, 78, 129, 130, 146, 6, 156, 29, 12, 74, 31, 30, 153, 32, 7, 154, 22, 10, 75, 23, 8, 157, 11, 9, 76, 24, 158, 33, 13, 14, 15, 131, 159, 16, 160, 17, 132, 19, 133, 136, 140, 134, 135, 161, 18, 137, 162, 138, 165, 164, 20, 26, 25, 139, 152, 141, 155, 27, 147, 163, 148, 149, 39, 40, 28, 36, 41, 37, 51, 44, 58, 42, 46, 45, 52, 53, 47, 54, 55, 48, 57, 69, 56, 66, 67, 68, 72, 83, 85, 49, 84, 86, 87, 91, 79, 93, 90, 94, 104, 92, 88, 80, 103, 105, 95, 89, 96, 97, 112, 121, 106, 113, 100, 107]项目工期为：255.0；项目成本为：86052.90000000002
染色体结构为:
[114, 38, 108, 98, 81, 110, 2, 115, 102, 70, 50, 34, 101, 3, 111, 60, 118, 35, 116, 71, 109, 119, 43, 120, 61, 21, 73, 122, 1, 142, 124, 62, 123, 99, 59, 29, 30, 31, 32, 65, 82, 156, 153, 150, 4, 125, 117, 5, 143, 144, 126, 154, 127, 128, 145, 6, 10, 157, 151, 11, 74, 77, 12, 8, 129, 78, 63, 146, 64, 130, 7, 22, 23, 9, 24, 158, 33, 75, 76, 159, 160, 13, 161, 131, 162, 25, 132, 164, 14, 133, 15, 16, 17, 134, 19, 136, 140, 137, 18, 135, 26, 165, 141, 138, 139, 20, 155, 147, 148, 149, 163, 152, 27, 39, 28, 41, 40, 36, 37, 51, 58, 44, 47, 46, 45, 42, 52, 53, 48, 54, 49, 55, 57, 56, 69, 66, 67, 68, 72, 79, 83, 85, 80, 84, 86, 87, 88, 91, 93, 94, 90, 89, 104, 95, 96, 103, 105, 92, 97, 106, 112, 121, 113, 107, 100]项目工期为：353.0；项目成本为：71097.0
染色体结构为:
[114, 38, 98, 115, 108, 81, 102, 110, 70, 2, 101, 50, 34, 3, 35, 111, 118, 109, 60, 116, 71, 119, 21, 61, 120, 43, 1, 73, 122, 142, 123, 124, 62, 99, 59, 29, 30, 31, 65, 32, 82, 153, 156, 4, 150, 125, 117, 143, 144, 5, 154, 126, 127, 128, 6, 145, 10, 157, 77, 11, 74, 151, 12, 8, 129, 63, 78, 64, 7, 146, 130, 22, 23, 158, 9, 24, 33, 159, 75, 160, 131, 76, 161, 13, 25, 162, 132, 164, 14, 133, 134, 15, 16, 17, 19, 136, 140, 137, 18, 135, 138, 26, 165, 20, 141, 139, 147, 155, 148, 163, 149, 152, 27, 39, 28, 40, 41, 36, 37, 51, 58, 44, 42, 46, 45, 47, 52, 53, 54, 48, 49, 56, 55, 57, 66, 69, 67, 72, 68, 79, 83, 85, 86, 80, 84, 87, 88, 91, 93, 90, 94, 104, 89, 92, 95, 105, 96, 103, 97, 112, 106, 121, 107, 113, 100]项目工期为：356.0；项目成本为：70612.3
染色体结构为:
[114, 98, 108, 38, 3, 111, 59, 102, 99, 29, 115, 109, 81, 110, 2, 70, 50, 34, 101, 60, 35, 118, 116, 71, 120, 21, 119, 43, 61, 73, 122, 1, 142, 124, 62, 123, 31, 32, 30, 65, 82, 156, 153, 150, 4, 117, 125, 143, 5, 144, 126, 154, 127, 128, 145, 6, 10, 157, 151, 11, 74, 12, 77, 8, 129, 78, 63, 64, 146, 130, 7, 22, 9, 23, 24, 158, 33, 75, 76, 159, 13, 160, 161, 131, 162, 25, 132, 164, 14, 133, 15, 16, 17, 134, 19, 140, 136, 18, 137, 135, 26, 165, 138, 141, 139, 20, 155, 147, 148, 149, 163, 152, 27, 39, 28, 40, 41, 36, 37, 51, 58, 44, 45, 47, 46, 42, 52, 53, 48, 49, 54, 55, 57, 56, 69, 66, 67, 72, 68, 83, 85, 79, 80, 84, 86, 87, 88, 91, 93, 90, 94, 89, 104, 95, 96, 105, 103, 92, 97, 112, 106, 113, 121, 107, 100]项目工期为：363.0；项目成本为：70005.6
染色体结构为:
[114, 38, 115, 98, 108, 110, 81, 70, 2, 102, 50, 101, 34, 3, 35, 118, 60, 111, 43, 21, 116, 109, 61, 99, 29, 30, 120, 122, 71, 1, 119, 123, 73, 31, 59, 142, 32, 65, 153, 62, 124, 156, 82, 4, 143, 150, 117, 125, 5, 154, 144, 126, 6, 127, 128, 10, 11, 145, 157, 77, 151, 74, 12, 8, 63, 129, 78, 64, 146, 7, 22, 23, 130, 158, 9, 33, 24, 159, 13, 75, 131, 160, 161, 25, 76, 162, 132, 133, 164, 14, 134, 15, 16, 17, 136, 140, 19, 137, 135, 18, 26, 138, 20, 141, 139, 155, 165, 147, 148, 163, 27, 152, 149, 39, 28, 40, 36, 37, 41, 51, 58, 44, 45, 42, 46, 52, 53, 47, 48, 54, 56, 55, 57, 49, 66, 69, 67, 68, 72, 79, 83, 85, 86, 84, 80, 87, 93, 90, 88, 91, 94, 104, 89, 92, 105, 103, 95, 96, 97, 106, 112, 107, 121, 100, 113]项目工期为：383.0；项目成本为：68281.09999999999
染色体结构为:
[98, 38, 114, 3, 59, 111, 99, 29, 102, 115, 109, 2, 108, 30, 120, 31, 110, 81, 70, 32, 34, 118, 50, 35, 101, 116, 60, 119, 21, 71, 65, 1, 73, 43, 82, 122, 61, 142, 153, 123, 4, 124, 150, 5, 117, 156, 143, 125, 144, 126, 154, 127, 145, 6, 128, 10, 157, 11, 151, 77, 8, 74, 9, 129, 158, 12, 62, 159, 75, 13, 160, 76, 161, 130, 131, 14, 63, 146, 7, 22, 64, 23, 24, 78, 132, 15, 33, 16, 17, 19, 133, 134, 136, 137, 140, 135, 18, 20, 162, 26, 165, 138, 164, 141, 25, 139, 147, 152, 155, 27, 148, 163, 28, 149, 39, 36, 41, 37, 51, 42, 40, 47, 58, 48, 44, 49, 46, 52, 53, 54, 57, 66, 45, 55, 69, 67, 72, 56, 85, 68, 83, 86, 84, 87, 90, 91, 79, 93, 88, 80, 94, 104, 89, 105, 92, 95, 103, 96, 97, 112, 106, 107, 121, 113, 100]项目工期为：284.0；项目成本为：81383.29999999997
染色体结构为:
[3, 111, 102, 59, 99, 29, 114, 115, 38, 108, 109, 2, 30, 31, 120, 118, 116, 81, 82, 119, 98, 101, 43, 122, 34, 110, 21, 156, 60, 50, 65, 1, 61, 35, 62, 32, 117, 142, 63, 150, 124, 125, 4, 64, 126, 151, 127, 5, 6, 33, 123, 12, 70, 157, 10, 128, 129, 7, 8, 130, 22, 71, 77, 9, 13, 78, 131, 14, 73, 143, 15, 132, 11, 16, 17, 133, 136, 144, 18, 74, 19, 75, 153, 23, 154, 24, 158, 159, 160, 76, 25, 145, 161, 162, 165, 164, 26, 27, 39, 28, 40, 146, 36, 47, 20, 42, 48, 37, 44, 41, 46, 49, 51, 45, 58, 134, 140, 52, 141, 53, 54, 57, 56, 55, 155, 135, 69, 66, 67, 72, 68, 79, 85, 137, 152, 138, 86, 83, 139, 147, 163, 148, 87, 84, 149, 88, 80, 92, 91, 93, 90, 94, 104, 103, 95, 105, 89, 96, 97, 112, 106, 107, 113, 121, 100]项目工期为：235.0；项目成本为：93538.79999999993
染色体结构为:
[114, 108, 98, 38, 115, 81, 110, 102, 70, 2, 34, 101, 50, 118, 111, 3, 35, 109, 60, 116, 71, 21, 119, 43, 61, 29, 99, 120, 122, 1, 30, 73, 123, 59, 31, 142, 32, 65, 62, 153, 124, 156, 4, 143, 82, 150, 117, 125, 144, 5, 126, 127, 154, 6, 128, 10, 11, 145, 157, 77, 151, 12, 8, 74, 129, 63, 78, 64, 146, 7, 22, 130, 158, 23, 9, 33, 24, 159, 75, 160, 131, 76, 13, 161, 25, 132, 162, 164, 133, 14, 134, 15, 16, 17, 19, 136, 140, 137, 18, 135, 26, 138, 165, 20, 141, 139, 147, 155, 148, 152, 149, 27, 163, 39, 40, 28, 36, 37, 41, 51, 58, 44, 46, 45, 42, 47, 52, 53, 54, 48, 56, 49, 55, 57, 66, 67, 68, 69, 83, 72, 79, 85, 86, 84, 87, 80, 88, 91, 93, 94, 90, 95, 89, 92, 104, 105, 103, 96, 97, 112, 113, 106, 121, 107, 100]项目工期为：496.0；项目成本为：64088.899999999994
染色体结构为:
[38, 114, 115, 98, 108, 81, 110, 70, 2, 102, 50, 101, 3, 34, 35, 118, 60, 111, 43, 21, 116, 109, 61, 29, 99, 120, 30, 71, 122, 1, 119, 123, 73, 59, 31, 142, 32, 65, 153, 62, 124, 156, 82, 4, 143, 150, 117, 125, 5, 144, 154, 126, 127, 6, 128, 10, 11, 145, 157, 151, 77, 74, 12, 8, 63, 129, 78, 64, 146, 7, 130, 22, 23, 158, 9, 33, 24, 159, 75, 13, 131, 76, 160, 161, 25, 162, 132, 133, 164, 14, 134, 15, 16, 17, 136, 140, 19, 137, 135, 18, 138, 26, 165, 20, 141, 139, 155, 147, 163, 148, 152, 27, 39, 149, 40, 28, 36, 37, 41, 51, 58, 44, 42, 45, 46, 52, 53, 47, 48, 54, 56, 55, 49, 57, 66, 69, 67, 68, 72, 83, 79, 85, 84, 86, 80, 87, 88, 93, 90, 91, 94, 104, 92, 89, 105, 95, 103, 96, 97, 106, 112, 107, 121, 113, 100]项目工期为：447.0；项目成本为：64642.39999999999
染色体结构为:
[114, 98, 115, 38, 108, 81, 110, 102, 70, 34, 50, 111, 2, 101, 3, 35, 118, 109, 116, 119, 60, 71, 120, 21, 73, 43, 1, 61, 122, 142, 123, 62, 124, 59, 99, 143, 150, 117, 125, 82, 151, 65, 77, 126, 4, 127, 144, 128, 145, 78, 5, 63, 64, 6, 129, 146, 29, 130, 74, 156, 30, 12, 31, 32, 7, 22, 153, 10, 154, 23, 8, 157, 75, 76, 9, 11, 24, 158, 33, 13, 131, 14, 15, 16, 159, 160, 132, 17, 133, 19, 134, 140, 135, 136, 18, 161, 162, 137, 165, 138, 20, 164, 141, 26, 25, 139, 155, 27, 147, 152, 163, 148, 39, 149, 28, 40, 36, 41, 37, 44, 51, 42, 46, 58, 52, 53, 45, 54, 47, 55, 69, 48, 56, 57, 66, 67, 68, 72, 85, 49, 83, 84, 79, 86, 87, 91, 90, 93, 94, 103, 104, 88, 92, 80, 89, 95, 105, 96, 97, 112, 106, 113, 121, 100, 107]项目工期为：250.0；项目成本为：89092.90000000001
染色体结构为:
[114, 38, 98, 81, 110, 108, 2, 102, 115, 70, 50, 101, 34, 35, 60, 118, 3, 43, 116, 111, 99, 21, 109, 61, 29, 122, 120, 30, 119, 71, 1, 59, 73, 123, 31, 142, 32, 65, 62, 153, 124, 82, 156, 150, 4, 117, 125, 143, 154, 5, 144, 126, 127, 145, 128, 6, 10, 151, 11, 157, 74, 77, 12, 8, 63, 129, 146, 78, 64, 7, 130, 22, 23, 9, 24, 158, 33, 75, 159, 76, 13, 131, 160, 161, 162, 132, 164, 25, 133, 14, 15, 16, 17, 19, 134, 140, 136, 18, 137, 26, 165, 135, 138, 20, 141, 139, 147, 155, 148, 163, 152, 27, 149, 39, 40, 28, 36, 37, 41, 44, 51, 58, 45, 42, 46, 47, 52, 53, 54, 48, 56, 49, 55, 57, 66, 67, 69, 68, 72, 83, 85, 79, 86, 80, 84, 87, 88, 91, 93, 90, 94, 104, 89, 92, 105, 95, 103, 96, 97, 106, 112, 107, 113, 121, 100]项目工期为：426.0；项目成本为：65598.3
染色体结构为:
[98, 38, 114, 115, 108, 102, 81, 110, 2, 70, 101, 50, 34, 3, 35, 111, 118, 109, 60, 116, 71, 119, 21, 61, 120, 43, 1, 73, 122, 142, 124, 123, 62, 99, 59, 29, 30, 31, 65, 32, 82, 153, 156, 4, 150, 125, 117, 143, 144, 5, 154, 126, 127, 128, 145, 6, 10, 157, 77, 11, 74, 151, 12, 8, 129, 63, 78, 64, 7, 130, 146, 22, 23, 158, 9, 24, 33, 159, 75, 160, 131, 76, 161, 25, 13, 162, 164, 132, 14, 133, 134, 15, 16, 17, 136, 19, 140, 137, 18, 135, 138, 26, 165, 141, 20, 139, 147, 155, 148, 163, 149, 152, 27, 39, 28, 40, 41, 36, 37, 51, 58, 44, 42, 46, 45, 47, 52, 53, 54, 48, 49, 56, 55, 57, 66, 69, 67, 72, 68, 79, 83, 85, 86, 84, 80, 87, 88, 91, 93, 90, 94, 104, 89, 92, 95, 105, 96, 103, 97, 106, 112, 121, 107, 113, 100]项目工期为：357.0；项目成本为：70497.2
染色体结构为:
[38, 114, 98, 108, 81, 70, 115, 110, 2, 102, 50, 34, 101, 35, 3, 118, 111, 60, 43, 21, 116, 61, 109, 120, 99, 29, 122, 71, 30, 1, 119, 73, 123, 142, 31, 59, 65, 32, 62, 124, 153, 82, 156, 4, 143, 150, 117, 125, 5, 144, 154, 126, 6, 127, 128, 10, 11, 145, 157, 151, 74, 77, 12, 63, 129, 8, 78, 64, 146, 130, 7, 22, 23, 158, 9, 33, 24, 159, 75, 13, 131, 160, 76, 161, 25, 132, 162, 133, 164, 14, 134, 15, 16, 17, 136, 140, 19, 137, 135, 18, 26, 20, 138, 165, 139, 147, 141, 155, 163, 148, 152, 27, 149, 39, 40, 28, 36, 37, 41, 51, 58, 44, 42, 45, 46, 52, 53, 47, 48, 54, 56, 55, 49, 57, 66, 67, 69, 68, 72, 79, 85, 83, 86, 84, 80, 87, 90, 88, 93, 94, 104, 91, 92, 105, 89, 95, 103, 96, 97, 112, 113, 121, 106, 100, 107]项目工期为：433.0；项目成本为：65448.2
染色体结构为:
[38, 114, 115, 98, 108, 110, 81, 70, 2, 102, 101, 3, 50, 34, 35, 118, 60, 111, 43, 21, 116, 109, 61, 29, 99, 120, 30, 71, 122, 1, 119, 123, 73, 59, 142, 31, 32, 65, 153, 62, 124, 156, 82, 4, 143, 150, 117, 125, 5, 154, 144, 126, 6, 127, 128, 10, 11, 145, 157, 151, 77, 74, 12, 8, 63, 129, 78, 64, 146, 7, 130, 22, 23, 158, 9, 33, 24, 159, 75, 13, 131, 76, 160, 161, 25, 162, 132, 133, 164, 134, 14, 15, 16, 17, 140, 136, 19, 135, 137, 18, 138, 26, 165, 20, 141, 139, 155, 147, 163, 152, 148, 27, 39, 149, 40, 28, 36, 37, 41, 51, 58, 44, 42, 45, 46, 52, 47, 53, 48, 54, 56, 55, 57, 49, 66, 69, 67, 68, 72, 83, 79, 84, 85, 86, 80, 87, 88, 93, 90, 91, 94, 104, 92, 89, 105, 95, 103, 96, 97, 106, 112, 107, 121, 113, 100]项目工期为：448.0；项目成本为：64584.29999999998
染色体结构为:
[38, 98, 114, 115, 108, 81, 110, 70, 2, 50, 102, 101, 34, 35, 3, 118, 60, 111, 43, 21, 109, 116, 61, 99, 120, 29, 30, 122, 119, 71, 73, 1, 123, 59, 31, 32, 142, 65, 153, 62, 124, 156, 82, 4, 150, 117, 143, 125, 5, 154, 144, 126, 6, 127, 128, 10, 157, 145, 11, 151, 74, 77, 8, 63, 78, 12, 146, 129, 64, 130, 7, 22, 23, 9, 24, 75, 33, 158, 13, 159, 76, 160, 131, 25, 161, 162, 164, 132, 133, 14, 15, 16, 134, 17, 19, 136, 137, 140, 18, 26, 138, 135, 141, 165, 20, 139, 147, 148, 155, 152, 149, 163, 27, 28, 39, 40, 36, 41, 37, 44, 45, 51, 58, 42, 46, 52, 53, 47, 54, 48, 56, 49, 57, 55, 66, 67, 69, 68, 72, 83, 79, 85, 86, 87, 80, 91, 88, 84, 93, 94, 89, 90, 104, 105, 92, 95, 103, 96, 97, 112, 106, 121, 107, 100, 113]项目工期为：388.0；项目成本为：67346.69999999998
染色体结构为:
[114, 38, 98, 110, 81, 2, 108, 102, 115, 70, 50, 101, 34, 35, 60, 118, 3, 43, 116, 111, 99, 109, 21, 61, 29, 122, 120, 30, 119, 71, 59, 1, 73, 31, 142, 123, 32, 65, 62, 153, 124, 82, 156, 150, 4, 117, 125, 143, 154, 144, 5, 126, 127, 145, 128, 6, 10, 151, 11, 157, 77, 74, 12, 8, 63, 129, 146, 64, 78, 7, 130, 22, 23, 9, 24, 158, 33, 75, 159, 76, 13, 131, 160, 161, 132, 162, 164, 25, 133, 14, 15, 16, 17, 19, 134, 140, 136, 18, 137, 26, 165, 135, 138, 20, 141, 139, 147, 155, 148, 163, 152, 27, 149, 39, 40, 28, 36, 37, 41, 44, 51, 58, 45, 42, 46, 47, 52, 53, 54, 48, 56, 55, 49, 57, 66, 67, 69, 68, 72, 85, 83, 86, 79, 80, 84, 87, 88, 93, 91, 90, 94, 104, 89, 92, 105, 95, 103, 96, 97, 106, 112, 107, 113, 121, 100]项目工期为：393.0；项目成本为：66822.2
染色体结构为:
[114, 98, 108, 115, 38, 81, 102, 110, 70, 2, 50, 34, 101, 3, 60, 35, 118, 111, 71, 116, 119, 109, 21, 61, 120, 73, 43, 122, 1, 142, 124, 123, 62, 59, 29, 99, 31, 65, 30, 32, 82, 156, 153, 150, 143, 4, 117, 125, 144, 5, 154, 126, 6, 127, 128, 145, 10, 157, 11, 77, 74, 63, 151, 12, 8, 64, 129, 146, 78, 7, 130, 22, 23, 158, 9, 33, 24, 159, 75, 76, 131, 160, 161, 13, 162, 25, 164, 132, 133, 14, 15, 16, 17, 134, 140, 136, 19, 18, 137, 135, 138, 26, 20, 165, 139, 141, 147, 155, 163, 152, 148, 27, 39, 149, 40, 28, 41, 36, 37, 51, 44, 58, 47, 45, 42, 48, 46, 52, 49, 53, 54, 57, 55, 69, 66, 67, 68, 72, 56, 85, 83, 84, 86, 87, 79, 80, 91, 93, 90, 94, 88, 89, 104, 92, 105, 103, 95, 96, 97, 106, 112, 121, 100, 107, 113]项目工期为：317.0；项目成本为：75611.99999999999
染色体结构为:
[114, 38, 98, 108, 81, 110, 2, 115, 102, 70, 34, 50, 101, 3, 111, 60, 118, 35, 116, 71, 109, 119, 43, 120, 61, 21, 73, 122, 1, 142, 124, 123, 62, 99, 59, 29, 31, 30, 32, 65, 156, 153, 82, 150, 4, 117, 5, 143, 125, 144, 126, 127, 154, 128, 145, 6, 10, 157, 151, 11, 74, 77, 12, 8, 78, 129, 63, 64, 130, 146, 7, 22, 23, 9, 24, 158, 33, 75, 159, 76, 160, 13, 161, 162, 131, 132, 164, 25, 133, 14, 15, 16, 134, 17, 19, 136, 140, 137, 18, 135, 26, 165, 138, 141, 139, 20, 155, 147, 148, 163, 149, 152, 27, 39, 28, 40, 41, 36, 37, 51, 58, 44, 47, 45, 46, 42, 52, 48, 53, 54, 55, 49, 57, 56, 69, 66, 67, 68, 83, 72, 85, 79, 80, 84, 86, 87, 88, 91, 93, 90, 94, 89, 104, 95, 96, 92, 103, 105, 97, 112, 106, 121, 113, 100, 107]项目工期为：378.0；项目成本为：68994.40000000002
染色体结构为:
[38, 114, 115, 98, 108, 110, 81, 70, 2, 102, 101, 3, 34, 50, 35, 118, 60, 111, 43, 21, 116, 109, 29, 61, 120, 99, 30, 71, 122, 1, 119, 123, 73, 59, 142, 31, 32, 65, 153, 62, 124, 156, 82, 4, 143, 150, 117, 125, 5, 154, 144, 126, 6, 127, 128, 10, 11, 145, 157, 151, 77, 12, 74, 8, 63, 129, 64, 78, 146, 7, 130, 22, 23, 158, 9, 33, 159, 24, 75, 13, 76, 131, 160, 25, 161, 162, 132, 133, 164, 134, 14, 15, 16, 17, 140, 136, 19, 135, 137, 18, 138, 26, 165, 20, 141, 139, 155, 147, 163, 152, 148, 27, 39, 149, 40, 28, 36, 37, 41, 51, 58, 44, 42, 45, 46, 52, 47, 53, 48, 54, 56, 57, 55, 49, 66, 67, 69, 68, 72, 83, 79, 84, 85, 86, 80, 87, 88, 93, 90, 91, 94, 104, 92, 89, 105, 95, 96, 103, 97, 106, 112, 107, 121, 113, 100]项目工期为：474.0；项目成本为：64143.499999999985
染色体结构为:
[114, 38, 98, 81, 108, 110, 2, 102, 70, 115, 50, 3, 101, 111, 34, 118, 43, 116, 60, 35, 61, 21, 99, 109, 29, 30, 71, 119, 122, 120, 1, 73, 59, 142, 123, 65, 31, 62, 32, 124, 153, 156, 4, 82, 150, 117, 125, 143, 5, 144, 154, 126, 127, 128, 6, 10, 11, 157, 145, 77, 151, 8, 12, 74, 63, 78, 64, 129, 7, 146, 130, 22, 23, 33, 9, 24, 158, 159, 75, 76, 13, 131, 160, 161, 25, 162, 132, 164, 133, 14, 15, 16, 17, 134, 19, 140, 136, 137, 18, 26, 135, 165, 138, 20, 141, 139, 155, 147, 148, 152, 149, 27, 163, 39, 40, 28, 36, 37, 41, 44, 51, 58, 42, 45, 46, 52, 53, 47, 48, 54, 56, 49, 55, 57, 66, 69, 67, 68, 72, 83, 85, 79, 84, 86, 80, 87, 88, 93, 90, 91, 94, 104, 92, 89, 105, 95, 103, 96, 97, 112, 106, 107, 121, 113, 100]项目工期为：371.0；项目成本为：69237.69999999998
染色体结构为:
[114, 38, 98, 81, 108, 110, 2, 102, 70, 101, 34, 115, 50, 35, 60, 3, 118, 43, 111, 21, 116, 99, 109, 61, 29, 122, 30, 120, 119, 71, 1, 59, 73, 142, 123, 65, 31, 32, 124, 62, 153, 82, 156, 150, 117, 125, 4, 143, 144, 154, 126, 5, 145, 127, 128, 151, 6, 10, 157, 11, 74, 77, 12, 8, 63, 129, 146, 78, 64, 7, 130, 22, 23, 9, 24, 158, 75, 159, 33, 76, 131, 13, 160, 161, 25, 162, 132, 133, 164, 14, 134, 15, 16, 136, 17, 140, 19, 137, 135, 18, 26, 138, 20, 165, 141, 139, 147, 155, 163, 148, 152, 27, 149, 39, 40, 28, 36, 41, 37, 51, 58, 42, 44, 45, 46, 52, 53, 47, 54, 48, 56, 55, 49, 57, 66, 69, 67, 68, 72, 83, 85, 79, 86, 84, 80, 87, 88, 91, 93, 90, 94, 92, 104, 105, 89, 103, 95, 96, 97, 106, 112, 121, 113, 107, 100]项目工期为：405.0；项目成本为：66188.69999999997
染色体结构为:
[114, 38, 115, 98, 108, 110, 81, 70, 2, 102, 50, 101, 34, 3, 35, 118, 60, 43, 111, 21, 116, 109, 61, 99, 29, 30, 120, 122, 71, 1, 119, 123, 73, 31, 142, 59, 32, 65, 153, 62, 124, 156, 82, 143, 4, 150, 117, 125, 5, 154, 144, 126, 6, 127, 128, 10, 11, 145, 157, 77, 151, 74, 12, 8, 63, 129, 78, 64, 146, 7, 22, 23, 130, 158, 9, 33, 24, 159, 13, 75, 131, 160, 25, 161, 76, 132, 162, 164, 133, 14, 134, 15, 16, 17, 136, 140, 19, 135, 18, 137, 26, 138, 20, 141, 139, 155, 165, 147, 148, 163, 27, 152, 39, 149, 40, 28, 36, 37, 41, 51, 58, 44, 45, 42, 46, 52, 53, 47, 48, 54, 56, 55, 57, 49, 66, 67, 69, 68, 72, 79, 83, 85, 86, 84, 80, 87, 93, 90, 88, 91, 94, 104, 89, 92, 105, 103, 95, 96, 97, 106, 112, 107, 121, 113, 100]项目工期为：384.0；项目成本为：68263.4
染色体结构为:
[38, 114, 110, 98, 108, 81, 2, 115, 102, 50, 34, 70, 111, 3, 118, 101, 43, 35, 60, 21, 116, 61, 109, 99, 29, 30, 1, 120, 119, 71, 122, 142, 73, 59, 31, 123, 65, 62, 153, 32, 82, 124, 4, 156, 117, 125, 150, 143, 144, 5, 6, 154, 126, 157, 127, 10, 11, 128, 151, 145, 77, 74, 8, 12, 63, 78, 64, 129, 146, 130, 7, 22, 23, 158, 9, 24, 75, 33, 159, 76, 131, 13, 160, 161, 25, 132, 162, 133, 14, 164, 15, 16, 17, 19, 134, 136, 137, 140, 135, 18, 138, 26, 20, 165, 141, 139, 147, 148, 155, 152, 149, 27, 163, 39, 40, 28, 36, 37, 41, 51, 44, 58, 45, 42, 46, 47, 52, 53, 54, 48, 56, 49, 57, 55, 66, 67, 69, 68, 83, 72, 79, 85, 86, 80, 87, 84, 91, 88, 93, 94, 90, 95, 92, 89, 104, 103, 105, 96, 97, 112, 106, 121, 107, 100, 113]项目工期为：499.0；项目成本为：63977.89999999999
染色体结构为:
[114, 98, 108, 38, 81, 115, 102, 110, 70, 2, 50, 34, 101, 3, 35, 118, 60, 111, 116, 71, 109, 119, 21, 120, 73, 43, 61, 1, 122, 142, 123, 124, 62, 59, 99, 29, 30, 31, 65, 32, 82, 156, 153, 150, 4, 143, 117, 125, 144, 154, 5, 126, 127, 128, 6, 145, 157, 10, 11, 77, 74, 151, 12, 8, 63, 129, 64, 146, 7, 78, 22, 130, 158, 9, 23, 24, 33, 159, 75, 160, 76, 161, 131, 13, 162, 25, 132, 133, 164, 14, 15, 16, 17, 134, 140, 19, 136, 18, 137, 138, 26, 135, 20, 165, 141, 139, 155, 147, 163, 148, 152, 27, 39, 149, 40, 28, 36, 37, 41, 51, 44, 45, 58, 47, 42, 48, 46, 52, 49, 53, 54, 57, 66, 55, 67, 69, 72, 56, 68, 85, 83, 86, 84, 87, 79, 80, 90, 93, 91, 88, 94, 104, 89, 105, 92, 103, 95, 96, 97, 112, 106, 121, 100, 107, 113]项目工期为：331.0；项目成本为：72999.59999999999
染色体结构为:
[114, 98, 108, 38, 81, 115, 102, 110, 70, 2, 50, 34, 101, 3, 35, 118, 60, 111, 116, 71, 119, 109, 21, 120, 73, 43, 61, 1, 122, 142, 123, 124, 62, 59, 99, 29, 30, 65, 31, 32, 82, 156, 153, 4, 150, 117, 125, 143, 5, 154, 144, 126, 127, 128, 6, 145, 157, 10, 77, 11, 151, 74, 12, 8, 129, 63, 78, 146, 64, 7, 130, 22, 23, 158, 9, 33, 24, 159, 75, 160, 76, 131, 161, 13, 25, 132, 162, 164, 14, 133, 134, 15, 16, 17, 19, 136, 140, 137, 18, 138, 135, 26, 165, 20, 141, 139, 147, 155, 148, 163, 149, 152, 27, 28, 39, 40, 36, 41, 37, 51, 44, 58, 45, 42, 46, 47, 52, 48, 53, 54, 56, 49, 55, 57, 66, 69, 67, 72, 68, 79, 83, 85, 86, 80, 87, 84, 88, 91, 93, 90, 94, 104, 89, 105, 92, 95, 96, 103, 97, 112, 106, 107, 121, 113, 100]项目工期为：354.0；项目成本为：70934.70000000001
染色体结构为:
[98, 38, 114, 81, 110, 108, 102, 115, 70, 2, 50, 34, 111, 3, 101, 60, 35, 118, 116, 109, 119, 71, 21, 120, 43, 61, 1, 73, 122, 124, 142, 123, 62, 99, 29, 30, 59, 31, 32, 82, 153, 4, 65, 156, 150, 117, 143, 144, 125, 154, 126, 127, 5, 145, 128, 6, 157, 10, 77, 11, 151, 74, 12, 8, 63, 78, 129, 7, 146, 130, 64, 22, 23, 158, 9, 24, 159, 33, 75, 76, 160, 131, 161, 13, 162, 25, 132, 133, 164, 14, 134, 15, 16, 17, 19, 140, 136, 135, 137, 18, 26, 141, 165, 138, 139, 20, 155, 147, 148, 149, 163, 152, 27, 39, 28, 40, 36, 41, 37, 51, 44, 58, 45, 42, 46, 52, 47, 53, 54, 56, 48, 49, 55, 57, 66, 67, 69, 68, 72, 83, 79, 85, 86, 80, 87, 84, 88, 93, 91, 90, 94, 92, 104, 89, 95, 96, 105, 103, 97, 112, 121, 106, 107, 113, 100]项目工期为：338.0；项目成本为：72466.1
染色体结构为:
[111, 3, 59, 102, 114, 99, 29, 115, 38, 108, 109, 2, 30, 31, 120, 81, 118, 82, 119, 116, 101, 98, 43, 122, 110, 34, 156, 21, 60, 50, 1, 65, 35, 61, 62, 142, 117, 32, 63, 150, 4, 124, 125, 64, 151, 126, 5, 127, 6, 123, 33, 70, 12, 157, 10, 128, 129, 7, 8, 22, 130, 71, 9, 77, 13, 131, 14, 78, 73, 143, 15, 132, 11, 16, 17, 133, 136, 18, 144, 74, 19, 75, 153, 23, 154, 24, 158, 159, 160, 76, 25, 161, 145, 162, 165, 164, 26, 27, 39, 146, 28, 40, 47, 20, 36, 42, 48, 37, 41, 44, 46, 49, 51, 45, 58, 52, 134, 140, 141, 53, 54, 55, 57, 155, 56, 135, 66, 67, 72, 69, 68, 79, 137, 85, 152, 86, 138, 139, 83, 147, 87, 148, 163, 149, 84, 88, 80, 92, 91, 93, 90, 94, 104, 103, 95, 105, 89, 96, 97, 112, 113, 106, 121, 107, 100]项目工期为：241.0；项目成本为：91625.69999999994
染色体结构为:
[38, 114, 98, 115, 110, 108, 81, 70, 2, 102, 50, 34, 101, 35, 3, 118, 60, 111, 43, 21, 109, 116, 99, 61, 29, 120, 30, 122, 71, 119, 1, 73, 123, 59, 31, 142, 32, 65, 153, 124, 62, 82, 156, 150, 143, 117, 4, 5, 125, 154, 144, 126, 127, 6, 128, 157, 10, 145, 11, 77, 151, 74, 12, 63, 8, 129, 64, 78, 146, 130, 7, 22, 23, 9, 33, 158, 24, 159, 75, 13, 131, 76, 160, 25, 161, 162, 164, 132, 133, 14, 15, 134, 16, 17, 140, 136, 19, 135, 18, 137, 26, 20, 138, 165, 139, 141, 147, 155, 148, 152, 163, 27, 39, 149, 40, 28, 36, 37, 41, 51, 58, 47, 44, 45, 46, 42, 52, 53, 54, 48, 56, 55, 49, 57, 69, 66, 67, 68, 72, 79, 83, 85, 86, 84, 87, 80, 93, 90, 91, 88, 94, 104, 92, 89, 103, 105, 95, 96, 97, 106, 107, 112, 121, 100, 113]项目工期为：366.0；项目成本为：69359.79999999999
染色体结构为:
[114, 98, 38, 115, 108, 110, 81, 102, 70, 34, 2, 111, 101, 50, 3, 118, 35, 60, 109, 119, 116, 71, 21, 120, 73, 61, 43, 1, 122, 123, 142, 124, 99, 62, 117, 125, 143, 59, 150, 151, 82, 65, 126, 144, 4, 77, 127, 128, 145, 5, 63, 78, 64, 129, 6, 146, 130, 29, 156, 12, 74, 31, 30, 32, 153, 7, 22, 10, 23, 154, 75, 8, 11, 157, 9, 24, 76, 158, 33, 131, 13, 14, 15, 16, 132, 159, 160, 133, 17, 19, 134, 140, 136, 135, 18, 161, 137, 162, 165, 138, 20, 164, 26, 141, 25, 139, 152, 155, 27, 147, 148, 163, 39, 149, 28, 40, 36, 41, 37, 51, 44, 58, 42, 46, 45, 52, 53, 47, 54, 55, 48, 57, 69, 56, 66, 67, 72, 68, 83, 85, 49, 86, 87, 91, 84, 79, 90, 93, 94, 104, 92, 103, 88, 80, 89, 95, 105, 96, 97, 112, 113, 106, 121, 107, 100]项目工期为：294.0；项目成本为：79299.60000000003
染色体结构为:
[3, 111, 59, 114, 99, 29, 102, 115, 38, 109, 2, 30, 108, 31, 120, 110, 32, 81, 98, 70, 34, 50, 118, 101, 35, 116, 119, 60, 21, 71, 1, 73, 43, 65, 82, 122, 142, 61, 153, 123, 124, 4, 156, 150, 117, 143, 125, 5, 144, 154, 145, 126, 6, 127, 128, 10, 157, 151, 77, 8, 11, 74, 129, 158, 9, 62, 12, 159, 75, 13, 76, 130, 160, 14, 161, 63, 131, 146, 64, 7, 22, 23, 78, 15, 24, 132, 33, 16, 17, 133, 19, 134, 136, 137, 18, 140, 20, 138, 135, 26, 162, 165, 164, 141, 25, 139, 147, 152, 27, 155, 148, 149, 163, 39, 28, 41, 36, 42, 37, 51, 40, 47, 58, 48, 44, 49, 46, 52, 53, 54, 45, 57, 66, 55, 69, 67, 72, 56, 68, 85, 83, 84, 86, 87, 79, 93, 80, 90, 91, 88, 94, 104, 105, 92, 89, 95, 96, 103, 97, 106, 112, 121, 107, 100, 113]项目工期为：286.0；项目成本为：81061.19999999994
染色体结构为:
[114, 98, 108, 115, 38, 102, 81, 110, 70, 2, 50, 34, 101, 3, 35, 118, 60, 111, 71, 116, 109, 119, 21, 120, 61, 73, 43, 122, 1, 142, 124, 123, 62, 59, 99, 29, 31, 30, 32, 65, 82, 156, 153, 150, 4, 143, 125, 117, 144, 5, 154, 126, 127, 128, 6, 145, 10, 157, 11, 77, 74, 63, 151, 8, 12, 129, 64, 146, 78, 7, 130, 22, 23, 158, 9, 33, 24, 75, 159, 76, 160, 131, 161, 13, 162, 132, 25, 164, 133, 14, 15, 16, 17, 134, 140, 19, 136, 18, 137, 138, 26, 135, 20, 165, 139, 141, 155, 147, 163, 152, 148, 27, 149, 39, 40, 28, 36, 41, 37, 51, 58, 44, 45, 47, 42, 46, 48, 52, 49, 53, 54, 57, 55, 69, 66, 67, 72, 68, 56, 85, 83, 84, 86, 87, 79, 80, 93, 91, 90, 94, 88, 89, 104, 105, 92, 103, 95, 96, 97, 106, 112, 121, 100, 113, 107]项目工期为：326.0；项目成本为：73817.79999999996
染色体结构为:
[114, 98, 81, 38, 110, 115, 108, 2, 102, 50, 70, 34, 3, 118, 101, 60, 111, 35, 21, 43, 109, 116, 99, 29, 61, 120, 30, 122, 71, 1, 73, 119, 142, 124, 62, 59, 123, 31, 32, 65, 82, 153, 156, 150, 4, 143, 117, 125, 5, 144, 126, 154, 127, 128, 6, 10, 145, 11, 77, 157, 151, 63, 8, 12, 129, 74, 64, 78, 146, 130, 7, 22, 23, 9, 24, 158, 33, 75, 159, 76, 13, 131, 160, 161, 25, 162, 132, 133, 164, 14, 134, 15, 136, 16, 17, 140, 19, 137, 135, 18, 26, 138, 20, 141, 165, 139, 155, 147, 163, 148, 27, 149, 152, 39, 28, 36, 40, 37, 41, 51, 58, 44, 42, 46, 45, 47, 52, 53, 48, 54, 55, 56, 57, 49, 66, 69, 67, 68, 72, 79, 83, 85, 86, 80, 84, 87, 88, 93, 90, 91, 94, 104, 89, 92, 105, 103, 95, 96, 97, 106, 112, 107, 121, 113, 100]项目工期为：386.0；项目成本为：67522.2
染色体结构为:
[114, 38, 98, 81, 110, 2, 108, 115, 102, 70, 101, 50, 34, 35, 60, 118, 3, 43, 116, 21, 111, 109, 99, 61, 120, 29, 30, 122, 71, 119, 1, 59, 73, 142, 123, 31, 65, 32, 62, 153, 124, 82, 156, 4, 143, 150, 117, 125, 5, 144, 154, 126, 127, 6, 128, 10, 11, 145, 157, 151, 77, 74, 12, 8, 63, 129, 64, 78, 146, 7, 130, 22, 158, 23, 9, 24, 33, 159, 75, 13, 76, 131, 160, 161, 25, 132, 162, 133, 164, 14, 134, 15, 16, 17, 136, 137, 140, 19, 135, 18, 138, 165, 26, 141, 20, 139, 155, 147, 163, 148, 152, 27, 39, 149, 40, 28, 36, 37, 41, 51, 44, 58, 42, 45, 46, 52, 53, 47, 48, 54, 56, 55, 49, 57, 66, 69, 67, 68, 72, 83, 85, 79, 84, 80, 86, 87, 88, 93, 90, 91, 94, 104, 92, 89, 105, 103, 95, 96, 97, 106, 112, 107, 121, 113, 100]项目工期为：445.0；项目成本为：64879.09999999998
染色体结构为:
[3, 59, 99, 38, 111, 114, 115, 98, 108, 110, 81, 2, 70, 101, 102, 34, 50, 118, 35, 43, 60, 21, 116, 109, 61, 29, 120, 30, 71, 122, 1, 119, 73, 123, 142, 31, 65, 153, 32, 62, 124, 156, 82, 150, 4, 117, 143, 5, 125, 154, 144, 126, 6, 127, 128, 10, 145, 11, 157, 151, 77, 74, 12, 63, 8, 78, 129, 64, 146, 7, 130, 22, 23, 158, 33, 9, 24, 159, 75, 13, 131, 76, 160, 161, 25, 162, 132, 133, 164, 134, 14, 15, 16, 17, 140, 136, 19, 135, 137, 18, 138, 26, 165, 20, 141, 139, 155, 147, 163, 152, 148, 27, 39, 149, 40, 28, 36, 37, 41, 51, 58, 44, 42, 45, 46, 47, 52, 53, 48, 54, 56, 55, 57, 49, 66, 69, 67, 68, 72, 79, 83, 84, 85, 80, 86, 87, 88, 93, 90, 91, 94, 104, 92, 89, 95, 105, 103, 96, 97, 106, 112, 121, 107, 100, 113]项目工期为：407.0；项目成本为：65677.79999999999
染色体结构为:
[38, 81, 114, 120, 118, 59, 111, 108, 102, 116, 101, 119, 82, 115, 109, 29, 98, 110, 2, 3, 30, 122, 43, 156, 31, 34, 21, 50, 60, 1, 35, 61, 65, 62, 99, 32, 142, 117, 150, 63, 124, 4, 64, 125, 126, 151, 127, 33, 5, 123, 6, 12, 157, 70, 128, 10, 129, 7, 22, 130, 8, 9, 71, 13, 77, 78, 131, 73, 143, 14, 15, 16, 132, 144, 11, 133, 17, 136, 74, 75, 153, 18, 19, 154, 23, 158, 24, 159, 145, 76, 160, 161, 25, 162, 164, 26, 27, 165, 146, 39, 28, 40, 47, 42, 20, 36, 48, 37, 44, 41, 49, 45, 46, 51, 134, 58, 52, 53, 140, 141, 54, 55, 56, 155, 57, 69, 66, 135, 67, 72, 85, 79, 68, 137, 152, 138, 86, 87, 139, 83, 147, 148, 163, 80, 149, 84, 91, 88, 93, 92, 90, 94, 104, 103, 95, 89, 105, 96, 97, 106, 112, 113, 107, 121, 100]项目工期为：248.0；项目成本为：89955.99999999999
染色体结构为:
[38, 114, 81, 98, 108, 110, 2, 102, 70, 101, 34, 115, 50, 35, 60, 3, 118, 43, 111, 21, 116, 109, 99, 61, 29, 122, 30, 119, 120, 71, 1, 59, 73, 142, 123, 65, 31, 32, 124, 62, 153, 82, 156, 150, 117, 125, 4, 143, 144, 154, 126, 5, 145, 127, 128, 151, 6, 10, 157, 74, 11, 77, 12, 8, 63, 129, 146, 78, 64, 7, 130, 22, 23, 9, 24, 75, 158, 159, 33, 76, 131, 13, 160, 161, 25, 162, 132, 133, 164, 14, 134, 15, 16, 136, 17, 140, 19, 137, 135, 18, 26, 138, 20, 165, 141, 139, 147, 155, 163, 148, 152, 27, 149, 39, 40, 28, 36, 41, 37, 51, 58, 42, 44, 45, 46, 52, 53, 54, 47, 48, 56, 49, 55, 57, 66, 69, 67, 68, 72, 83, 85, 79, 86, 84, 80, 87, 91, 88, 93, 90, 94, 104, 92, 89, 105, 103, 95, 96, 97, 106, 112, 121, 107, 113, 100]项目工期为：391.0；项目成本为：66996.7
染色体结构为:
[114, 98, 81, 38, 110, 115, 108, 2, 102, 50, 70, 34, 118, 3, 101, 60, 111, 43, 35, 21, 109, 116, 99, 29, 61, 30, 120, 122, 71, 1, 73, 142, 119, 124, 62, 123, 59, 31, 32, 65, 82, 153, 156, 150, 4, 143, 117, 125, 5, 144, 126, 154, 127, 128, 6, 145, 10, 11, 77, 157, 151, 63, 8, 12, 74, 129, 64, 78, 146, 7, 22, 130, 23, 9, 24, 158, 33, 75, 76, 159, 13, 131, 160, 161, 25, 162, 132, 133, 164, 14, 15, 134, 16, 136, 17, 140, 19, 135, 137, 18, 26, 138, 20, 165, 141, 139, 155, 147, 163, 148, 27, 149, 152, 39, 28, 40, 36, 37, 41, 51, 58, 44, 46, 42, 45, 52, 47, 48, 53, 54, 55, 56, 49, 57, 66, 69, 67, 68, 72, 79, 83, 85, 80, 86, 84, 87, 88, 93, 90, 91, 94, 92, 104, 89, 105, 103, 95, 96, 97, 106, 107, 112, 121, 113, 100]项目工期为：411.0；项目成本为：65668.59999999999
染色体结构为:
[114, 38, 98, 81, 110, 108, 2, 115, 102, 50, 70, 34, 101, 118, 60, 35, 43, 116, 3, 111, 61, 21, 109, 29, 99, 30, 71, 120, 119, 122, 142, 1, 59, 73, 31, 65, 123, 32, 153, 62, 82, 117, 124, 4, 156, 143, 150, 144, 125, 154, 5, 126, 127, 128, 6, 10, 157, 11, 145, 151, 77, 74, 8, 12, 63, 78, 129, 146, 64, 130, 7, 22, 23, 158, 9, 33, 24, 159, 75, 13, 76, 131, 160, 161, 162, 25, 132, 133, 14, 164, 15, 16, 17, 19, 140, 134, 136, 137, 18, 26, 135, 165, 138, 141, 20, 139, 147, 152, 155, 148, 149, 27, 39, 163, 28, 40, 36, 37, 41, 51, 58, 44, 45, 46, 47, 42, 52, 53, 48, 54, 49, 56, 55, 57, 66, 67, 69, 68, 83, 72, 79, 85, 86, 87, 80, 84, 91, 88, 93, 94, 89, 90, 95, 92, 104, 103, 105, 96, 97, 112, 106, 113, 121, 107, 100]项目工期为：372.0；项目成本为：69063.1
染色体结构为:
[3, 59, 114, 111, 102, 29, 99, 38, 115, 109, 2, 108, 30, 120, 110, 31, 81, 32, 98, 70, 34, 101, 118, 50, 116, 35, 21, 119, 60, 71, 1, 73, 82, 65, 43, 122, 142, 61, 4, 153, 123, 124, 156, 150, 143, 117, 5, 125, 154, 144, 126, 127, 145, 6, 10, 157, 128, 11, 151, 77, 74, 8, 9, 129, 158, 12, 62, 75, 13, 159, 160, 130, 131, 76, 161, 14, 63, 146, 7, 64, 22, 23, 78, 132, 24, 15, 33, 16, 17, 133, 19, 134, 136, 137, 140, 135, 20, 18, 26, 138, 162, 164, 165, 141, 25, 139, 147, 155, 152, 163, 148, 27, 149, 39, 28, 41, 36, 42, 37, 51, 58, 40, 47, 48, 49, 44, 46, 52, 53, 54, 45, 57, 66, 55, 69, 67, 72, 56, 85, 68, 86, 83, 84, 87, 79, 80, 90, 93, 91, 94, 88, 104, 89, 105, 95, 103, 92, 96, 97, 112, 106, 107, 113, 121, 100]项目工期为：289.0；项目成本为：79396.49999999997
染色体结构为:
[111, 102, 3, 114, 59, 115, 99, 29, 108, 38, 2, 109, 30, 31, 120, 118, 81, 116, 82, 119, 101, 98, 43, 122, 34, 110, 21, 156, 60, 50, 65, 1, 35, 61, 62, 32, 117, 150, 142, 63, 4, 124, 125, 151, 64, 126, 127, 5, 6, 33, 70, 123, 157, 12, 10, 128, 129, 7, 8, 22, 71, 130, 77, 9, 13, 14, 73, 131, 78, 15, 143, 16, 132, 11, 17, 133, 136, 18, 144, 74, 19, 75, 153, 154, 23, 158, 159, 24, 160, 76, 25, 161, 162, 145, 165, 164, 26, 27, 39, 28, 146, 40, 47, 36, 42, 20, 48, 37, 44, 41, 46, 49, 51, 134, 45, 52, 58, 140, 141, 53, 54, 56, 55, 155, 57, 135, 69, 66, 67, 72, 79, 68, 85, 137, 152, 138, 86, 139, 83, 147, 87, 163, 148, 84, 149, 88, 80, 91, 90, 92, 93, 94, 104, 95, 103, 105, 89, 96, 97, 112, 106, 107, 121, 113, 100]项目工期为：244.0；项目成本为：90578.69999999994
染色体结构为:
[38, 114, 115, 98, 108, 110, 81, 70, 2, 102, 50, 101, 34, 3, 35, 118, 60, 43, 111, 21, 116, 109, 99, 61, 29, 120, 30, 71, 122, 1, 119, 123, 73, 59, 31, 142, 32, 65, 153, 62, 124, 156, 82, 143, 4, 150, 117, 125, 5, 144, 154, 6, 126, 127, 10, 128, 11, 145, 157, 151, 77, 74, 12, 8, 63, 129, 78, 64, 146, 7, 130, 22, 23, 158, 9, 33, 159, 24, 13, 75, 131, 160, 161, 25, 76, 162, 132, 133, 164, 14, 134, 15, 16, 17, 140, 136, 19, 135, 137, 18, 26, 138, 20, 141, 139, 155, 165, 147, 148, 163, 152, 27, 149, 39, 40, 28, 36, 37, 41, 51, 58, 44, 45, 42, 46, 52, 53, 47, 48, 54, 56, 55, 49, 57, 66, 67, 69, 72, 68, 79, 83, 85, 86, 84, 80, 87, 93, 90, 88, 94, 104, 91, 89, 92, 105, 103, 95, 96, 97, 106, 107, 112, 121, 100, 113]项目工期为：396.0；项目成本为：66662.6
染色体结构为:
[114, 38, 115, 98, 108, 110, 81, 70, 2, 101, 102, 3, 34, 50, 60, 35, 111, 118, 43, 21, 116, 109, 29, 61, 120, 99, 30, 71, 122, 1, 119, 123, 73, 59, 142, 31, 32, 65, 153, 62, 156, 124, 82, 4, 143, 150, 125, 117, 5, 154, 126, 144, 6, 127, 128, 10, 11, 145, 157, 77, 151, 12, 74, 8, 63, 129, 64, 146, 78, 7, 22, 23, 130, 158, 159, 9, 24, 33, 75, 76, 13, 160, 131, 25, 161, 162, 132, 133, 164, 14, 134, 15, 16, 140, 17, 19, 136, 135, 137, 138, 18, 26, 20, 141, 165, 139, 147, 155, 163, 148, 152, 149, 27, 39, 40, 28, 36, 37, 41, 51, 58, 42, 44, 45, 46, 52, 47, 53, 54, 56, 48, 57, 55, 49, 66, 67, 69, 68, 72, 83, 79, 85, 84, 86, 87, 80, 88, 93, 90, 91, 94, 104, 92, 89, 105, 95, 96, 103, 97, 112, 106, 107, 121, 113, 100]项目工期为：434.0；项目成本为：65081.49999999999
MID=1.183063145387899
DM=30377.946335458506
SNS=0.35414549213116414
SM=0.7490127414328324
3.8944803322895284E-5
77
共计用时：11秒
