染色体结构为:
[124, 7, 80, 128, 62, 131, 98, 11, 37, 73, 1, 157, 97, 70, 119, 40, 150, 158, 59, 34, 48, 181, 2, 151, 38, 82, 19, 168, 43, 140, 52, 176, 180, 197, 186, 169, 200, 45, 47, 5, 99, 4, 72, 49, 28, 55, 15, 95, 14, 122, 63, 18, 145, 102, 76, 67, 116, 193, 185, 8, 155, 69, 79, 35, 171, 27, 127, 16, 20, 113, 137, 182, 33, 117, 68, 36, 85, 103, 88, 125, 61, 161, 165, 190, 3, 100, 66, 159, 166, 130, 92, 53, 46, 86, 64, 178, 23, 29, 56, 26, 134, 110, 115, 107, 32, 183, 54, 118, 51, 188, 17, 87, 126, 30, 9, 93, 101, 179, 65, 31, 198, 177, 108, 10, 133, 163, 42, 154, 138, 24, 152, 81, 170, 13, 77, 58, 84, 148, 184, 136, 147, 194, 83, 114, 50, 146, 22, 57, 25, 104, 144, 143, 12, 44, 71, 41, 174, 78, 39, 112, 6, 121, 120, 132, 175, 196, 109, 74, 123, 139, 129, 21, 60, 149, 90, 142, 111, 153, 96, 160, 94, 156, 162, 189, 141, 105, 89, 75, 192, 199, 106, 195, 173, 91, 167, 191, 164, 135, 172, 187]项目工期为：526.0；项目成本为：226751.00000000006
染色体结构为:
[124, 80, 7, 128, 24, 159, 1, 114, 118, 46, 64, 183, 102, 85, 190, 82, 59, 200, 147, 68, 170, 110, 50, 84, 146, 137, 151, 31, 22, 49, 57, 45, 36, 131, 43, 8, 169, 193, 5, 25, 100, 133, 15, 99, 32, 2, 104, 87, 163, 62, 184, 40, 143, 12, 71, 72, 144, 34, 18, 98, 88, 19, 157, 158, 165, 48, 107, 16, 63, 120, 67, 179, 140, 38, 122, 44, 103, 11, 161, 178, 29, 55, 51, 175, 53, 4, 42, 101, 78, 26, 37, 152, 97, 21, 119, 47, 58, 28, 23, 166, 69, 65, 52, 197, 17, 132, 95, 138, 30, 70, 127, 181, 56, 154, 109, 54, 150, 186, 79, 14, 9, 145, 76, 185, 116, 155, 171, 27, 35, 73, 20, 130, 66, 3, 125, 176, 121, 188, 134, 117, 177, 112, 115, 33, 6, 168, 10, 108, 61, 196, 83, 123, 93, 194, 113, 180, 129, 74, 91, 92, 139, 172, 13, 126, 187, 86, 136, 173, 182, 81, 198, 77, 75, 89, 148, 41, 106, 192, 90, 153, 156, 174, 60, 96, 141, 111, 189, 105, 142, 167, 149, 191, 39, 135, 199, 162, 195, 164, 160, 94]项目工期为：568.0；项目成本为：206994.50000000003
染色体结构为:
[124, 7, 128, 80, 24, 1, 159, 114, 118, 64, 46, 183, 190, 102, 85, 59, 82, 110, 200, 147, 68, 84, 170, 137, 50, 146, 151, 57, 36, 31, 22, 131, 49, 45, 21, 12, 193, 43, 107, 25, 47, 103, 133, 17, 138, 161, 120, 87, 150, 186, 79, 19, 9, 69, 101, 37, 51, 5, 78, 34, 62, 99, 97, 28, 157, 2, 14, 72, 4, 55, 15, 95, 18, 158, 63, 48, 169, 8, 32, 184, 100, 104, 163, 143, 40, 144, 71, 88, 98, 119, 165, 140, 179, 122, 16, 11, 67, 38, 178, 44, 42, 53, 29, 175, 152, 26, 58, 166, 23, 52, 132, 65, 197, 70, 154, 181, 30, 130, 56, 54, 127, 109, 3, 66, 188, 125, 73, 121, 76, 145, 185, 117, 176, 134, 6, 155, 116, 27, 35, 171, 177, 20, 115, 10, 112, 33, 61, 93, 168, 108, 123, 113, 83, 139, 196, 180, 126, 129, 194, 74, 13, 91, 86, 92, 136, 172, 187, 182, 198, 173, 39, 60, 105, 148, 189, 191, 160, 164, 94, 89, 162, 77, 199, 81, 75, 41, 90, 106, 192, 156, 153, 96, 174, 111, 141, 167, 142, 149, 135, 195]项目工期为：650.0；项目成本为：186508.70000000004
染色体结构为:
[124, 7, 128, 80, 24, 1, 159, 114, 118, 64, 46, 183, 190, 85, 102, 59, 82, 110, 200, 147, 68, 84, 170, 137, 50, 151, 146, 57, 36, 31, 22, 131, 49, 45, 21, 193, 12, 43, 107, 25, 47, 103, 133, 17, 138, 120, 87, 161, 150, 186, 79, 9, 19, 69, 101, 37, 51, 5, 78, 34, 62, 99, 97, 28, 157, 2, 14, 72, 4, 55, 15, 95, 18, 158, 63, 48, 8, 169, 32, 184, 100, 104, 163, 143, 40, 144, 88, 71, 98, 119, 165, 140, 179, 122, 16, 11, 67, 38, 178, 44, 42, 53, 29, 175, 152, 26, 58, 23, 166, 52, 132, 65, 197, 70, 154, 181, 30, 130, 56, 54, 127, 3, 109, 66, 188, 125, 73, 76, 121, 145, 185, 117, 176, 134, 6, 155, 116, 27, 35, 171, 177, 20, 115, 10, 33, 112, 93, 61, 108, 168, 123, 113, 83, 139, 196, 180, 126, 129, 74, 194, 13, 91, 86, 92, 136, 172, 187, 198, 182, 173, 39, 60, 105, 148, 189, 191, 160, 164, 94, 89, 162, 77, 199, 81, 41, 75, 90, 192, 106, 156, 153, 96, 174, 111, 141, 167, 142, 149, 135, 195]项目工期为：641.0；项目成本为：189486.7
染色体结构为:
[190, 21, 107, 12, 43, 85, 25, 133, 47, 103, 17, 138, 1, 120, 161, 87, 186, 150, 19, 79, 69, 46, 9, 45, 59, 37, 51, 101, 5, 124, 170, 62, 78, 49, 157, 97, 34, 99, 2, 7, 80, 159, 24, 128, 114, 118, 183, 110, 200, 64, 102, 147, 68, 84, 82, 137, 50, 151, 57, 146, 22, 36, 31, 8, 193, 100, 169, 32, 15, 184, 131, 104, 40, 72, 163, 143, 4, 28, 55, 14, 122, 18, 98, 95, 67, 63, 145, 76, 158, 52, 116, 155, 185, 27, 171, 197, 73, 35, 16, 20, 144, 127, 71, 140, 165, 119, 88, 132, 65, 58, 38, 152, 70, 179, 44, 30, 109, 56, 178, 154, 181, 53, 66, 54, 130, 3, 125, 188, 176, 29, 117, 121, 11, 134, 166, 112, 115, 177, 42, 33, 6, 10, 61, 108, 168, 83, 196, 93, 123, 175, 194, 74, 113, 23, 180, 129, 139, 92, 91, 26, 13, 172, 187, 173, 126, 86, 136, 81, 48, 182, 89, 198, 148, 77, 106, 75, 41, 192, 153, 156, 90, 96, 60, 189, 111, 174, 141, 105, 142, 149, 39, 167, 191, 199, 162, 195, 135, 164, 160, 94]项目工期为：569.0；项目成本为：206498.0000000001
染色体结构为:
[80, 7, 128, 131, 62, 11, 98, 73, 37, 1, 97, 157, 119, 40, 70, 150, 158, 34, 59, 181, 2, 151, 48, 82, 19, 38, 43, 168, 52, 140, 176, 180, 197, 186, 169, 200, 45, 5, 47, 99, 72, 4, 49, 55, 28, 15, 95, 14, 18, 122, 63, 145, 102, 116, 76, 185, 67, 193, 69, 8, 155, 79, 171, 35, 27, 127, 16, 20, 113, 137, 182, 33, 117, 68, 36, 85, 103, 88, 125, 165, 61, 161, 190, 3, 100, 66, 159, 130, 92, 166, 53, 46, 64, 124, 29, 86, 178, 56, 23, 110, 26, 134, 115, 107, 32, 183, 54, 188, 51, 118, 87, 17, 30, 126, 9, 179, 93, 101, 65, 31, 198, 10, 177, 108, 133, 163, 42, 154, 138, 152, 24, 81, 170, 77, 13, 84, 58, 148, 184, 136, 83, 194, 147, 114, 50, 57, 146, 22, 144, 25, 104, 12, 143, 41, 44, 71, 174, 78, 6, 39, 112, 121, 132, 120, 175, 196, 109, 123, 74, 21, 129, 91, 139, 172, 173, 89, 156, 187, 75, 160, 106, 90, 60, 153, 96, 192, 141, 142, 189, 111, 167, 149, 105, 191, 164, 199, 162, 195, 94, 135]项目工期为：540.0；项目成本为：215543.40000000002
染色体结构为:
[124, 7, 128, 24, 80, 1, 159, 114, 118, 64, 46, 183, 190, 102, 85, 59, 82, 110, 200, 147, 84, 68, 170, 137, 50, 146, 151, 57, 36, 31, 22, 131, 49, 45, 21, 12, 193, 43, 107, 25, 47, 133, 17, 103, 161, 138, 120, 87, 150, 186, 79, 9, 19, 69, 101, 37, 51, 5, 78, 34, 62, 99, 97, 28, 157, 2, 14, 72, 4, 55, 15, 95, 18, 158, 63, 48, 169, 8, 32, 184, 100, 104, 163, 143, 40, 144, 71, 88, 98, 119, 165, 140, 179, 122, 11, 16, 67, 38, 178, 44, 53, 42, 29, 175, 152, 26, 58, 166, 23, 52, 65, 132, 197, 70, 154, 30, 181, 130, 56, 54, 127, 109, 3, 66, 188, 73, 125, 121, 76, 145, 185, 117, 176, 6, 155, 134, 27, 116, 171, 35, 177, 20, 115, 10, 112, 33, 61, 93, 168, 108, 123, 113, 83, 139, 196, 180, 126, 129, 194, 74, 13, 91, 86, 136, 92, 172, 187, 182, 198, 39, 173, 60, 105, 148, 189, 160, 164, 191, 94, 89, 162, 77, 199, 81, 75, 41, 90, 106, 192, 156, 96, 153, 174, 141, 111, 142, 167, 149, 135, 195]项目工期为：634.0；项目成本为：190033.90000000005
染色体结构为:
[124, 80, 7, 24, 128, 159, 1, 114, 118, 46, 64, 183, 102, 85, 190, 59, 200, 82, 68, 147, 170, 110, 50, 84, 137, 146, 151, 31, 22, 49, 57, 36, 131, 45, 43, 169, 8, 193, 25, 5, 100, 15, 133, 99, 2, 32, 104, 87, 163, 62, 184, 40, 143, 71, 12, 72, 34, 144, 98, 18, 88, 19, 158, 157, 165, 48, 107, 16, 63, 120, 67, 179, 140, 38, 122, 44, 103, 11, 161, 178, 29, 55, 51, 175, 4, 53, 42, 26, 101, 78, 37, 152, 97, 119, 21, 58, 47, 28, 166, 23, 65, 69, 52, 197, 17, 132, 95, 138, 30, 70, 127, 181, 56, 154, 54, 109, 150, 186, 79, 14, 9, 145, 76, 185, 116, 155, 171, 27, 35, 73, 20, 66, 130, 3, 125, 176, 121, 188, 134, 117, 177, 112, 115, 33, 6, 10, 168, 108, 61, 196, 83, 123, 93, 194, 113, 180, 129, 74, 91, 92, 172, 139, 126, 13, 86, 136, 187, 173, 182, 81, 198, 77, 89, 75, 148, 41, 106, 192, 90, 156, 153, 174, 60, 96, 141, 111, 189, 142, 105, 167, 149, 39, 191, 135, 199, 162, 195, 164, 160, 94]项目工期为：596.0；项目成本为：197697.10000000006
染色体结构为:
[98, 131, 62, 11, 73, 37, 119, 1, 157, 70, 97, 150, 80, 40, 158, 59, 34, 2, 181, 48, 151, 82, 168, 19, 38, 43, 52, 140, 180, 176, 197, 200, 186, 169, 47, 5, 45, 99, 49, 4, 72, 14, 55, 28, 15, 95, 18, 122, 63, 102, 145, 76, 67, 116, 185, 155, 193, 79, 69, 171, 8, 27, 35, 16, 127, 20, 137, 113, 33, 182, 117, 68, 103, 36, 85, 125, 165, 161, 88, 61, 3, 190, 100, 159, 66, 92, 130, 124, 166, 64, 53, 46, 86, 23, 178, 29, 110, 56, 134, 26, 107, 32, 54, 115, 87, 51, 183, 188, 118, 17, 179, 9, 126, 101, 30, 65, 93, 31, 10, 198, 177, 108, 42, 163, 24, 138, 133, 58, 152, 77, 154, 81, 13, 170, 84, 148, 136, 184, 194, 83, 50, 7, 109, 89, 106, 172, 75, 192, 25, 71, 90, 12, 144, 132, 41, 153, 146, 60, 128, 129, 74, 187, 121, 112, 44, 156, 196, 114, 174, 6, 57, 21, 22, 96, 104, 111, 141, 142, 189, 173, 91, 167, 139, 149, 120, 123, 39, 105, 78, 191, 175, 135, 162, 143, 195, 147, 160, 199, 164, 94]项目工期为：524.0；项目成本为：226961.8999999999
染色体结构为:
[124, 80, 7, 128, 159, 1, 24, 114, 118, 64, 46, 183, 102, 190, 85, 59, 82, 200, 147, 68, 170, 110, 50, 146, 84, 137, 151, 31, 22, 49, 57, 45, 36, 131, 43, 8, 169, 193, 5, 25, 100, 133, 15, 99, 32, 2, 104, 87, 163, 62, 184, 40, 143, 71, 12, 72, 144, 34, 18, 98, 88, 19, 157, 158, 48, 165, 107, 16, 63, 120, 67, 179, 140, 38, 122, 44, 103, 11, 161, 178, 29, 55, 51, 175, 53, 4, 42, 101, 78, 26, 37, 152, 97, 21, 119, 47, 58, 28, 23, 166, 69, 65, 197, 52, 17, 132, 95, 138, 30, 70, 181, 127, 56, 154, 109, 54, 150, 186, 79, 14, 9, 145, 76, 185, 116, 155, 171, 27, 35, 73, 20, 130, 66, 3, 125, 176, 121, 134, 188, 117, 177, 112, 115, 33, 6, 10, 108, 168, 61, 196, 83, 123, 93, 194, 113, 180, 129, 74, 91, 92, 139, 172, 13, 187, 126, 86, 136, 173, 81, 182, 198, 77, 89, 75, 148, 41, 106, 192, 90, 153, 156, 174, 60, 96, 141, 111, 189, 105, 142, 149, 167, 191, 135, 39, 199, 162, 164, 195, 160, 94]项目工期为：556.0；项目成本为：210039.19999999998
染色体结构为:
[124, 80, 1, 5, 128, 24, 7, 46, 159, 118, 183, 114, 64, 102, 190, 85, 59, 82, 200, 84, 50, 110, 68, 170, 147, 146, 151, 57, 31, 137, 36, 22, 49, 45, 131, 43, 8, 193, 25, 100, 15, 169, 2, 133, 99, 104, 32, 184, 163, 87, 40, 62, 72, 12, 143, 18, 144, 71, 88, 34, 98, 157, 19, 158, 165, 107, 63, 48, 120, 16, 38, 122, 179, 67, 44, 140, 11, 178, 161, 103, 29, 175, 51, 55, 53, 4, 42, 101, 26, 152, 78, 97, 21, 119, 47, 17, 79, 150, 138, 69, 186, 9, 37, 28, 14, 58, 95, 23, 166, 65, 52, 197, 132, 70, 30, 56, 181, 54, 154, 127, 130, 3, 109, 66, 121, 188, 125, 185, 73, 134, 145, 117, 76, 176, 155, 6, 116, 20, 27, 35, 171, 177, 112, 115, 33, 61, 168, 10, 93, 194, 196, 108, 123, 83, 74, 113, 129, 180, 139, 91, 126, 92, 172, 13, 86, 136, 173, 182, 187, 39, 198, 105, 94, 148, 60, 189, 89, 164, 81, 191, 77, 192, 106, 41, 153, 90, 75, 111, 174, 96, 141, 156, 149, 142, 167, 160, 195, 162, 199, 135]项目工期为：644.0；项目成本为：187502.50000000006
染色体结构为:
[124, 80, 7, 128, 62, 98, 131, 11, 37, 73, 1, 157, 70, 97, 40, 119, 150, 158, 59, 34, 48, 181, 2, 151, 38, 19, 82, 168, 43, 140, 176, 52, 180, 197, 186, 169, 45, 200, 47, 5, 99, 72, 4, 49, 28, 55, 15, 14, 95, 122, 18, 63, 145, 102, 76, 67, 116, 193, 185, 8, 69, 155, 35, 79, 171, 27, 16, 127, 20, 113, 137, 33, 117, 182, 68, 85, 36, 103, 88, 125, 161, 61, 190, 165, 3, 100, 66, 159, 166, 130, 53, 92, 46, 86, 64, 178, 23, 29, 56, 26, 110, 134, 115, 107, 32, 54, 183, 118, 51, 188, 17, 87, 126, 9, 30, 93, 65, 101, 179, 31, 198, 177, 108, 163, 10, 133, 42, 154, 24, 138, 152, 81, 170, 13, 77, 58, 84, 148, 184, 136, 147, 194, 83, 114, 50, 146, 57, 22, 144, 25, 104, 143, 12, 44, 71, 41, 174, 78, 39, 112, 121, 6, 120, 132, 175, 196, 109, 74, 139, 123, 129, 149, 21, 60, 90, 142, 111, 153, 96, 160, 94, 156, 162, 189, 141, 105, 89, 75, 192, 199, 106, 91, 195, 173, 167, 191, 164, 135, 172, 187]项目工期为：530.0；项目成本为：224128.90000000005
染色体结构为:
[7, 124, 80, 159, 24, 128, 46, 118, 114, 1, 64, 85, 183, 190, 59, 102, 82, 110, 200, 68, 147, 170, 84, 50, 57, 151, 137, 146, 36, 31, 22, 34, 49, 5, 62, 157, 45, 99, 4, 72, 47, 2, 97, 28, 55, 14, 95, 15, 18, 67, 122, 98, 63, 21, 145, 25, 43, 12, 103, 107, 133, 87, 120, 19, 17, 161, 150, 138, 186, 9, 79, 101, 37, 69, 193, 51, 169, 8, 78, 104, 100, 131, 163, 32, 184, 40, 158, 143, 144, 76, 88, 48, 71, 165, 38, 16, 179, 140, 44, 11, 175, 178, 29, 53, 119, 152, 181, 42, 58, 26, 166, 65, 132, 52, 197, 23, 127, 30, 56, 70, 54, 154, 109, 130, 66, 188, 125, 3, 121, 185, 73, 134, 176, 117, 6, 116, 155, 27, 35, 171, 177, 20, 112, 115, 10, 168, 33, 93, 61, 194, 196, 123, 41, 108, 126, 83, 113, 74, 129, 180, 139, 92, 91, 86, 172, 13, 136, 173, 182, 187, 198, 39, 105, 94, 60, 148, 189, 164, 89, 81, 77, 192, 191, 106, 90, 153, 174, 75, 156, 96, 111, 160, 162, 199, 141, 167, 142, 149, 195, 135]项目工期为：712.0；项目成本为：176254.3000000001
染色体结构为:
[124, 7, 128, 80, 1, 114, 24, 118, 159, 64, 183, 46, 190, 59, 102, 85, 82, 110, 68, 200, 147, 84, 137, 170, 50, 151, 57, 146, 36, 22, 31, 131, 49, 45, 12, 21, 193, 107, 25, 47, 43, 103, 133, 17, 138, 161, 120, 150, 186, 87, 79, 19, 69, 101, 9, 51, 5, 37, 78, 34, 62, 99, 97, 28, 2, 157, 14, 72, 4, 15, 55, 95, 18, 158, 63, 48, 169, 32, 100, 8, 184, 163, 104, 40, 143, 144, 71, 88, 98, 119, 165, 140, 122, 179, 16, 11, 67, 38, 178, 44, 42, 29, 53, 175, 152, 26, 58, 166, 23, 65, 52, 132, 197, 70, 154, 30, 181, 130, 56, 109, 54, 127, 3, 66, 188, 125, 73, 121, 76, 117, 185, 176, 145, 6, 134, 116, 155, 27, 171, 35, 20, 177, 115, 10, 112, 33, 168, 61, 93, 108, 123, 113, 83, 196, 139, 126, 180, 129, 194, 74, 13, 91, 86, 92, 172, 136, 187, 173, 182, 39, 198, 60, 105, 189, 191, 148, 160, 94, 164, 89, 162, 199, 77, 81, 75, 41, 90, 106, 153, 192, 156, 96, 111, 174, 167, 141, 149, 142, 195, 135]项目工期为：588.0；项目成本为：199958.40000000002
染色体结构为:
[124, 7, 128, 80, 24, 1, 114, 159, 118, 64, 183, 46, 190, 85, 59, 82, 102, 110, 200, 147, 68, 170, 84, 50, 137, 151, 146, 57, 36, 22, 31, 131, 49, 45, 21, 193, 12, 43, 107, 25, 103, 47, 17, 133, 138, 87, 120, 161, 186, 150, 9, 79, 19, 101, 69, 37, 51, 78, 5, 34, 62, 99, 97, 28, 2, 157, 14, 72, 4, 15, 55, 95, 18, 158, 63, 48, 169, 8, 32, 184, 100, 104, 163, 143, 40, 144, 88, 98, 71, 165, 119, 179, 140, 122, 16, 11, 67, 178, 38, 44, 42, 53, 29, 175, 152, 26, 23, 58, 166, 52, 132, 65, 70, 197, 30, 181, 154, 130, 54, 56, 127, 3, 66, 109, 188, 125, 73, 76, 121, 145, 185, 117, 176, 155, 134, 116, 27, 6, 35, 171, 177, 20, 115, 33, 10, 93, 112, 61, 108, 168, 123, 113, 139, 83, 196, 180, 126, 129, 74, 13, 194, 91, 86, 92, 136, 172, 187, 198, 182, 173, 39, 105, 60, 148, 191, 160, 189, 164, 94, 89, 162, 199, 77, 81, 75, 41, 90, 192, 106, 156, 174, 153, 96, 111, 141, 167, 142, 149, 135, 195]项目工期为：581.0；项目成本为：203006.60000000006
染色体结构为:
[124, 128, 7, 1, 80, 24, 114, 118, 159, 46, 64, 85, 102, 183, 190, 82, 200, 110, 68, 59, 147, 170, 50, 84, 137, 146, 151, 31, 22, 49, 57, 45, 131, 36, 43, 169, 8, 25, 5, 193, 15, 100, 99, 133, 32, 104, 163, 2, 87, 62, 40, 184, 143, 12, 72, 71, 144, 34, 98, 18, 88, 19, 158, 48, 165, 157, 16, 107, 63, 67, 179, 120, 38, 140, 122, 44, 11, 103, 29, 178, 55, 161, 175, 51, 42, 53, 4, 101, 78, 26, 37, 152, 21, 97, 119, 47, 58, 28, 23, 166, 65, 52, 69, 132, 197, 17, 138, 70, 30, 95, 56, 181, 127, 154, 54, 109, 150, 186, 79, 14, 145, 9, 76, 185, 116, 155, 171, 27, 35, 73, 66, 20, 130, 176, 3, 188, 125, 121, 117, 134, 112, 115, 33, 177, 6, 10, 168, 61, 108, 196, 83, 123, 194, 113, 93, 74, 129, 180, 91, 92, 139, 126, 172, 13, 187, 86, 173, 81, 136, 89, 182, 77, 148, 198, 75, 41, 192, 106, 156, 153, 174, 90, 60, 96, 141, 189, 111, 105, 149, 142, 167, 39, 135, 191, 94, 164, 162, 195, 199, 160]项目工期为：551.0；项目成本为：212972.90000000005
染色体结构为:
[124, 80, 24, 128, 7, 159, 118, 1, 114, 46, 64, 85, 102, 183, 82, 190, 59, 200, 110, 68, 147, 170, 50, 137, 84, 22, 146, 151, 57, 31, 49, 45, 131, 36, 43, 169, 8, 193, 25, 5, 100, 133, 15, 99, 32, 2, 104, 87, 163, 62, 184, 40, 12, 143, 72, 144, 71, 18, 34, 98, 88, 157, 19, 158, 48, 165, 107, 16, 63, 120, 179, 67, 38, 140, 122, 44, 11, 103, 29, 161, 178, 55, 175, 51, 42, 4, 53, 101, 78, 26, 37, 152, 97, 119, 21, 47, 58, 28, 166, 23, 65, 197, 52, 69, 132, 17, 138, 70, 30, 95, 127, 56, 181, 154, 54, 109, 150, 186, 14, 9, 79, 145, 116, 76, 155, 171, 185, 27, 73, 35, 20, 66, 130, 176, 3, 188, 125, 121, 117, 134, 115, 112, 177, 33, 6, 10, 168, 61, 108, 196, 83, 123, 194, 74, 113, 93, 180, 129, 91, 92, 139, 126, 172, 13, 187, 173, 86, 81, 136, 182, 89, 198, 77, 148, 75, 41, 192, 106, 156, 90, 153, 174, 60, 96, 189, 141, 111, 105, 142, 149, 167, 39, 94, 191, 164, 135, 162, 195, 199, 160]项目工期为：559.0；项目成本为：208694.90000000002
染色体结构为:
[7, 124, 128, 80, 24, 1, 159, 118, 64, 114, 46, 183, 190, 85, 102, 59, 82, 200, 110, 147, 68, 84, 170, 50, 137, 151, 57, 36, 31, 146, 22, 131, 49, 45, 21, 193, 12, 43, 107, 25, 47, 103, 133, 17, 138, 120, 87, 150, 161, 79, 186, 9, 19, 101, 69, 37, 5, 51, 78, 34, 62, 99, 97, 28, 157, 2, 72, 14, 55, 15, 4, 95, 18, 158, 63, 48, 8, 169, 32, 184, 100, 104, 163, 143, 40, 144, 88, 71, 98, 119, 165, 140, 179, 122, 11, 16, 67, 38, 178, 44, 42, 53, 29, 175, 152, 26, 58, 23, 52, 166, 132, 65, 197, 70, 154, 30, 181, 130, 56, 54, 127, 3, 66, 109, 188, 125, 73, 76, 121, 145, 185, 117, 176, 134, 6, 155, 116, 27, 35, 171, 177, 20, 115, 10, 33, 112, 93, 61, 108, 168, 123, 113, 83, 139, 196, 180, 129, 126, 74, 194, 13, 91, 86, 136, 92, 172, 187, 198, 173, 182, 39, 60, 105, 148, 189, 191, 160, 164, 94, 89, 162, 77, 199, 41, 81, 75, 90, 153, 192, 106, 96, 156, 141, 174, 111, 167, 142, 149, 195, 135]项目工期为：611.0；项目成本为：195162.30000000002
染色体结构为:
[7, 124, 80, 24, 159, 118, 1, 128, 46, 114, 64, 85, 190, 183, 59, 102, 82, 110, 147, 200, 68, 84, 170, 57, 50, 146, 31, 151, 137, 36, 49, 5, 22, 157, 34, 62, 99, 4, 45, 47, 72, 97, 2, 55, 28, 14, 15, 95, 18, 67, 122, 98, 21, 43, 25, 63, 12, 145, 103, 107, 133, 87, 120, 19, 138, 17, 150, 161, 9, 79, 186, 101, 37, 51, 8, 69, 193, 169, 78, 104, 131, 100, 32, 163, 184, 40, 143, 144, 76, 158, 88, 71, 48, 38, 165, 16, 179, 44, 140, 175, 11, 178, 29, 53, 119, 152, 42, 181, 26, 166, 58, 65, 52, 23, 132, 30, 197, 70, 56, 127, 154, 109, 54, 130, 125, 3, 66, 73, 188, 117, 121, 134, 176, 185, 6, 155, 116, 35, 171, 27, 20, 115, 10, 177, 112, 168, 33, 93, 61, 194, 196, 108, 123, 41, 126, 83, 113, 180, 74, 139, 129, 92, 91, 172, 86, 13, 136, 173, 182, 187, 198, 39, 105, 60, 94, 89, 148, 189, 164, 81, 192, 77, 191, 106, 90, 174, 153, 96, 75, 156, 111, 160, 162, 141, 199, 142, 167, 195, 149, 135]项目工期为：642.0；项目成本为：187605.5
染色体结构为:
[1, 62, 5, 124, 7, 80, 24, 128, 159, 114, 118, 64, 46, 183, 190, 85, 102, 59, 82, 110, 200, 147, 68, 84, 170, 151, 137, 50, 146, 36, 57, 31, 22, 131, 49, 45, 21, 193, 12, 43, 107, 25, 47, 103, 133, 17, 138, 87, 120, 161, 150, 186, 79, 9, 19, 101, 69, 37, 51, 78, 34, 97, 28, 99, 157, 72, 14, 2, 4, 55, 15, 95, 18, 158, 63, 8, 48, 32, 169, 184, 100, 104, 163, 143, 40, 144, 98, 88, 119, 71, 165, 140, 179, 16, 122, 67, 11, 178, 44, 38, 42, 29, 53, 175, 152, 58, 23, 26, 52, 166, 197, 132, 65, 70, 181, 30, 154, 130, 56, 54, 127, 66, 3, 109, 188, 125, 76, 73, 121, 145, 185, 176, 117, 134, 6, 155, 116, 27, 35, 171, 20, 177, 115, 10, 33, 112, 93, 61, 108, 168, 123, 139, 113, 83, 196, 180, 126, 129, 74, 13, 194, 91, 86, 92, 172, 136, 187, 198, 182, 173, 39, 60, 105, 148, 189, 191, 160, 164, 89, 94, 162, 77, 81, 199, 75, 41, 192, 90, 106, 156, 153, 174, 96, 111, 141, 167, 142, 149, 135, 195]项目工期为：584.0；项目成本为：201960.8
染色体结构为:
[7, 124, 24, 80, 159, 118, 128, 1, 46, 114, 85, 64, 183, 190, 102, 59, 82, 200, 110, 68, 147, 84, 170, 57, 50, 146, 151, 31, 137, 36, 49, 22, 34, 5, 157, 99, 62, 45, 4, 47, 72, 97, 2, 28, 55, 14, 95, 15, 18, 122, 67, 98, 63, 21, 145, 25, 43, 107, 12, 103, 133, 120, 19, 87, 17, 138, 161, 150, 9, 79, 186, 101, 37, 69, 51, 193, 8, 169, 78, 104, 131, 32, 163, 184, 100, 40, 158, 143, 76, 144, 88, 71, 48, 165, 38, 16, 179, 44, 11, 140, 175, 29, 178, 119, 53, 42, 152, 26, 58, 23, 166, 65, 52, 132, 197, 70, 30, 127, 181, 154, 56, 109, 54, 130, 66, 188, 125, 3, 185, 73, 117, 121, 134, 176, 6, 116, 155, 35, 27, 171, 177, 20, 112, 115, 168, 10, 33, 93, 194, 61, 123, 196, 108, 41, 126, 83, 113, 74, 180, 129, 139, 92, 91, 172, 86, 13, 136, 173, 182, 187, 198, 39, 94, 105, 60, 148, 89, 189, 81, 164, 77, 191, 106, 192, 90, 153, 174, 75, 156, 96, 111, 160, 199, 162, 141, 142, 167, 149, 195, 135]项目工期为：751.0；项目成本为：172313.70000000004
染色体结构为:
[128, 124, 7, 1, 80, 24, 114, 159, 118, 46, 64, 85, 102, 183, 190, 200, 82, 110, 59, 68, 170, 147, 50, 84, 137, 146, 151, 31, 22, 49, 57, 45, 131, 36, 43, 169, 8, 25, 5, 193, 100, 15, 99, 133, 32, 104, 163, 2, 87, 184, 40, 62, 143, 12, 71, 72, 144, 34, 98, 18, 88, 19, 158, 165, 48, 157, 16, 107, 63, 67, 179, 120, 38, 140, 122, 44, 11, 103, 29, 178, 55, 161, 51, 175, 42, 53, 4, 101, 78, 26, 37, 152, 21, 97, 119, 47, 58, 23, 28, 166, 52, 65, 69, 132, 197, 138, 17, 70, 30, 95, 56, 127, 181, 154, 54, 109, 150, 186, 79, 14, 145, 9, 76, 185, 116, 155, 171, 27, 35, 73, 20, 66, 130, 176, 3, 188, 125, 121, 117, 134, 112, 115, 33, 177, 6, 10, 168, 61, 108, 196, 83, 123, 194, 113, 74, 93, 180, 129, 91, 92, 139, 126, 172, 13, 187, 173, 86, 81, 136, 89, 182, 77, 148, 198, 75, 41, 192, 106, 156, 90, 153, 174, 60, 96, 189, 141, 111, 105, 142, 149, 167, 39, 135, 191, 164, 94, 195, 162, 199, 160]项目工期为：547.0；项目成本为：213522.2
染色体结构为:
[124, 7, 128, 80, 1, 24, 159, 114, 118, 64, 46, 183, 190, 102, 85, 59, 82, 110, 200, 147, 68, 84, 170, 137, 50, 146, 151, 36, 57, 22, 31, 131, 49, 45, 21, 12, 193, 43, 25, 107, 47, 103, 133, 17, 138, 161, 120, 87, 150, 186, 79, 19, 9, 69, 37, 101, 51, 5, 78, 34, 99, 62, 28, 97, 157, 2, 14, 72, 4, 55, 15, 95, 18, 158, 63, 48, 8, 169, 32, 184, 100, 104, 163, 143, 40, 144, 71, 88, 98, 119, 165, 140, 179, 122, 16, 11, 67, 38, 178, 44, 42, 53, 29, 175, 152, 26, 58, 166, 23, 52, 132, 65, 70, 197, 154, 181, 30, 130, 56, 54, 127, 109, 3, 66, 125, 188, 121, 73, 76, 145, 117, 176, 185, 134, 6, 155, 116, 27, 171, 177, 35, 20, 115, 10, 33, 112, 61, 93, 168, 108, 123, 113, 139, 196, 83, 180, 126, 129, 74, 194, 13, 86, 91, 92, 136, 172, 198, 187, 182, 173, 39, 60, 148, 105, 189, 191, 160, 94, 164, 89, 162, 199, 77, 81, 75, 41, 90, 106, 192, 153, 156, 96, 174, 111, 141, 167, 142, 135, 149, 195]项目工期为：631.0；项目成本为：190964.40000000002
染色体结构为:
[7, 80, 124, 159, 24, 128, 1, 118, 114, 46, 64, 183, 190, 102, 85, 59, 82, 110, 200, 68, 147, 84, 170, 50, 57, 146, 151, 31, 137, 49, 36, 22, 5, 34, 62, 157, 99, 45, 72, 4, 2, 47, 97, 28, 55, 14, 15, 95, 18, 67, 122, 98, 21, 63, 43, 12, 145, 25, 107, 133, 87, 103, 120, 17, 161, 19, 138, 150, 9, 186, 79, 101, 37, 69, 51, 193, 8, 78, 169, 104, 131, 32, 163, 184, 100, 40, 158, 143, 144, 76, 88, 71, 165, 48, 38, 179, 16, 44, 140, 53, 11, 175, 178, 29, 119, 181, 152, 42, 26, 58, 166, 65, 52, 132, 197, 23, 30, 127, 70, 154, 56, 109, 130, 125, 54, 3, 66, 188, 73, 121, 117, 185, 134, 6, 155, 116, 176, 27, 171, 20, 35, 10, 115, 112, 177, 93, 168, 33, 113, 108, 61, 123, 196, 83, 139, 126, 180, 194, 129, 13, 91, 92, 74, 172, 86, 41, 136, 182, 173, 187, 198, 39, 94, 105, 148, 60, 189, 89, 164, 81, 77, 192, 191, 90, 106, 153, 174, 75, 96, 111, 156, 160, 162, 199, 142, 141, 167, 149, 195, 135]项目工期为：689.0；项目成本为：178677.30000000013
染色体结构为:
[124, 7, 128, 80, 24, 1, 159, 114, 118, 64, 183, 190, 46, 85, 59, 82, 102, 200, 110, 147, 68, 84, 170, 137, 50, 151, 146, 57, 22, 36, 31, 131, 49, 45, 21, 12, 193, 43, 107, 25, 47, 103, 133, 17, 138, 120, 161, 87, 150, 186, 79, 9, 19, 69, 101, 37, 51, 5, 78, 34, 62, 97, 99, 28, 157, 2, 14, 72, 55, 4, 15, 95, 18, 158, 63, 48, 8, 169, 184, 32, 100, 104, 163, 143, 144, 40, 71, 88, 98, 119, 140, 165, 179, 122, 16, 11, 67, 38, 44, 178, 42, 53, 29, 175, 152, 26, 58, 23, 166, 52, 132, 197, 65, 70, 154, 181, 30, 130, 56, 127, 54, 3, 66, 109, 188, 125, 73, 76, 121, 145, 185, 117, 176, 134, 155, 116, 6, 27, 35, 171, 177, 20, 115, 10, 33, 112, 93, 61, 108, 168, 123, 113, 83, 139, 196, 180, 126, 129, 74, 194, 13, 91, 86, 136, 92, 172, 187, 198, 182, 173, 39, 60, 105, 148, 189, 160, 164, 191, 94, 162, 77, 89, 199, 81, 75, 41, 90, 192, 106, 156, 96, 153, 174, 111, 141, 142, 167, 135, 149, 195]项目工期为：617.0；项目成本为：194642.30000000005
染色体结构为:
[7, 124, 24, 80, 159, 118, 128, 1, 46, 114, 85, 64, 183, 190, 102, 59, 82, 200, 110, 68, 147, 84, 170, 57, 50, 146, 151, 31, 137, 36, 49, 22, 34, 5, 157, 99, 62, 45, 4, 72, 47, 97, 2, 28, 55, 14, 95, 15, 18, 122, 67, 98, 63, 21, 145, 25, 43, 12, 107, 103, 133, 120, 19, 87, 17, 138, 161, 150, 9, 79, 186, 101, 37, 69, 51, 193, 8, 169, 78, 104, 32, 131, 184, 163, 100, 40, 158, 143, 76, 144, 88, 71, 48, 165, 16, 38, 44, 179, 11, 140, 175, 178, 29, 53, 119, 42, 152, 26, 58, 23, 166, 65, 52, 197, 132, 70, 30, 127, 181, 154, 56, 109, 54, 66, 188, 130, 125, 3, 185, 117, 73, 121, 134, 176, 6, 116, 155, 27, 35, 171, 177, 20, 112, 115, 168, 10, 33, 93, 194, 61, 123, 196, 108, 41, 126, 83, 113, 74, 180, 129, 139, 92, 91, 172, 86, 13, 136, 173, 182, 187, 39, 198, 94, 105, 60, 148, 189, 89, 164, 81, 77, 191, 106, 192, 90, 153, 174, 75, 156, 96, 111, 160, 199, 141, 162, 167, 142, 149, 195, 135]项目工期为：717.0；项目成本为：175047.60000000006
染色体结构为:
[7, 124, 80, 24, 159, 118, 128, 1, 46, 114, 85, 64, 183, 190, 102, 59, 82, 200, 110, 68, 147, 84, 170, 57, 50, 146, 151, 31, 137, 36, 49, 22, 5, 34, 157, 99, 62, 45, 4, 47, 72, 97, 2, 28, 55, 95, 14, 15, 18, 122, 98, 67, 63, 21, 25, 145, 43, 107, 12, 103, 133, 120, 19, 87, 17, 138, 161, 150, 9, 79, 186, 101, 37, 69, 51, 8, 193, 169, 78, 104, 131, 32, 163, 184, 100, 40, 143, 158, 76, 144, 88, 71, 48, 165, 38, 16, 179, 44, 11, 140, 175, 29, 178, 119, 53, 152, 26, 42, 58, 23, 166, 65, 52, 132, 197, 30, 70, 127, 181, 154, 56, 109, 54, 130, 66, 188, 125, 3, 185, 73, 117, 121, 134, 176, 6, 116, 155, 35, 27, 171, 177, 20, 112, 115, 168, 10, 33, 93, 194, 61, 123, 196, 108, 41, 126, 83, 113, 74, 180, 129, 139, 92, 91, 172, 13, 86, 136, 173, 182, 187, 198, 39, 94, 105, 60, 148, 89, 81, 189, 164, 77, 191, 192, 106, 90, 153, 174, 75, 156, 96, 111, 160, 199, 162, 141, 142, 167, 149, 195, 135]项目工期为：729.0；项目成本为：174363.30000000005
染色体结构为:
[124, 80, 7, 24, 128, 159, 1, 114, 118, 64, 46, 183, 190, 85, 102, 59, 82, 110, 200, 147, 68, 84, 137, 170, 50, 151, 146, 36, 31, 22, 131, 57, 49, 45, 21, 193, 12, 43, 107, 25, 103, 133, 47, 17, 138, 87, 120, 161, 150, 186, 79, 9, 19, 101, 69, 37, 51, 5, 78, 62, 34, 97, 99, 28, 157, 2, 14, 72, 4, 15, 55, 95, 18, 158, 48, 63, 8, 169, 184, 32, 100, 104, 163, 143, 40, 144, 71, 88, 119, 98, 165, 179, 140, 122, 16, 67, 38, 11, 44, 178, 42, 53, 29, 175, 152, 26, 58, 23, 166, 52, 132, 65, 197, 70, 154, 181, 30, 56, 130, 54, 127, 3, 66, 109, 188, 125, 73, 76, 121, 145, 185, 117, 176, 134, 155, 116, 6, 27, 171, 35, 177, 20, 10, 33, 115, 112, 93, 61, 108, 168, 123, 113, 83, 139, 196, 180, 126, 129, 74, 194, 13, 91, 86, 136, 92, 172, 187, 198, 182, 173, 39, 60, 105, 148, 189, 191, 160, 164, 89, 94, 162, 77, 199, 81, 41, 75, 90, 192, 106, 156, 153, 174, 96, 111, 167, 141, 142, 135, 149, 195]项目工期为：608.0；项目成本为：195278.50000000003
染色体结构为:
[62, 131, 98, 11, 37, 73, 1, 97, 157, 119, 70, 40, 150, 80, 34, 158, 59, 2, 181, 48, 151, 82, 19, 38, 43, 168, 52, 140, 176, 180, 186, 197, 169, 5, 200, 45, 47, 99, 4, 72, 55, 49, 28, 95, 15, 14, 122, 18, 63, 145, 102, 67, 76, 116, 193, 185, 69, 8, 155, 171, 79, 35, 27, 16, 20, 113, 127, 137, 33, 182, 36, 117, 68, 103, 165, 85, 125, 88, 61, 190, 161, 3, 100, 159, 66, 130, 166, 92, 53, 124, 46, 64, 86, 178, 29, 23, 56, 110, 134, 26, 107, 115, 32, 54, 183, 87, 188, 118, 17, 51, 9, 126, 30, 179, 93, 101, 65, 31, 10, 198, 177, 108, 163, 42, 154, 133, 24, 138, 81, 152, 58, 170, 77, 84, 13, 148, 136, 194, 184, 7, 128, 147, 114, 83, 50, 146, 22, 57, 104, 144, 25, 143, 12, 71, 44, 41, 174, 39, 78, 6, 121, 112, 132, 120, 175, 21, 109, 196, 123, 129, 74, 91, 139, 172, 187, 173, 89, 75, 106, 192, 153, 90, 156, 60, 96, 141, 111, 189, 142, 105, 149, 167, 191, 135, 199, 195, 162, 160, 164, 94]项目工期为：535.0；项目成本为：222991.80000000008
染色体结构为:
[124, 80, 24, 128, 7, 159, 1, 118, 114, 46, 64, 85, 102, 82, 183, 190, 59, 200, 110, 68, 147, 170, 50, 84, 137, 22, 146, 151, 57, 31, 49, 45, 131, 36, 43, 169, 8, 193, 25, 5, 100, 133, 15, 99, 32, 2, 87, 104, 163, 62, 184, 40, 12, 143, 72, 144, 71, 34, 18, 98, 88, 157, 19, 158, 165, 48, 107, 16, 120, 63, 179, 67, 38, 140, 122, 44, 103, 11, 29, 161, 178, 175, 51, 55, 42, 4, 101, 53, 78, 26, 37, 152, 119, 97, 21, 47, 58, 28, 166, 23, 65, 52, 197, 69, 132, 138, 17, 70, 30, 95, 127, 56, 181, 154, 54, 109, 150, 186, 14, 79, 9, 145, 76, 116, 155, 171, 185, 27, 35, 73, 66, 20, 130, 176, 3, 188, 125, 121, 117, 134, 112, 115, 177, 33, 6, 10, 168, 61, 108, 196, 83, 123, 194, 74, 113, 93, 129, 91, 180, 92, 139, 13, 126, 172, 187, 173, 86, 81, 136, 182, 89, 198, 148, 77, 75, 41, 192, 106, 90, 156, 153, 174, 60, 96, 189, 111, 141, 149, 105, 142, 167, 39, 191, 94, 135, 164, 162, 195, 199, 160]项目工期为：572.0；项目成本为：205117.30000000005
染色体结构为:
[80, 7, 128, 131, 62, 98, 11, 73, 37, 1, 97, 157, 119, 40, 70, 158, 150, 34, 59, 124, 181, 24, 2, 159, 114, 46, 118, 183, 64, 85, 190, 102, 48, 82, 151, 19, 43, 168, 38, 52, 176, 140, 197, 180, 186, 169, 200, 5, 45, 99, 47, 4, 72, 28, 49, 15, 55, 95, 14, 63, 122, 18, 145, 76, 67, 185, 193, 116, 69, 155, 171, 79, 8, 35, 127, 27, 16, 20, 113, 182, 137, 117, 68, 33, 36, 88, 165, 103, 125, 161, 61, 100, 3, 130, 66, 92, 166, 53, 86, 29, 56, 178, 23, 110, 26, 134, 32, 115, 54, 107, 188, 51, 87, 17, 30, 126, 9, 93, 65, 179, 101, 198, 177, 31, 108, 10, 163, 133, 42, 138, 154, 152, 81, 58, 170, 77, 148, 13, 84, 184, 136, 83, 194, 147, 57, 50, 146, 22, 25, 104, 12, 144, 143, 41, 71, 44, 174, 78, 39, 6, 112, 121, 132, 120, 196, 175, 109, 123, 129, 74, 21, 91, 139, 172, 173, 89, 156, 160, 75, 90, 187, 106, 60, 153, 96, 189, 192, 142, 141, 111, 167, 149, 105, 199, 191, 195, 135, 162, 94, 164]项目工期为：528.0；项目成本为：224886.89999999997
染色体结构为:
[124, 80, 7, 24, 159, 128, 1, 114, 118, 64, 46, 183, 190, 102, 85, 59, 82, 110, 200, 147, 68, 137, 84, 170, 50, 151, 146, 57, 36, 22, 131, 31, 49, 45, 21, 12, 193, 43, 107, 25, 47, 103, 133, 17, 138, 87, 120, 150, 161, 79, 186, 9, 19, 69, 101, 37, 51, 78, 5, 62, 34, 97, 99, 2, 157, 28, 14, 4, 72, 55, 15, 95, 18, 158, 63, 48, 8, 169, 184, 32, 104, 100, 163, 143, 144, 40, 88, 98, 119, 71, 165, 140, 122, 16, 11, 179, 67, 178, 38, 44, 42, 53, 29, 175, 58, 152, 26, 23, 166, 52, 132, 65, 197, 70, 181, 154, 30, 130, 56, 54, 66, 3, 109, 127, 125, 188, 73, 76, 185, 121, 145, 117, 176, 134, 6, 155, 116, 35, 27, 171, 177, 20, 115, 10, 112, 33, 61, 93, 108, 168, 123, 139, 113, 83, 196, 180, 126, 129, 74, 13, 194, 91, 86, 92, 136, 172, 187, 198, 182, 39, 173, 105, 60, 148, 191, 160, 189, 94, 164, 162, 89, 199, 75, 41, 77, 81, 192, 106, 90, 153, 156, 174, 96, 111, 141, 167, 142, 149, 135, 195]项目工期为：575.0；项目成本为：203993.30000000005
染色体结构为:
[124, 7, 80, 24, 128, 114, 159, 1, 118, 46, 64, 183, 190, 102, 59, 85, 82, 110, 200, 147, 68, 84, 170, 137, 50, 146, 151, 36, 57, 31, 22, 49, 131, 45, 21, 193, 43, 12, 107, 47, 103, 25, 17, 133, 138, 120, 87, 161, 186, 150, 79, 9, 19, 69, 37, 51, 101, 5, 34, 62, 78, 99, 97, 28, 157, 14, 2, 72, 4, 55, 15, 95, 18, 158, 63, 48, 169, 32, 8, 184, 104, 163, 100, 143, 40, 144, 88, 98, 71, 165, 119, 140, 179, 122, 16, 67, 11, 38, 178, 44, 53, 42, 29, 175, 152, 26, 58, 23, 132, 166, 52, 65, 197, 70, 181, 154, 30, 54, 130, 56, 127, 3, 66, 109, 188, 125, 73, 121, 76, 145, 185, 117, 176, 6, 134, 155, 27, 116, 35, 177, 171, 20, 115, 33, 10, 112, 93, 61, 108, 168, 123, 113, 139, 83, 196, 180, 126, 129, 74, 194, 13, 86, 91, 92, 136, 172, 187, 198, 182, 173, 39, 60, 105, 148, 189, 160, 191, 94, 164, 89, 162, 77, 41, 199, 75, 81, 90, 106, 192, 153, 156, 96, 174, 141, 111, 167, 142, 149, 135, 195]项目工期为：618.0；项目成本为：193820.5
染色体结构为:
[80, 7, 128, 62, 131, 11, 98, 37, 73, 1, 97, 157, 119, 70, 40, 150, 158, 59, 34, 181, 124, 24, 2, 159, 114, 118, 46, 183, 64, 190, 85, 102, 82, 48, 151, 19, 43, 168, 38, 52, 176, 140, 180, 197, 186, 169, 200, 45, 5, 99, 47, 72, 4, 28, 49, 55, 95, 15, 14, 63, 122, 18, 145, 76, 185, 67, 116, 193, 69, 155, 171, 79, 8, 35, 127, 27, 16, 20, 113, 182, 137, 33, 117, 68, 36, 88, 165, 103, 125, 161, 61, 100, 3, 130, 66, 92, 166, 53, 86, 56, 29, 178, 23, 110, 26, 134, 32, 115, 107, 188, 54, 51, 87, 17, 30, 126, 9, 93, 179, 65, 101, 198, 177, 31, 10, 108, 163, 42, 133, 154, 138, 152, 81, 58, 170, 77, 13, 148, 84, 184, 136, 194, 83, 147, 50, 57, 146, 22, 104, 25, 12, 144, 143, 41, 71, 174, 44, 39, 78, 6, 121, 112, 132, 120, 196, 175, 109, 123, 129, 74, 21, 91, 139, 172, 173, 156, 89, 160, 75, 187, 90, 106, 60, 153, 96, 192, 189, 141, 142, 111, 167, 105, 199, 149, 191, 195, 135, 162, 94, 164]项目工期为：536.0；项目成本为：219308.1
染色体结构为:
[124, 80, 24, 128, 7, 159, 1, 114, 46, 85, 118, 64, 183, 82, 102, 190, 59, 200, 110, 68, 147, 170, 50, 84, 137, 146, 22, 151, 57, 31, 49, 45, 131, 36, 43, 8, 169, 25, 193, 5, 100, 15, 133, 99, 32, 104, 2, 87, 163, 62, 184, 40, 143, 12, 72, 144, 71, 34, 98, 18, 88, 157, 19, 158, 48, 16, 165, 107, 63, 120, 179, 67, 38, 140, 122, 44, 11, 103, 29, 161, 178, 55, 175, 51, 42, 4, 101, 53, 78, 26, 37, 152, 97, 21, 119, 47, 28, 58, 166, 23, 52, 65, 197, 132, 17, 138, 69, 95, 70, 30, 56, 127, 181, 154, 54, 109, 150, 186, 79, 14, 9, 145, 76, 116, 155, 185, 171, 27, 35, 73, 66, 20, 130, 176, 3, 188, 125, 117, 121, 134, 112, 115, 177, 33, 6, 10, 168, 108, 61, 83, 196, 123, 194, 113, 74, 93, 180, 129, 91, 92, 139, 126, 13, 172, 187, 86, 173, 136, 182, 81, 89, 198, 77, 148, 75, 41, 192, 106, 156, 90, 174, 153, 60, 96, 141, 111, 149, 189, 105, 142, 167, 39, 191, 135, 94, 164, 195, 162, 160, 199]项目工期为：554.0；项目成本为：210872.69999999998
染色体结构为:
[21, 124, 7, 80, 159, 128, 24, 1, 114, 46, 64, 102, 85, 183, 190, 118, 59, 82, 200, 110, 68, 147, 170, 84, 50, 146, 57, 107, 12, 43, 133, 25, 36, 151, 31, 137, 49, 62, 22, 5, 34, 45, 99, 157, 2, 4, 72, 97, 47, 14, 28, 55, 95, 18, 67, 15, 122, 63, 98, 145, 87, 17, 103, 120, 19, 9, 161, 150, 37, 138, 186, 79, 101, 69, 51, 193, 169, 8, 104, 78, 32, 184, 131, 100, 40, 163, 143, 76, 158, 144, 88, 71, 165, 48, 16, 44, 38, 179, 11, 140, 178, 175, 29, 42, 53, 119, 152, 26, 23, 166, 58, 65, 52, 132, 197, 70, 30, 127, 181, 154, 109, 56, 130, 54, 66, 188, 125, 121, 3, 73, 117, 185, 134, 6, 155, 176, 27, 116, 171, 35, 20, 10, 115, 112, 177, 93, 168, 113, 33, 61, 108, 123, 196, 83, 139, 126, 180, 13, 194, 129, 92, 74, 91, 86, 41, 136, 172, 173, 182, 187, 39, 198, 94, 105, 148, 60, 89, 189, 164, 81, 192, 77, 90, 106, 191, 75, 153, 174, 111, 96, 156, 160, 162, 199, 142, 141, 167, 149, 135, 195]项目工期为：803.0；项目成本为：167479.4000000001
染色体结构为:
[7, 124, 24, 159, 80, 118, 128, 114, 1, 46, 85, 64, 183, 102, 190, 59, 82, 200, 110, 68, 147, 84, 170, 57, 50, 146, 31, 151, 137, 36, 49, 34, 22, 5, 99, 157, 45, 62, 4, 47, 72, 97, 2, 28, 55, 14, 15, 95, 18, 122, 67, 21, 63, 98, 145, 43, 25, 107, 12, 133, 103, 120, 19, 87, 17, 138, 150, 161, 9, 186, 79, 101, 37, 69, 193, 51, 8, 169, 78, 104, 131, 32, 163, 184, 100, 40, 143, 158, 76, 88, 144, 71, 48, 165, 38, 16, 179, 44, 11, 140, 175, 29, 119, 178, 53, 42, 152, 26, 58, 23, 166, 65, 52, 197, 132, 70, 30, 181, 127, 154, 109, 56, 54, 130, 66, 188, 3, 125, 185, 117, 73, 121, 134, 176, 6, 116, 155, 27, 35, 171, 177, 20, 112, 115, 168, 10, 93, 33, 61, 194, 123, 196, 41, 108, 126, 83, 113, 74, 180, 129, 91, 139, 172, 92, 86, 13, 173, 182, 136, 187, 198, 39, 94, 60, 148, 89, 105, 189, 81, 164, 77, 106, 191, 192, 153, 174, 90, 75, 156, 96, 111, 160, 199, 162, 141, 167, 142, 149, 195, 135]项目工期为：715.0；项目成本为：175699.40000000005
染色体结构为:
[7, 124, 128, 80, 62, 131, 98, 11, 73, 37, 157, 97, 1, 70, 119, 158, 40, 150, 59, 34, 2, 151, 181, 48, 38, 82, 19, 52, 168, 43, 176, 180, 186, 140, 169, 197, 159, 200, 24, 118, 64, 114, 190, 46, 183, 102, 68, 85, 110, 84, 147, 170, 137, 50, 57, 146, 31, 36, 49, 22, 45, 193, 21, 12, 107, 25, 47, 103, 133, 17, 138, 161, 87, 120, 79, 9, 51, 69, 101, 5, 78, 99, 14, 28, 4, 72, 55, 15, 95, 18, 63, 8, 32, 100, 104, 163, 184, 143, 71, 144, 88, 165, 179, 122, 67, 16, 44, 178, 53, 42, 175, 29, 26, 152, 166, 58, 132, 65, 23, 154, 130, 30, 56, 109, 54, 66, 127, 3, 125, 188, 145, 76, 185, 121, 117, 134, 155, 116, 6, 177, 35, 171, 112, 27, 115, 20, 10, 33, 61, 93, 196, 123, 41, 108, 194, 126, 83, 74, 113, 129, 139, 92, 91, 173, 86, 136, 172, 13, 182, 187, 198, 105, 39, 89, 94, 189, 60, 148, 164, 81, 192, 77, 191, 90, 153, 96, 106, 174, 75, 156, 111, 141, 160, 142, 199, 162, 195, 167, 149, 135]项目工期为：563.0；项目成本为：208107.50000000006
染色体结构为:
[7, 124, 80, 24, 159, 118, 128, 1, 46, 114, 85, 64, 183, 190, 59, 82, 102, 110, 200, 68, 147, 170, 84, 50, 57, 151, 137, 36, 146, 31, 22, 49, 62, 5, 34, 157, 45, 99, 4, 47, 72, 97, 28, 2, 14, 95, 67, 55, 15, 18, 122, 98, 63, 21, 145, 25, 103, 43, 12, 107, 133, 87, 17, 120, 19, 161, 138, 150, 186, 9, 79, 101, 37, 69, 193, 169, 8, 51, 78, 104, 100, 131, 163, 32, 184, 40, 158, 143, 144, 76, 88, 48, 71, 165, 38, 179, 44, 140, 16, 11, 175, 178, 53, 29, 119, 181, 152, 42, 26, 58, 166, 52, 65, 132, 23, 197, 30, 70, 127, 154, 56, 109, 54, 130, 3, 66, 125, 73, 188, 117, 121, 185, 134, 6, 155, 176, 27, 116, 171, 20, 35, 10, 115, 112, 177, 93, 168, 113, 33, 61, 108, 123, 196, 83, 180, 139, 194, 126, 129, 13, 74, 91, 86, 172, 92, 41, 136, 173, 182, 187, 198, 39, 105, 94, 148, 60, 89, 189, 164, 81, 77, 192, 106, 90, 191, 153, 75, 174, 111, 96, 160, 156, 199, 162, 142, 141, 167, 135, 149, 195]项目工期为：775.0；项目成本为：169908.60000000012
染色体结构为:
[21, 124, 7, 80, 159, 128, 24, 1, 114, 64, 46, 102, 85, 183, 190, 118, 59, 82, 200, 110, 68, 147, 170, 84, 50, 146, 57, 107, 12, 43, 133, 25, 36, 151, 31, 137, 49, 22, 62, 5, 34, 45, 157, 99, 2, 72, 4, 97, 47, 14, 28, 55, 18, 95, 67, 15, 122, 63, 98, 145, 87, 17, 103, 120, 19, 9, 161, 150, 37, 138, 79, 186, 101, 69, 51, 193, 169, 8, 78, 104, 32, 131, 184, 100, 163, 40, 76, 143, 158, 144, 88, 71, 165, 48, 16, 38, 44, 179, 11, 140, 178, 29, 175, 42, 53, 119, 152, 26, 23, 166, 58, 65, 52, 132, 197, 70, 30, 127, 181, 154, 109, 130, 56, 54, 66, 188, 125, 121, 3, 73, 117, 134, 185, 6, 176, 155, 27, 116, 171, 35, 20, 10, 115, 112, 177, 93, 168, 113, 33, 61, 108, 196, 123, 83, 139, 126, 180, 194, 13, 129, 92, 74, 91, 86, 41, 136, 172, 182, 173, 187, 39, 198, 94, 105, 148, 60, 89, 164, 189, 81, 77, 192, 90, 191, 106, 75, 153, 174, 111, 96, 156, 160, 162, 199, 142, 141, 167, 149, 135, 195]项目工期为：797.0；项目成本为：168248.8000000001
染色体结构为:
[124, 7, 24, 128, 118, 159, 80, 1, 46, 114, 64, 85, 190, 102, 183, 59, 82, 200, 110, 68, 147, 170, 84, 50, 57, 146, 107, 21, 12, 43, 133, 137, 36, 151, 25, 31, 49, 22, 62, 5, 34, 45, 99, 157, 2, 4, 97, 72, 28, 47, 55, 14, 95, 18, 122, 15, 67, 87, 63, 145, 98, 17, 103, 9, 120, 19, 161, 138, 37, 150, 186, 69, 79, 51, 8, 101, 169, 100, 193, 78, 32, 104, 40, 131, 184, 163, 143, 144, 158, 88, 48, 76, 165, 71, 16, 38, 140, 179, 11, 175, 53, 44, 29, 178, 119, 152, 181, 42, 26, 58, 23, 166, 65, 52, 197, 132, 70, 154, 30, 127, 56, 54, 130, 109, 125, 188, 66, 3, 121, 73, 185, 134, 176, 117, 6, 155, 116, 27, 177, 35, 112, 171, 10, 115, 20, 168, 61, 33, 93, 194, 196, 123, 108, 74, 113, 83, 129, 180, 139, 126, 13, 91, 136, 92, 172, 182, 173, 86, 187, 39, 94, 198, 60, 105, 189, 148, 164, 89, 191, 81, 77, 41, 192, 106, 90, 153, 75, 96, 174, 142, 156, 111, 167, 149, 162, 141, 199, 135, 195, 160]项目工期为：1053.0；项目成本为：160032.4
染色体结构为:
[124, 7, 128, 80, 24, 1, 159, 114, 118, 64, 46, 183, 190, 85, 102, 59, 82, 110, 200, 147, 68, 84, 137, 170, 50, 151, 146, 57, 36, 22, 31, 131, 49, 45, 21, 193, 12, 43, 107, 25, 47, 103, 133, 17, 138, 120, 161, 150, 87, 186, 79, 9, 19, 101, 69, 37, 51, 5, 78, 34, 62, 97, 99, 28, 157, 2, 14, 72, 4, 55, 15, 95, 18, 158, 63, 48, 8, 169, 32, 184, 104, 100, 163, 143, 40, 144, 88, 98, 71, 165, 119, 140, 179, 122, 16, 11, 67, 38, 178, 44, 42, 53, 29, 175, 152, 26, 23, 58, 52, 166, 132, 65, 70, 197, 154, 181, 30, 130, 56, 54, 127, 3, 109, 66, 125, 188, 73, 76, 121, 145, 185, 117, 176, 134, 6, 155, 116, 27, 35, 171, 177, 20, 115, 10, 33, 112, 93, 61, 108, 123, 168, 83, 113, 139, 196, 180, 126, 129, 74, 13, 194, 91, 86, 92, 136, 172, 187, 198, 182, 173, 39, 60, 105, 148, 189, 191, 160, 164, 89, 94, 162, 77, 199, 81, 75, 192, 90, 41, 106, 156, 174, 153, 111, 96, 141, 167, 142, 149, 135, 195]项目工期为：627.0；项目成本为：191445.2
染色体结构为:
[1, 62, 5, 7, 124, 80, 128, 24, 159, 114, 118, 64, 183, 46, 190, 85, 102, 59, 110, 82, 200, 147, 68, 84, 170, 151, 50, 137, 146, 36, 31, 57, 22, 131, 45, 21, 49, 193, 12, 43, 107, 25, 47, 103, 133, 17, 138, 87, 120, 161, 150, 186, 79, 9, 19, 37, 101, 51, 69, 34, 97, 78, 28, 99, 157, 72, 2, 4, 14, 55, 15, 95, 18, 158, 63, 8, 48, 32, 184, 169, 100, 163, 40, 104, 143, 144, 98, 88, 71, 119, 165, 140, 179, 16, 122, 67, 11, 178, 44, 38, 29, 42, 175, 53, 152, 58, 23, 26, 166, 52, 197, 132, 65, 70, 181, 154, 30, 130, 56, 54, 66, 127, 3, 109, 188, 125, 76, 121, 73, 145, 185, 176, 117, 134, 155, 6, 116, 27, 35, 20, 171, 177, 115, 10, 112, 33, 93, 61, 108, 168, 139, 123, 113, 83, 196, 180, 126, 129, 74, 13, 194, 91, 86, 92, 172, 136, 187, 198, 173, 182, 39, 60, 105, 148, 191, 160, 164, 89, 189, 94, 162, 77, 81, 199, 75, 192, 41, 90, 106, 156, 153, 174, 96, 141, 111, 142, 149, 167, 135, 195]项目工期为：594.0；项目成本为：198860.90000000005
染色体结构为:
[7, 24, 124, 159, 80, 118, 128, 1, 46, 114, 85, 64, 183, 190, 102, 59, 200, 82, 110, 68, 147, 84, 170, 57, 50, 146, 31, 151, 137, 36, 49, 22, 34, 157, 5, 99, 45, 4, 62, 72, 47, 97, 2, 28, 55, 14, 95, 15, 122, 18, 67, 98, 63, 21, 145, 25, 107, 43, 12, 103, 133, 120, 19, 87, 17, 138, 161, 150, 9, 186, 79, 101, 37, 69, 51, 8, 193, 169, 78, 104, 131, 32, 163, 184, 40, 158, 100, 143, 76, 144, 88, 71, 48, 38, 165, 16, 44, 179, 11, 140, 175, 178, 29, 119, 53, 152, 42, 58, 26, 23, 166, 65, 52, 70, 132, 197, 30, 181, 56, 127, 154, 109, 54, 130, 188, 125, 3, 66, 185, 117, 73, 134, 176, 121, 6, 116, 155, 27, 35, 177, 171, 112, 20, 115, 10, 168, 194, 33, 93, 61, 123, 196, 108, 41, 126, 83, 113, 74, 180, 129, 139, 92, 91, 172, 86, 13, 136, 173, 182, 198, 187, 39, 94, 105, 60, 89, 148, 189, 81, 77, 164, 191, 106, 192, 90, 153, 174, 75, 156, 96, 111, 162, 199, 160, 142, 141, 167, 195, 135, 149]项目工期为：686.0；项目成本为：180302.1
染色体结构为:
[124, 7, 80, 159, 24, 128, 118, 1, 46, 114, 64, 85, 183, 190, 102, 82, 59, 200, 110, 68, 147, 84, 170, 57, 50, 146, 151, 137, 31, 36, 49, 22, 34, 5, 157, 99, 62, 47, 45, 4, 72, 97, 28, 2, 55, 14, 95, 15, 18, 122, 67, 63, 98, 21, 145, 25, 43, 12, 103, 107, 120, 133, 19, 87, 17, 138, 161, 150, 9, 79, 186, 101, 37, 69, 51, 193, 8, 169, 78, 104, 131, 32, 184, 163, 40, 100, 143, 158, 144, 76, 88, 48, 71, 165, 38, 179, 16, 44, 11, 175, 140, 29, 119, 178, 53, 42, 152, 26, 58, 23, 166, 65, 52, 132, 197, 70, 30, 127, 181, 154, 56, 109, 54, 130, 66, 188, 125, 3, 73, 185, 117, 121, 134, 176, 6, 116, 155, 27, 171, 35, 177, 112, 20, 115, 168, 10, 33, 194, 93, 123, 61, 108, 41, 196, 83, 113, 126, 74, 139, 180, 129, 13, 91, 92, 86, 172, 136, 182, 173, 198, 187, 39, 105, 148, 94, 60, 189, 89, 81, 164, 77, 192, 90, 191, 153, 106, 75, 174, 96, 111, 160, 156, 162, 199, 142, 141, 167, 149, 195, 135]项目工期为：779.0；项目成本为：169776.90000000014
染色体结构为:
[7, 124, 80, 24, 159, 118, 128, 1, 46, 114, 64, 85, 190, 183, 82, 59, 102, 110, 200, 68, 147, 84, 170, 50, 57, 151, 137, 36, 146, 22, 31, 62, 49, 5, 34, 157, 45, 99, 4, 47, 72, 97, 2, 28, 14, 95, 67, 55, 15, 122, 18, 98, 63, 21, 145, 25, 103, 43, 12, 133, 87, 107, 17, 120, 161, 138, 19, 150, 186, 9, 79, 37, 101, 69, 193, 8, 169, 51, 78, 100, 104, 131, 163, 32, 184, 40, 158, 143, 144, 76, 48, 88, 71, 165, 38, 179, 44, 16, 140, 175, 11, 178, 29, 53, 119, 181, 42, 152, 26, 58, 166, 52, 65, 132, 197, 23, 30, 70, 127, 154, 56, 109, 54, 130, 66, 125, 3, 73, 188, 117, 121, 185, 6, 134, 155, 176, 27, 116, 171, 20, 35, 10, 115, 177, 93, 112, 168, 113, 33, 61, 123, 108, 83, 180, 196, 194, 139, 126, 129, 13, 74, 91, 86, 172, 92, 41, 136, 173, 182, 187, 198, 105, 39, 94, 148, 60, 89, 189, 164, 81, 77, 192, 106, 90, 191, 153, 75, 174, 111, 160, 96, 156, 199, 162, 141, 142, 135, 167, 149, 195]项目工期为：787.0；项目成本为：169687.90000000008
染色体结构为:
[124, 7, 80, 128, 1, 159, 24, 114, 118, 64, 46, 183, 190, 102, 85, 59, 82, 110, 200, 147, 68, 84, 170, 137, 50, 146, 151, 36, 22, 57, 31, 131, 49, 45, 21, 193, 12, 43, 107, 47, 25, 103, 133, 17, 138, 161, 120, 150, 87, 186, 79, 19, 9, 69, 37, 101, 51, 5, 78, 34, 62, 99, 28, 97, 157, 2, 14, 72, 4, 55, 15, 95, 18, 158, 63, 48, 169, 32, 8, 184, 100, 104, 163, 143, 40, 144, 71, 88, 165, 98, 119, 140, 122, 16, 179, 11, 67, 38, 178, 44, 42, 53, 29, 175, 152, 26, 58, 166, 23, 52, 132, 65, 70, 197, 154, 181, 30, 130, 56, 54, 127, 109, 3, 66, 125, 188, 121, 73, 76, 185, 145, 176, 117, 134, 6, 155, 116, 27, 171, 35, 20, 177, 115, 10, 33, 61, 112, 93, 168, 108, 123, 139, 113, 196, 180, 83, 126, 129, 194, 74, 13, 91, 86, 92, 136, 172, 182, 198, 187, 173, 39, 60, 105, 148, 189, 191, 160, 164, 89, 94, 199, 162, 77, 81, 75, 90, 41, 106, 192, 153, 156, 96, 174, 111, 141, 167, 142, 149, 135, 195]项目工期为：619.0；项目成本为：193596.60000000003
染色体结构为:
[21, 124, 7, 80, 24, 128, 159, 114, 46, 1, 64, 183, 118, 85, 59, 200, 190, 102, 110, 82, 84, 147, 170, 50, 68, 151, 146, 137, 57, 49, 36, 99, 31, 22, 5, 45, 34, 4, 157, 62, 2, 72, 47, 97, 55, 28, 14, 15, 95, 18, 67, 122, 98, 63, 145, 25, 43, 12, 103, 107, 133, 87, 120, 19, 17, 150, 161, 138, 186, 9, 79, 37, 101, 69, 193, 51, 169, 8, 78, 100, 104, 131, 163, 32, 40, 184, 158, 143, 144, 76, 88, 48, 71, 165, 38, 179, 16, 140, 44, 11, 175, 178, 29, 152, 119, 53, 181, 42, 58, 26, 166, 132, 65, 197, 52, 23, 127, 30, 56, 70, 54, 154, 109, 130, 188, 125, 66, 3, 121, 73, 134, 185, 176, 117, 116, 155, 27, 6, 35, 171, 177, 20, 112, 115, 10, 168, 33, 93, 61, 194, 196, 123, 41, 108, 126, 83, 113, 74, 129, 139, 180, 92, 86, 91, 172, 13, 173, 136, 182, 187, 198, 39, 105, 94, 60, 148, 164, 189, 89, 81, 77, 191, 192, 106, 90, 153, 174, 75, 156, 96, 111, 160, 162, 199, 141, 167, 142, 149, 195, 135]项目工期为：752.0；项目成本为：172114.1000000001
染色体结构为:
[124, 7, 80, 24, 1, 128, 118, 159, 46, 114, 64, 183, 85, 190, 59, 102, 82, 200, 68, 110, 84, 170, 147, 57, 50, 146, 107, 43, 21, 133, 12, 25, 137, 36, 151, 31, 49, 34, 5, 22, 62, 99, 157, 45, 2, 72, 4, 97, 47, 14, 28, 18, 95, 15, 122, 55, 63, 67, 98, 145, 103, 17, 87, 9, 161, 120, 138, 19, 37, 186, 150, 79, 69, 51, 101, 193, 8, 78, 169, 131, 32, 104, 163, 184, 100, 40, 143, 158, 144, 76, 88, 48, 71, 165, 38, 44, 179, 140, 16, 175, 11, 178, 53, 119, 29, 181, 152, 42, 58, 65, 26, 52, 166, 132, 23, 197, 30, 127, 70, 154, 109, 130, 56, 54, 125, 3, 73, 188, 66, 117, 121, 185, 134, 6, 155, 176, 27, 116, 171, 20, 35, 10, 115, 112, 93, 177, 168, 113, 61, 33, 108, 123, 83, 139, 196, 180, 126, 194, 13, 129, 74, 92, 91, 86, 172, 41, 136, 173, 182, 187, 198, 39, 105, 94, 148, 60, 89, 189, 164, 81, 77, 106, 90, 192, 191, 153, 75, 174, 96, 111, 156, 160, 162, 142, 141, 199, 167, 149, 135, 195]项目工期为：794.0；项目成本为：168864.40000000014
染色体结构为:
[1, 62, 5, 124, 7, 80, 24, 128, 114, 159, 118, 64, 183, 46, 190, 85, 102, 59, 110, 82, 200, 147, 68, 84, 170, 151, 50, 137, 146, 36, 31, 22, 57, 131, 49, 45, 21, 193, 12, 43, 107, 25, 47, 103, 133, 17, 138, 87, 120, 161, 150, 186, 79, 9, 19, 101, 37, 69, 51, 34, 97, 78, 28, 99, 157, 72, 14, 2, 4, 55, 15, 95, 18, 158, 63, 8, 48, 32, 184, 100, 169, 163, 104, 143, 40, 144, 98, 88, 119, 71, 165, 140, 179, 16, 122, 67, 11, 178, 44, 38, 29, 42, 175, 53, 152, 58, 23, 26, 166, 52, 197, 65, 132, 70, 181, 154, 30, 130, 56, 54, 66, 127, 3, 109, 188, 125, 76, 73, 121, 145, 185, 117, 176, 134, 6, 155, 27, 116, 171, 35, 20, 115, 177, 10, 33, 112, 93, 61, 108, 168, 139, 123, 113, 83, 196, 180, 126, 129, 74, 13, 194, 91, 92, 86, 172, 136, 187, 198, 173, 182, 39, 105, 60, 148, 191, 160, 189, 164, 89, 94, 162, 77, 81, 199, 75, 192, 41, 90, 106, 156, 153, 96, 174, 141, 142, 111, 167, 149, 135, 195]项目工期为：574.0；项目成本为：204737.60000000003
染色体结构为:
[7, 24, 124, 159, 80, 118, 128, 46, 1, 114, 85, 64, 183, 190, 102, 59, 200, 82, 110, 68, 84, 147, 170, 57, 50, 31, 146, 151, 137, 36, 49, 22, 34, 157, 5, 99, 45, 4, 62, 72, 47, 97, 2, 55, 28, 14, 95, 15, 122, 67, 18, 98, 63, 21, 145, 25, 107, 43, 12, 103, 133, 120, 19, 87, 17, 161, 138, 150, 9, 186, 79, 101, 37, 69, 8, 51, 193, 169, 78, 104, 32, 131, 163, 184, 40, 158, 100, 143, 76, 144, 88, 71, 38, 48, 165, 16, 44, 11, 179, 140, 175, 178, 29, 119, 152, 53, 42, 58, 23, 26, 65, 166, 52, 70, 197, 132, 30, 181, 56, 127, 154, 109, 54, 130, 188, 3, 125, 66, 185, 117, 73, 176, 134, 121, 6, 116, 155, 27, 35, 177, 171, 112, 20, 115, 10, 168, 194, 33, 93, 61, 123, 108, 196, 41, 126, 83, 113, 74, 180, 129, 139, 91, 92, 172, 86, 13, 136, 173, 182, 198, 187, 39, 105, 94, 60, 89, 148, 189, 81, 77, 164, 191, 106, 192, 90, 153, 75, 174, 156, 96, 111, 162, 199, 160, 142, 141, 195, 167, 149, 135]项目工期为：664.0；项目成本为：184114.00000000003
染色体结构为:
[124, 128, 7, 80, 1, 24, 114, 159, 118, 64, 183, 46, 190, 102, 59, 85, 110, 82, 200, 147, 68, 84, 170, 137, 50, 151, 146, 57, 36, 31, 22, 49, 45, 131, 12, 21, 193, 25, 107, 43, 47, 103, 133, 17, 138, 120, 161, 150, 87, 186, 79, 19, 69, 101, 9, 51, 5, 78, 37, 62, 34, 99, 97, 2, 28, 157, 14, 4, 72, 15, 55, 95, 158, 18, 169, 63, 48, 32, 100, 8, 184, 163, 104, 40, 143, 144, 71, 88, 98, 119, 165, 140, 179, 122, 16, 11, 38, 67, 178, 44, 42, 29, 53, 152, 175, 26, 58, 166, 23, 52, 65, 132, 70, 197, 154, 181, 30, 130, 56, 54, 109, 127, 3, 66, 188, 125, 73, 121, 76, 117, 185, 145, 176, 134, 6, 155, 116, 27, 171, 20, 35, 177, 115, 10, 112, 33, 168, 61, 93, 108, 123, 113, 83, 196, 139, 126, 180, 129, 194, 74, 13, 91, 86, 92, 172, 136, 187, 173, 182, 198, 60, 39, 105, 189, 191, 148, 160, 94, 164, 89, 162, 77, 199, 81, 75, 90, 41, 153, 106, 192, 156, 96, 111, 167, 141, 174, 149, 142, 195, 135]项目工期为：586.0；项目成本为：201795.00000000006
染色体结构为:
[21, 124, 7, 80, 159, 128, 24, 1, 114, 46, 64, 102, 85, 190, 183, 118, 59, 82, 200, 110, 147, 68, 170, 84, 50, 57, 146, 107, 12, 43, 133, 25, 36, 151, 31, 137, 49, 62, 22, 5, 34, 45, 99, 157, 2, 4, 72, 97, 47, 14, 28, 55, 95, 18, 67, 15, 122, 63, 98, 145, 87, 17, 103, 120, 19, 9, 161, 150, 37, 138, 186, 79, 101, 69, 51, 193, 169, 8, 104, 78, 32, 131, 184, 100, 40, 163, 143, 76, 158, 144, 88, 71, 165, 48, 16, 44, 179, 11, 38, 140, 178, 175, 29, 42, 53, 119, 152, 26, 23, 166, 58, 65, 52, 132, 197, 70, 127, 30, 181, 154, 109, 56, 130, 54, 66, 188, 125, 121, 3, 73, 117, 185, 134, 6, 176, 155, 27, 116, 171, 35, 20, 10, 115, 112, 177, 93, 168, 113, 33, 61, 123, 108, 196, 83, 139, 126, 180, 194, 13, 129, 92, 74, 91, 86, 41, 136, 173, 172, 182, 187, 39, 94, 105, 198, 148, 60, 89, 189, 164, 81, 192, 77, 90, 106, 191, 75, 153, 174, 111, 96, 156, 160, 162, 199, 141, 142, 167, 149, 195, 135]项目工期为：796.0；项目成本为：168252.0000000001
染色体结构为:
[7, 124, 24, 128, 118, 80, 159, 1, 114, 46, 64, 190, 102, 85, 59, 183, 200, 110, 82, 68, 147, 170, 84, 57, 50, 146, 21, 107, 12, 43, 133, 25, 137, 36, 151, 31, 22, 49, 62, 34, 5, 157, 2, 45, 4, 99, 97, 28, 47, 55, 72, 14, 95, 15, 67, 18, 122, 87, 63, 145, 98, 17, 103, 120, 9, 19, 161, 79, 37, 150, 186, 138, 131, 51, 101, 104, 69, 8, 193, 78, 32, 169, 40, 100, 184, 163, 143, 144, 76, 158, 88, 71, 165, 44, 48, 16, 38, 11, 179, 140, 29, 175, 53, 119, 178, 42, 152, 52, 26, 166, 58, 197, 65, 127, 132, 30, 23, 181, 109, 70, 56, 154, 54, 130, 73, 66, 3, 188, 125, 117, 176, 134, 185, 121, 155, 6, 27, 116, 20, 171, 35, 177, 10, 112, 33, 115, 168, 61, 196, 93, 108, 194, 123, 126, 113, 41, 83, 74, 180, 139, 129, 86, 92, 91, 13, 172, 136, 182, 173, 187, 198, 39, 105, 94, 89, 148, 60, 164, 189, 81, 77, 192, 191, 106, 153, 90, 75, 174, 96, 111, 156, 162, 160, 142, 199, 141, 167, 149, 195, 135]项目工期为：1049.0；项目成本为：160433.90000000005
染色体结构为:
[21, 124, 7, 80, 128, 159, 1, 24, 114, 46, 183, 64, 85, 102, 118, 190, 200, 82, 59, 110, 68, 147, 170, 84, 50, 57, 146, 12, 133, 107, 43, 36, 25, 151, 31, 137, 22, 49, 62, 5, 34, 99, 45, 157, 2, 4, 72, 97, 47, 28, 14, 55, 95, 18, 15, 63, 67, 122, 98, 17, 145, 87, 120, 103, 9, 19, 161, 150, 138, 37, 186, 79, 101, 69, 51, 169, 193, 8, 78, 104, 131, 32, 184, 100, 40, 163, 143, 76, 144, 158, 88, 165, 48, 71, 16, 44, 38, 179, 140, 11, 178, 29, 175, 53, 119, 42, 26, 152, 166, 23, 58, 65, 52, 132, 30, 197, 127, 70, 181, 154, 109, 56, 54, 130, 3, 125, 66, 73, 117, 188, 121, 185, 134, 6, 155, 176, 27, 171, 116, 35, 20, 10, 115, 112, 93, 177, 168, 113, 61, 33, 123, 196, 108, 180, 83, 139, 194, 126, 129, 13, 74, 86, 172, 92, 91, 41, 136, 173, 187, 182, 198, 39, 105, 94, 60, 89, 148, 164, 189, 77, 81, 192, 106, 90, 191, 153, 174, 75, 111, 96, 160, 156, 162, 199, 142, 141, 167, 149, 135, 195]项目工期为：808.0；项目成本为：167200.90000000005
染色体结构为:
[7, 80, 124, 24, 128, 159, 118, 1, 46, 64, 114, 85, 183, 190, 102, 59, 82, 200, 110, 68, 147, 84, 170, 50, 57, 151, 146, 137, 31, 36, 49, 22, 34, 157, 5, 99, 62, 45, 47, 4, 72, 2, 97, 28, 55, 14, 95, 18, 15, 122, 98, 63, 67, 21, 145, 43, 25, 107, 12, 103, 120, 133, 19, 87, 17, 161, 138, 150, 9, 79, 186, 69, 101, 37, 51, 8, 193, 78, 169, 104, 131, 163, 32, 184, 100, 40, 158, 143, 76, 144, 71, 88, 48, 165, 38, 179, 16, 44, 11, 175, 140, 29, 178, 119, 53, 42, 152, 26, 58, 23, 166, 65, 52, 132, 197, 70, 30, 127, 181, 154, 56, 54, 109, 130, 66, 188, 125, 185, 3, 73, 117, 121, 134, 176, 6, 116, 155, 27, 171, 177, 35, 20, 112, 115, 168, 33, 10, 194, 93, 123, 61, 108, 41, 196, 126, 83, 113, 74, 129, 180, 139, 92, 91, 172, 13, 86, 136, 173, 182, 187, 198, 39, 94, 60, 148, 105, 89, 189, 81, 164, 77, 191, 106, 192, 153, 90, 174, 75, 96, 111, 156, 160, 199, 162, 141, 142, 167, 149, 135, 195]项目工期为：700.0；项目成本为：177465.2
染色体结构为:
[7, 124, 80, 128, 1, 24, 114, 159, 118, 64, 183, 46, 102, 190, 85, 59, 110, 200, 82, 68, 84, 147, 170, 137, 50, 146, 151, 57, 31, 22, 36, 45, 131, 49, 12, 193, 107, 21, 25, 43, 133, 47, 138, 103, 161, 17, 120, 150, 87, 186, 79, 19, 9, 101, 69, 37, 5, 51, 78, 34, 62, 99, 97, 2, 157, 28, 4, 14, 72, 55, 18, 15, 95, 158, 63, 48, 8, 32, 169, 100, 184, 163, 143, 104, 40, 144, 71, 88, 98, 119, 165, 179, 140, 122, 11, 16, 67, 178, 38, 44, 42, 29, 53, 175, 152, 26, 58, 23, 166, 52, 132, 65, 70, 197, 154, 181, 130, 30, 56, 54, 109, 127, 3, 66, 188, 125, 73, 121, 76, 185, 145, 117, 134, 176, 6, 155, 116, 27, 35, 171, 177, 20, 115, 10, 112, 33, 61, 93, 168, 108, 123, 113, 83, 139, 180, 196, 126, 129, 194, 74, 13, 91, 92, 136, 86, 172, 187, 39, 198, 182, 173, 105, 60, 189, 148, 191, 164, 160, 89, 162, 94, 81, 77, 41, 199, 90, 75, 192, 106, 156, 153, 96, 174, 111, 141, 167, 149, 135, 142, 195]项目工期为：587.0；项目成本为：201462.20000000004
染色体结构为:
[21, 124, 7, 80, 24, 159, 128, 114, 46, 1, 64, 183, 118, 85, 200, 59, 190, 102, 110, 82, 84, 147, 170, 50, 151, 68, 146, 137, 57, 49, 36, 99, 31, 22, 5, 45, 34, 4, 157, 62, 2, 72, 47, 97, 55, 28, 14, 15, 95, 18, 67, 122, 98, 63, 145, 25, 43, 12, 103, 107, 133, 120, 87, 19, 150, 17, 161, 138, 186, 9, 79, 37, 101, 69, 193, 51, 169, 8, 78, 100, 104, 131, 163, 32, 40, 184, 143, 158, 76, 144, 88, 48, 71, 38, 179, 165, 16, 140, 44, 11, 175, 178, 29, 152, 119, 53, 181, 42, 58, 26, 166, 65, 132, 197, 52, 23, 127, 56, 30, 70, 54, 109, 154, 130, 188, 125, 66, 3, 121, 73, 134, 185, 176, 117, 116, 155, 27, 6, 35, 177, 171, 20, 112, 115, 10, 168, 33, 93, 61, 194, 196, 123, 41, 108, 126, 83, 113, 74, 129, 139, 180, 92, 86, 91, 172, 173, 13, 136, 182, 187, 198, 39, 105, 60, 94, 148, 189, 164, 89, 81, 77, 191, 192, 106, 90, 174, 153, 75, 156, 96, 111, 160, 162, 199, 141, 142, 149, 167, 195, 135]项目工期为：766.0；项目成本为：170682.40000000008
染色体结构为:
[7, 124, 24, 128, 80, 118, 159, 1, 114, 46, 64, 190, 102, 85, 59, 183, 200, 110, 82, 68, 147, 170, 84, 57, 50, 146, 21, 107, 12, 43, 133, 25, 137, 36, 151, 31, 22, 49, 34, 62, 5, 157, 2, 45, 4, 99, 97, 47, 28, 55, 14, 72, 95, 15, 67, 18, 122, 87, 63, 145, 98, 103, 17, 120, 138, 9, 161, 37, 150, 19, 79, 69, 186, 101, 51, 193, 8, 131, 169, 78, 104, 32, 184, 100, 163, 40, 158, 144, 76, 143, 88, 71, 48, 165, 38, 179, 44, 140, 11, 16, 175, 178, 53, 119, 181, 29, 42, 26, 152, 58, 166, 65, 52, 132, 23, 30, 197, 127, 154, 70, 109, 56, 54, 130, 3, 125, 66, 73, 121, 188, 134, 117, 185, 6, 155, 27, 176, 116, 171, 20, 35, 10, 115, 177, 112, 168, 93, 33, 113, 61, 108, 123, 83, 196, 180, 139, 126, 194, 129, 13, 74, 91, 86, 172, 136, 92, 173, 41, 182, 187, 198, 39, 105, 148, 94, 89, 164, 60, 81, 189, 77, 192, 106, 191, 90, 199, 162, 160, 153, 75, 156, 174, 167, 96, 142, 111, 141, 135, 149, 195]项目工期为：897.0；项目成本为：161542.40000000005
染色体结构为:
[124, 7, 128, 80, 24, 1, 159, 114, 118, 64, 46, 183, 85, 190, 102, 59, 82, 110, 200, 68, 147, 84, 170, 50, 137, 146, 151, 57, 31, 36, 22, 131, 45, 49, 21, 193, 12, 43, 107, 25, 47, 103, 133, 17, 138, 161, 120, 87, 150, 186, 79, 19, 9, 101, 69, 51, 37, 5, 34, 78, 62, 99, 97, 157, 2, 28, 14, 72, 4, 55, 18, 15, 95, 158, 63, 48, 169, 8, 32, 184, 100, 163, 104, 143, 40, 144, 71, 98, 88, 119, 140, 165, 179, 122, 11, 67, 16, 38, 44, 178, 42, 53, 175, 29, 26, 58, 152, 166, 23, 52, 65, 132, 197, 154, 70, 181, 30, 130, 56, 54, 127, 109, 3, 188, 66, 125, 73, 76, 121, 145, 185, 117, 176, 134, 6, 155, 27, 116, 35, 177, 171, 20, 10, 115, 112, 61, 33, 93, 108, 168, 123, 113, 83, 139, 196, 126, 180, 129, 194, 74, 13, 91, 86, 92, 136, 172, 182, 187, 173, 198, 39, 60, 105, 148, 189, 191, 94, 160, 162, 89, 77, 164, 199, 75, 81, 41, 90, 106, 192, 156, 96, 174, 153, 111, 141, 167, 142, 149, 135, 195]项目工期为：620.0；项目成本为：192254.10000000003
染色体结构为:
[7, 124, 24, 128, 118, 80, 159, 1, 46, 114, 64, 190, 102, 59, 85, 183, 200, 110, 68, 82, 147, 170, 84, 57, 50, 146, 21, 107, 12, 133, 43, 25, 137, 36, 151, 31, 22, 49, 34, 62, 5, 157, 2, 45, 4, 99, 97, 28, 47, 55, 72, 14, 95, 15, 67, 18, 122, 87, 63, 145, 98, 17, 103, 9, 120, 161, 19, 37, 79, 150, 186, 131, 138, 51, 101, 104, 69, 193, 8, 78, 32, 169, 40, 100, 184, 163, 144, 143, 76, 158, 88, 71, 165, 44, 48, 38, 16, 179, 11, 140, 175, 29, 53, 119, 178, 42, 152, 26, 52, 166, 58, 197, 65, 127, 132, 30, 23, 109, 181, 70, 56, 154, 130, 54, 73, 3, 66, 188, 125, 176, 117, 185, 134, 121, 155, 6, 27, 116, 20, 171, 177, 35, 10, 112, 33, 115, 168, 61, 93, 108, 196, 194, 123, 126, 113, 41, 83, 74, 180, 139, 129, 86, 92, 91, 13, 172, 136, 182, 173, 198, 187, 39, 105, 89, 148, 94, 60, 164, 189, 81, 77, 191, 106, 192, 153, 75, 90, 174, 96, 156, 111, 160, 162, 142, 199, 141, 167, 135, 149, 195]项目工期为：1041.0；项目成本为：160555.50000000006
染色体结构为:
[21, 124, 7, 80, 128, 159, 24, 1, 114, 46, 183, 64, 85, 102, 190, 118, 82, 200, 59, 110, 68, 147, 170, 84, 50, 57, 146, 12, 107, 133, 43, 25, 36, 151, 31, 137, 22, 49, 62, 34, 5, 99, 45, 2, 4, 157, 72, 97, 14, 47, 28, 55, 95, 18, 15, 63, 67, 122, 98, 145, 17, 87, 120, 103, 19, 161, 9, 150, 138, 37, 186, 79, 101, 69, 169, 51, 193, 8, 104, 131, 78, 32, 100, 184, 40, 163, 143, 76, 158, 88, 144, 71, 165, 48, 16, 38, 44, 179, 140, 11, 178, 175, 29, 119, 53, 42, 26, 152, 166, 58, 23, 52, 65, 132, 197, 127, 30, 70, 154, 181, 109, 56, 54, 130, 3, 125, 188, 66, 121, 73, 185, 134, 176, 117, 155, 6, 116, 27, 177, 35, 112, 171, 10, 115, 20, 168, 61, 93, 33, 194, 196, 123, 108, 74, 113, 83, 129, 180, 139, 126, 13, 91, 92, 136, 172, 182, 173, 86, 39, 94, 187, 198, 60, 105, 189, 164, 148, 89, 191, 77, 81, 192, 41, 106, 90, 153, 75, 96, 174, 142, 156, 111, 167, 149, 162, 141, 199, 135, 195, 160]项目工期为：856.0；项目成本为：161551.90000000002
染色体结构为:
[7, 24, 80, 124, 159, 118, 128, 1, 46, 85, 114, 64, 183, 190, 59, 82, 102, 200, 110, 84, 68, 147, 170, 57, 50, 31, 146, 151, 137, 36, 22, 49, 5, 34, 157, 62, 99, 45, 47, 4, 72, 97, 2, 28, 55, 14, 15, 95, 18, 67, 122, 98, 63, 25, 145, 21, 43, 107, 103, 12, 133, 120, 19, 17, 87, 138, 161, 9, 150, 79, 101, 186, 37, 51, 69, 193, 8, 78, 169, 104, 131, 163, 32, 100, 184, 40, 143, 158, 76, 88, 144, 71, 48, 38, 165, 16, 179, 44, 140, 175, 11, 119, 178, 29, 152, 53, 58, 42, 26, 23, 166, 65, 52, 70, 132, 197, 30, 127, 181, 154, 56, 54, 130, 109, 188, 66, 125, 185, 3, 117, 73, 134, 121, 6, 176, 116, 155, 27, 35, 177, 112, 171, 20, 115, 168, 10, 194, 33, 93, 61, 196, 123, 108, 41, 83, 126, 113, 74, 180, 129, 139, 92, 91, 86, 172, 13, 136, 173, 182, 198, 39, 187, 94, 105, 60, 89, 148, 189, 81, 77, 164, 106, 191, 192, 90, 153, 174, 75, 96, 111, 156, 160, 162, 199, 141, 142, 167, 195, 149, 135]项目工期为：661.0；项目成本为：184845.80000000005
染色体结构为:
[124, 7, 80, 24, 1, 128, 118, 159, 46, 114, 183, 64, 85, 59, 190, 82, 200, 102, 68, 110, 84, 170, 147, 57, 50, 146, 107, 43, 21, 133, 25, 12, 137, 36, 151, 31, 34, 5, 49, 22, 62, 99, 157, 45, 2, 4, 72, 97, 47, 14, 28, 18, 95, 15, 122, 55, 63, 67, 98, 145, 103, 17, 87, 9, 161, 120, 138, 19, 37, 186, 79, 150, 69, 51, 193, 101, 8, 78, 169, 131, 32, 104, 163, 184, 100, 40, 143, 158, 144, 76, 88, 48, 71, 165, 38, 44, 179, 140, 16, 175, 178, 11, 53, 119, 29, 181, 152, 42, 58, 65, 26, 52, 166, 23, 197, 132, 30, 70, 127, 154, 109, 130, 56, 54, 125, 3, 73, 188, 66, 117, 121, 134, 185, 6, 155, 176, 27, 116, 171, 35, 20, 10, 115, 112, 93, 177, 168, 61, 113, 33, 123, 108, 83, 139, 196, 126, 180, 194, 13, 129, 74, 92, 86, 91, 172, 41, 136, 173, 182, 187, 198, 39, 105, 94, 148, 60, 89, 189, 164, 81, 77, 90, 106, 192, 191, 153, 75, 174, 96, 111, 156, 160, 162, 142, 141, 199, 167, 149, 135, 195]项目工期为：768.0；项目成本为：170515.00000000015
染色体结构为:
[124, 7, 80, 24, 1, 128, 118, 159, 46, 64, 114, 183, 59, 85, 190, 102, 82, 200, 110, 68, 170, 57, 84, 147, 50, 146, 107, 43, 21, 133, 25, 12, 137, 36, 151, 49, 5, 31, 22, 62, 34, 157, 99, 45, 2, 4, 72, 97, 47, 14, 28, 95, 18, 15, 122, 55, 63, 67, 98, 145, 103, 87, 17, 9, 120, 161, 138, 19, 37, 186, 150, 79, 51, 69, 101, 193, 8, 78, 131, 169, 104, 32, 163, 184, 100, 40, 143, 158, 144, 76, 71, 88, 48, 165, 179, 38, 44, 16, 11, 140, 175, 178, 119, 53, 29, 181, 152, 42, 58, 26, 65, 166, 52, 132, 197, 23, 30, 127, 70, 56, 154, 109, 54, 130, 3, 125, 66, 73, 121, 188, 117, 134, 185, 155, 6, 176, 27, 116, 20, 35, 10, 171, 115, 112, 177, 93, 113, 168, 61, 108, 123, 33, 83, 196, 194, 74, 129, 180, 139, 126, 13, 136, 92, 91, 182, 172, 173, 187, 86, 39, 94, 60, 198, 105, 189, 164, 148, 89, 191, 81, 41, 77, 192, 106, 153, 90, 75, 96, 174, 142, 111, 156, 167, 149, 141, 135, 195, 162, 160, 199]项目工期为：809.0；项目成本为：166618.80000000002
染色体结构为:
[124, 21, 7, 80, 128, 159, 1, 24, 114, 46, 64, 183, 85, 102, 118, 190, 82, 200, 59, 110, 147, 68, 84, 50, 170, 57, 12, 146, 107, 133, 43, 36, 25, 151, 31, 22, 137, 49, 62, 34, 5, 99, 45, 157, 2, 4, 72, 47, 97, 14, 28, 55, 95, 18, 15, 67, 122, 63, 98, 145, 17, 87, 103, 120, 19, 9, 161, 150, 138, 186, 37, 101, 79, 69, 51, 169, 8, 104, 193, 78, 32, 131, 184, 40, 100, 163, 143, 76, 158, 144, 71, 88, 165, 48, 16, 44, 38, 179, 140, 11, 178, 175, 29, 119, 53, 42, 26, 152, 166, 23, 58, 65, 52, 132, 197, 127, 30, 181, 70, 154, 109, 56, 54, 130, 3, 125, 66, 117, 73, 121, 185, 188, 134, 6, 155, 176, 27, 171, 35, 116, 20, 10, 115, 112, 177, 93, 168, 113, 61, 33, 108, 123, 180, 196, 83, 139, 194, 13, 126, 74, 129, 86, 92, 172, 91, 41, 136, 187, 182, 173, 198, 39, 105, 94, 60, 148, 89, 164, 189, 81, 106, 77, 90, 192, 191, 153, 75, 174, 111, 96, 160, 199, 156, 162, 149, 142, 141, 167, 135, 195]项目工期为：849.0；项目成本为：164828.0
染色体结构为:
[7, 80, 24, 124, 128, 159, 118, 1, 46, 114, 64, 183, 190, 85, 59, 102, 82, 110, 68, 200, 147, 84, 170, 50, 57, 146, 151, 137, 31, 36, 49, 22, 5, 34, 62, 157, 99, 45, 47, 4, 72, 97, 28, 2, 55, 14, 95, 15, 122, 18, 67, 98, 63, 21, 145, 43, 107, 12, 25, 133, 103, 87, 120, 19, 161, 17, 138, 150, 9, 186, 79, 101, 37, 69, 51, 193, 8, 169, 78, 131, 104, 32, 163, 100, 184, 40, 143, 158, 144, 76, 71, 88, 48, 165, 179, 38, 16, 44, 140, 11, 53, 175, 178, 29, 119, 181, 152, 42, 26, 58, 65, 166, 52, 132, 23, 30, 197, 127, 70, 56, 154, 130, 109, 54, 125, 3, 66, 188, 73, 121, 117, 185, 134, 176, 6, 155, 116, 171, 27, 10, 20, 35, 115, 112, 177, 93, 168, 113, 33, 108, 61, 123, 83, 196, 139, 126, 180, 194, 129, 13, 74, 91, 92, 86, 172, 41, 136, 182, 173, 187, 198, 39, 105, 94, 148, 60, 89, 189, 164, 81, 192, 77, 191, 106, 90, 153, 75, 174, 96, 111, 156, 160, 162, 142, 199, 141, 167, 149, 135, 195]项目工期为：702.0；项目成本为：176841.80000000008
染色体结构为:
[7, 24, 124, 159, 80, 118, 128, 1, 46, 85, 114, 64, 190, 183, 59, 82, 102, 110, 84, 200, 68, 147, 170, 57, 50, 146, 31, 151, 137, 36, 22, 49, 34, 5, 157, 62, 99, 45, 47, 4, 72, 97, 2, 28, 55, 14, 15, 95, 18, 67, 98, 122, 63, 145, 25, 21, 43, 107, 103, 12, 133, 120, 19, 17, 87, 161, 138, 9, 150, 79, 101, 186, 37, 51, 69, 193, 8, 78, 169, 131, 104, 163, 32, 100, 184, 40, 143, 158, 76, 144, 88, 71, 48, 38, 165, 16, 179, 44, 140, 175, 11, 119, 178, 29, 53, 152, 42, 58, 26, 23, 166, 52, 70, 65, 132, 197, 30, 181, 127, 56, 154, 54, 109, 130, 188, 66, 125, 185, 3, 117, 73, 134, 121, 6, 176, 155, 116, 27, 177, 171, 35, 20, 112, 168, 115, 10, 194, 33, 61, 93, 123, 108, 196, 41, 83, 126, 113, 74, 180, 129, 139, 92, 91, 172, 86, 13, 136, 173, 198, 182, 39, 187, 94, 105, 60, 148, 89, 164, 189, 81, 77, 192, 90, 106, 153, 191, 75, 174, 160, 111, 96, 156, 141, 199, 162, 135, 142, 167, 149, 195]项目工期为：659.0；项目成本为：185043.09999999998
染色体结构为:
[124, 80, 7, 159, 24, 128, 118, 1, 46, 114, 64, 85, 183, 102, 190, 82, 59, 200, 110, 68, 147, 84, 170, 57, 50, 146, 151, 137, 31, 36, 49, 22, 5, 34, 157, 99, 62, 47, 45, 72, 4, 97, 28, 2, 55, 14, 95, 15, 18, 122, 67, 63, 98, 21, 145, 25, 43, 103, 12, 107, 120, 133, 19, 87, 17, 161, 138, 150, 9, 79, 186, 101, 37, 69, 193, 51, 8, 169, 78, 104, 32, 131, 184, 163, 40, 100, 143, 158, 144, 76, 88, 48, 71, 38, 165, 179, 16, 44, 11, 175, 140, 29, 119, 178, 53, 42, 26, 152, 58, 166, 23, 65, 52, 132, 197, 70, 30, 127, 181, 154, 56, 109, 54, 130, 66, 188, 125, 3, 73, 185, 117, 121, 176, 134, 6, 116, 155, 27, 171, 35, 177, 112, 115, 20, 168, 10, 194, 33, 93, 123, 61, 108, 41, 196, 83, 113, 126, 74, 139, 180, 129, 13, 91, 92, 86, 172, 136, 182, 198, 173, 187, 39, 105, 148, 60, 94, 189, 89, 81, 164, 77, 192, 90, 191, 153, 106, 174, 75, 96, 160, 111, 162, 156, 199, 141, 167, 142, 149, 195, 135]项目工期为：767.0；项目成本为：170529.9000000001
染色体结构为:
[80, 124, 24, 128, 7, 159, 1, 118, 114, 46, 64, 85, 82, 102, 183, 190, 59, 200, 68, 110, 147, 170, 50, 84, 22, 137, 146, 57, 31, 151, 49, 45, 131, 36, 43, 169, 8, 193, 25, 5, 100, 133, 15, 99, 32, 2, 87, 104, 163, 62, 184, 40, 12, 143, 72, 144, 71, 34, 18, 98, 88, 19, 157, 158, 165, 48, 16, 107, 120, 179, 67, 63, 38, 122, 140, 44, 103, 11, 29, 161, 178, 175, 51, 55, 42, 4, 53, 78, 101, 26, 37, 152, 119, 21, 97, 47, 58, 28, 166, 23, 65, 52, 197, 69, 138, 132, 17, 70, 30, 95, 127, 56, 181, 154, 54, 109, 150, 186, 79, 14, 145, 9, 76, 116, 155, 171, 185, 27, 35, 73, 66, 130, 20, 176, 3, 188, 121, 125, 117, 134, 112, 115, 177, 33, 6, 168, 10, 108, 61, 196, 83, 123, 194, 74, 113, 93, 129, 91, 92, 180, 139, 13, 126, 172, 187, 173, 86, 81, 136, 182, 89, 198, 148, 77, 75, 192, 106, 41, 90, 156, 153, 174, 60, 96, 189, 141, 111, 149, 105, 142, 167, 39, 191, 94, 164, 135, 162, 195, 199, 160]项目工期为：570.0；项目成本为：206186.1
染色体结构为:
[7, 124, 24, 80, 159, 118, 128, 1, 46, 114, 85, 64, 183, 190, 82, 59, 110, 102, 200, 68, 147, 170, 84, 50, 57, 151, 137, 36, 31, 146, 49, 22, 5, 62, 34, 157, 45, 99, 4, 47, 72, 28, 2, 97, 14, 95, 67, 55, 15, 122, 18, 98, 21, 63, 145, 25, 103, 12, 43, 107, 133, 87, 17, 120, 19, 161, 138, 150, 186, 9, 79, 101, 69, 193, 37, 169, 8, 51, 78, 100, 104, 131, 163, 32, 184, 40, 158, 143, 144, 88, 76, 48, 71, 165, 38, 179, 44, 16, 140, 11, 175, 178, 53, 29, 119, 181, 152, 42, 26, 58, 166, 52, 65, 132, 23, 197, 30, 70, 127, 56, 154, 109, 54, 130, 3, 66, 125, 73, 188, 117, 185, 121, 134, 155, 176, 6, 27, 116, 171, 35, 10, 20, 115, 112, 177, 93, 168, 113, 33, 61, 108, 123, 196, 180, 83, 139, 194, 126, 129, 74, 13, 91, 86, 172, 92, 41, 136, 173, 182, 187, 198, 39, 105, 148, 94, 60, 89, 189, 164, 81, 77, 192, 106, 90, 191, 153, 75, 174, 111, 96, 160, 156, 199, 162, 142, 141, 135, 167, 149, 195]项目工期为：760.0；项目成本为：171065.50000000017
染色体结构为:
[124, 24, 80, 128, 7, 159, 1, 118, 114, 46, 64, 102, 85, 183, 190, 82, 59, 200, 68, 110, 147, 170, 50, 84, 137, 22, 151, 146, 57, 31, 49, 131, 45, 36, 43, 169, 8, 193, 25, 133, 5, 100, 15, 99, 2, 32, 87, 104, 163, 62, 184, 40, 143, 12, 72, 144, 71, 34, 18, 98, 157, 88, 19, 158, 165, 48, 107, 16, 120, 63, 179, 67, 38, 122, 140, 103, 44, 11, 29, 175, 161, 178, 51, 55, 42, 4, 101, 53, 26, 78, 37, 152, 119, 97, 47, 21, 28, 58, 166, 23, 65, 52, 197, 69, 132, 138, 17, 70, 30, 95, 127, 181, 56, 154, 54, 109, 150, 186, 14, 9, 145, 76, 79, 116, 155, 171, 27, 185, 35, 73, 66, 20, 130, 176, 3, 188, 125, 121, 134, 117, 115, 112, 177, 33, 6, 168, 61, 10, 108, 196, 83, 123, 194, 74, 113, 129, 93, 91, 180, 92, 139, 13, 126, 172, 173, 86, 187, 81, 182, 136, 89, 198, 148, 75, 77, 41, 106, 192, 90, 174, 156, 39, 160, 60, 153, 96, 105, 94, 189, 164, 191, 111, 199, 162, 141, 142, 167, 149, 135, 195]项目工期为：566.0；项目成本为：208059.6
染色体结构为:
[124, 7, 128, 80, 24, 1, 159, 114, 118, 64, 46, 183, 190, 102, 85, 59, 82, 110, 200, 147, 68, 170, 84, 137, 50, 151, 146, 36, 57, 31, 22, 131, 49, 45, 21, 193, 12, 43, 107, 25, 47, 133, 103, 17, 138, 120, 87, 161, 150, 186, 79, 9, 19, 69, 101, 37, 51, 5, 34, 78, 62, 99, 97, 28, 157, 2, 14, 72, 55, 4, 15, 18, 95, 158, 63, 48, 8, 169, 32, 184, 100, 104, 143, 163, 40, 88, 144, 71, 98, 119, 165, 179, 122, 140, 16, 11, 67, 178, 38, 44, 42, 29, 53, 175, 152, 26, 58, 23, 166, 52, 132, 65, 197, 154, 70, 181, 30, 130, 56, 54, 127, 3, 109, 66, 188, 125, 76, 73, 121, 145, 185, 117, 176, 134, 6, 155, 116, 27, 35, 171, 177, 20, 115, 10, 33, 112, 93, 61, 108, 168, 123, 113, 83, 139, 196, 180, 126, 129, 194, 74, 13, 91, 86, 92, 136, 172, 187, 198, 182, 173, 39, 60, 105, 189, 191, 148, 160, 164, 94, 89, 162, 77, 199, 81, 41, 90, 192, 75, 106, 156, 153, 96, 174, 111, 141, 142, 167, 149, 135, 195]项目工期为：632.0；项目成本为：190664.9
染色体结构为:
[7, 124, 24, 118, 128, 80, 159, 1, 46, 114, 64, 190, 59, 102, 85, 183, 200, 110, 68, 82, 147, 170, 84, 57, 50, 146, 21, 107, 12, 133, 43, 25, 137, 36, 151, 31, 22, 49, 34, 5, 62, 157, 2, 45, 4, 99, 97, 28, 47, 55, 72, 14, 95, 15, 67, 18, 122, 87, 63, 98, 145, 17, 103, 9, 120, 161, 19, 37, 79, 186, 150, 131, 138, 51, 101, 104, 193, 69, 8, 78, 32, 169, 40, 100, 184, 163, 144, 143, 76, 158, 88, 71, 165, 44, 48, 38, 16, 179, 140, 11, 175, 29, 53, 119, 42, 178, 152, 26, 52, 166, 197, 58, 65, 127, 132, 30, 23, 109, 181, 70, 56, 154, 130, 54, 73, 3, 66, 188, 125, 176, 117, 185, 134, 121, 6, 155, 116, 27, 20, 171, 177, 35, 10, 112, 33, 115, 168, 61, 93, 108, 196, 194, 123, 113, 126, 41, 83, 74, 180, 129, 139, 86, 92, 13, 91, 172, 136, 182, 173, 187, 198, 105, 39, 89, 148, 94, 60, 189, 81, 164, 77, 191, 106, 192, 153, 174, 90, 75, 156, 96, 111, 199, 160, 162, 141, 167, 142, 195, 149, 135]项目工期为：1075.0；项目成本为：159685.60000000003
染色体结构为:
[7, 124, 24, 80, 159, 118, 128, 46, 1, 64, 114, 85, 183, 190, 59, 102, 82, 68, 200, 110, 147, 84, 170, 57, 50, 146, 151, 137, 31, 36, 22, 49, 34, 5, 62, 157, 99, 45, 4, 72, 47, 97, 2, 28, 55, 14, 95, 15, 122, 18, 67, 98, 63, 21, 145, 25, 43, 12, 107, 103, 133, 120, 87, 19, 17, 138, 161, 150, 9, 79, 186, 101, 69, 37, 51, 193, 8, 104, 169, 78, 32, 163, 131, 184, 100, 40, 158, 143, 76, 144, 71, 88, 48, 165, 16, 38, 179, 44, 140, 11, 175, 29, 178, 119, 53, 42, 152, 26, 58, 23, 166, 197, 65, 52, 132, 70, 154, 127, 30, 181, 56, 109, 54, 130, 66, 188, 125, 3, 185, 117, 73, 121, 134, 176, 116, 6, 155, 35, 27, 171, 177, 20, 112, 115, 168, 10, 33, 93, 194, 61, 123, 108, 196, 41, 126, 113, 74, 83, 180, 129, 91, 92, 139, 172, 86, 13, 136, 187, 173, 182, 105, 39, 198, 94, 89, 60, 148, 164, 81, 189, 77, 192, 191, 106, 90, 75, 153, 156, 174, 111, 199, 96, 162, 160, 141, 167, 142, 149, 135, 195]项目工期为：655.0；项目成本为：185773.29999999996
染色体结构为:
[7, 24, 80, 124, 159, 118, 128, 1, 46, 114, 85, 64, 190, 59, 183, 102, 200, 68, 82, 110, 147, 84, 170, 57, 50, 146, 151, 31, 137, 36, 22, 49, 34, 5, 157, 99, 62, 45, 4, 72, 47, 97, 2, 28, 14, 55, 95, 15, 18, 122, 67, 98, 21, 63, 145, 25, 12, 43, 107, 103, 133, 120, 19, 87, 17, 138, 161, 150, 79, 9, 186, 101, 69, 37, 51, 193, 169, 8, 32, 78, 104, 131, 184, 163, 100, 40, 143, 158, 76, 88, 144, 71, 48, 165, 16, 38, 44, 11, 179, 140, 178, 29, 175, 119, 53, 42, 152, 26, 58, 23, 166, 65, 197, 52, 132, 70, 30, 127, 154, 181, 56, 109, 54, 66, 130, 125, 3, 188, 185, 117, 73, 121, 134, 116, 176, 6, 155, 27, 35, 171, 20, 177, 112, 115, 168, 10, 33, 93, 194, 61, 108, 123, 196, 126, 113, 41, 74, 83, 129, 180, 92, 139, 91, 172, 86, 13, 187, 136, 173, 182, 198, 39, 105, 94, 89, 60, 148, 189, 81, 164, 192, 77, 191, 90, 106, 75, 153, 174, 96, 156, 111, 199, 160, 162, 141, 142, 167, 149, 135, 195]项目工期为：671.0；项目成本为：180959.4
染色体结构为:
[128, 124, 7, 1, 24, 80, 114, 118, 159, 46, 64, 102, 85, 183, 190, 82, 200, 110, 68, 59, 147, 170, 84, 50, 137, 146, 151, 31, 22, 49, 57, 45, 36, 131, 43, 169, 8, 5, 25, 193, 15, 100, 99, 133, 32, 104, 163, 2, 87, 62, 40, 184, 143, 12, 72, 71, 144, 34, 98, 18, 88, 19, 158, 48, 165, 157, 16, 107, 63, 67, 179, 120, 38, 140, 122, 44, 103, 11, 29, 178, 55, 161, 175, 51, 42, 53, 4, 101, 78, 26, 37, 152, 97, 21, 119, 47, 58, 28, 23, 166, 52, 65, 132, 69, 17, 197, 138, 70, 30, 95, 56, 181, 127, 154, 54, 109, 150, 186, 14, 79, 145, 76, 9, 185, 116, 155, 171, 27, 35, 73, 66, 130, 20, 176, 3, 188, 125, 121, 117, 134, 112, 115, 33, 177, 10, 6, 168, 61, 108, 196, 83, 123, 194, 113, 74, 93, 129, 180, 91, 92, 139, 126, 172, 13, 187, 86, 173, 81, 136, 89, 182, 77, 148, 198, 75, 41, 192, 106, 156, 153, 90, 174, 60, 96, 141, 189, 105, 111, 149, 142, 167, 39, 135, 191, 164, 94, 162, 195, 199, 160]项目工期为：546.0；项目成本为：214780.30000000008
染色体结构为:
[124, 80, 7, 24, 128, 118, 1, 159, 46, 114, 64, 183, 85, 190, 59, 102, 82, 200, 68, 170, 110, 84, 147, 57, 50, 146, 43, 107, 21, 25, 12, 133, 137, 36, 31, 5, 49, 151, 34, 62, 22, 157, 99, 45, 2, 4, 72, 97, 47, 14, 28, 95, 18, 15, 122, 63, 55, 67, 98, 145, 87, 103, 17, 9, 161, 120, 19, 138, 37, 186, 150, 79, 69, 101, 51, 8, 193, 78, 131, 169, 104, 163, 184, 32, 100, 40, 143, 158, 144, 88, 71, 76, 48, 38, 44, 165, 179, 140, 16, 175, 11, 178, 53, 29, 119, 181, 152, 42, 26, 58, 65, 166, 52, 23, 132, 197, 30, 127, 70, 109, 154, 56, 130, 54, 125, 73, 3, 66, 188, 121, 185, 117, 134, 155, 6, 176, 27, 116, 171, 20, 35, 10, 115, 112, 177, 168, 93, 113, 33, 61, 123, 108, 83, 196, 139, 180, 126, 13, 129, 194, 74, 91, 92, 86, 41, 172, 136, 173, 187, 182, 198, 39, 105, 94, 60, 148, 89, 164, 189, 77, 81, 192, 106, 90, 153, 75, 191, 174, 111, 156, 96, 162, 160, 142, 199, 167, 135, 141, 149, 195]项目工期为：757.0；项目成本为：171195.5000000001
染色体结构为:
[21, 124, 7, 80, 128, 159, 1, 24, 46, 114, 64, 85, 183, 102, 118, 190, 82, 200, 59, 110, 68, 147, 84, 170, 57, 50, 146, 12, 107, 133, 43, 36, 25, 151, 31, 22, 137, 62, 49, 34, 5, 99, 45, 157, 2, 4, 72, 47, 97, 14, 28, 55, 18, 95, 15, 67, 122, 63, 98, 145, 17, 87, 120, 103, 9, 19, 150, 161, 138, 186, 37, 101, 79, 69, 51, 169, 8, 104, 193, 78, 32, 131, 184, 40, 100, 143, 163, 76, 158, 144, 71, 88, 165, 16, 48, 44, 179, 38, 140, 11, 178, 29, 175, 119, 42, 26, 53, 152, 166, 58, 23, 65, 52, 197, 127, 132, 30, 70, 181, 154, 109, 56, 54, 3, 130, 125, 66, 117, 73, 188, 121, 185, 134, 6, 155, 27, 176, 171, 116, 35, 10, 20, 115, 112, 177, 93, 168, 113, 33, 61, 108, 123, 196, 180, 139, 83, 194, 126, 13, 74, 129, 86, 172, 92, 91, 41, 136, 187, 173, 182, 198, 105, 39, 94, 148, 60, 164, 89, 189, 81, 77, 106, 192, 90, 191, 153, 174, 75, 111, 96, 160, 199, 156, 162, 142, 149, 141, 167, 135, 195]项目工期为：821.0；项目成本为：165869.60000000003
染色体结构为:
[124, 7, 24, 128, 118, 159, 1, 80, 114, 46, 64, 190, 102, 85, 59, 183, 200, 110, 68, 147, 82, 170, 84, 57, 50, 146, 21, 107, 151, 31, 137, 49, 36, 22, 5, 34, 62, 99, 157, 45, 47, 4, 72, 2, 97, 28, 55, 14, 95, 15, 122, 18, 67, 98, 63, 145, 43, 25, 12, 133, 103, 87, 120, 19, 161, 138, 17, 9, 150, 186, 79, 101, 37, 69, 51, 193, 8, 169, 78, 131, 104, 32, 184, 163, 100, 40, 158, 143, 144, 76, 71, 88, 165, 48, 179, 38, 16, 44, 140, 11, 53, 175, 178, 29, 119, 181, 152, 42, 26, 58, 65, 166, 52, 132, 23, 197, 30, 127, 70, 56, 154, 109, 54, 130, 125, 3, 66, 188, 73, 121, 117, 134, 185, 176, 6, 155, 116, 171, 27, 20, 10, 35, 115, 112, 177, 93, 168, 33, 113, 108, 61, 123, 83, 196, 139, 126, 180, 194, 129, 13, 74, 91, 92, 86, 172, 41, 136, 182, 173, 187, 198, 39, 105, 94, 148, 60, 189, 89, 81, 164, 77, 192, 191, 106, 90, 153, 174, 75, 96, 111, 156, 160, 162, 142, 199, 141, 167, 149, 135, 195]项目工期为：736.0；项目成本为：172995.90000000008
染色体结构为:
[7, 24, 124, 159, 80, 128, 118, 46, 1, 114, 85, 64, 183, 190, 59, 102, 82, 200, 68, 110, 147, 84, 170, 57, 50, 146, 151, 137, 31, 36, 49, 22, 34, 5, 99, 45, 157, 62, 4, 72, 47, 97, 28, 55, 14, 2, 95, 18, 15, 122, 67, 98, 63, 21, 145, 25, 43, 107, 103, 12, 133, 120, 19, 87, 17, 138, 161, 9, 150, 79, 186, 101, 69, 37, 51, 193, 169, 8, 78, 32, 104, 131, 163, 184, 100, 158, 40, 143, 76, 144, 88, 71, 48, 165, 16, 38, 44, 179, 119, 11, 140, 178, 42, 53, 29, 175, 152, 26, 23, 52, 58, 166, 132, 65, 70, 197, 154, 181, 30, 130, 56, 54, 127, 3, 66, 109, 125, 188, 73, 121, 185, 117, 176, 134, 6, 155, 116, 27, 35, 171, 177, 115, 20, 10, 33, 112, 93, 108, 61, 123, 168, 83, 113, 196, 139, 126, 180, 129, 74, 13, 194, 91, 86, 92, 136, 172, 187, 198, 182, 173, 60, 39, 105, 148, 189, 191, 160, 164, 89, 94, 162, 77, 199, 81, 192, 75, 90, 41, 106, 156, 174, 153, 111, 96, 141, 167, 142, 149, 135, 195]项目工期为：652.0；项目成本为：186166.39999999997
染色体结构为:
[7, 124, 80, 24, 1, 118, 128, 159, 64, 46, 114, 183, 85, 59, 102, 190, 82, 200, 68, 110, 84, 170, 57, 147, 50, 146, 107, 43, 21, 133, 25, 12, 137, 36, 151, 49, 31, 5, 22, 62, 157, 34, 99, 2, 45, 4, 72, 97, 47, 14, 28, 95, 18, 15, 122, 55, 63, 67, 98, 145, 103, 17, 9, 87, 120, 161, 138, 19, 37, 186, 150, 79, 69, 51, 101, 193, 8, 78, 169, 131, 104, 32, 163, 184, 100, 143, 40, 158, 144, 76, 88, 71, 48, 165, 179, 16, 44, 11, 38, 140, 175, 119, 178, 53, 29, 181, 42, 152, 26, 58, 65, 166, 52, 132, 23, 197, 30, 127, 56, 154, 70, 54, 109, 130, 3, 125, 73, 66, 121, 117, 188, 134, 185, 6, 155, 176, 27, 116, 171, 20, 35, 10, 115, 112, 93, 177, 168, 113, 61, 33, 108, 123, 196, 83, 194, 129, 74, 139, 180, 126, 13, 136, 91, 92, 172, 182, 173, 86, 187, 39, 94, 60, 198, 105, 189, 164, 148, 89, 191, 81, 77, 41, 192, 106, 153, 90, 75, 96, 174, 142, 156, 111, 167, 149, 141, 135, 195, 162, 199, 160]项目工期为：853.0；项目成本为：162999.70000000007
染色体结构为:
[21, 124, 7, 80, 128, 159, 24, 114, 1, 46, 183, 85, 64, 102, 190, 118, 82, 200, 59, 68, 110, 147, 170, 84, 50, 57, 146, 12, 133, 107, 43, 25, 36, 151, 31, 137, 22, 49, 62, 5, 34, 99, 2, 45, 4, 157, 72, 97, 14, 47, 55, 95, 28, 18, 15, 63, 67, 122, 98, 145, 17, 87, 120, 103, 19, 161, 9, 150, 138, 37, 186, 79, 101, 69, 169, 51, 193, 8, 131, 104, 78, 32, 100, 184, 40, 163, 143, 76, 88, 158, 144, 71, 165, 48, 16, 38, 44, 179, 140, 11, 178, 175, 29, 119, 53, 42, 26, 152, 166, 58, 23, 52, 65, 132, 197, 127, 30, 70, 154, 181, 56, 109, 54, 130, 3, 125, 66, 188, 121, 73, 134, 185, 176, 117, 155, 6, 116, 27, 177, 35, 112, 171, 10, 115, 20, 168, 61, 93, 33, 194, 123, 196, 108, 74, 113, 83, 129, 180, 139, 126, 13, 92, 91, 172, 136, 182, 173, 86, 39, 94, 187, 198, 60, 105, 189, 164, 148, 191, 89, 77, 81, 192, 41, 106, 90, 153, 75, 174, 142, 96, 111, 156, 167, 149, 162, 199, 141, 135, 195, 160]项目工期为：826.0；项目成本为：164977.69999999998
染色体结构为:
[124, 24, 7, 128, 118, 159, 1, 80, 46, 114, 64, 102, 190, 85, 59, 183, 200, 110, 68, 147, 82, 170, 84, 57, 50, 146, 21, 107, 151, 31, 137, 49, 36, 22, 5, 34, 62, 99, 157, 45, 47, 4, 72, 97, 2, 28, 55, 14, 95, 15, 122, 18, 67, 98, 63, 145, 43, 25, 12, 133, 87, 103, 120, 19, 161, 138, 17, 150, 9, 186, 79, 101, 37, 69, 193, 51, 8, 78, 169, 131, 32, 104, 184, 100, 163, 40, 158, 143, 144, 76, 71, 88, 165, 48, 179, 38, 16, 44, 11, 140, 53, 175, 178, 29, 119, 181, 152, 42, 26, 58, 65, 166, 52, 132, 23, 197, 30, 127, 70, 56, 154, 109, 130, 54, 125, 3, 66, 188, 73, 121, 117, 185, 134, 176, 6, 155, 116, 171, 27, 20, 10, 35, 115, 112, 177, 93, 168, 113, 33, 61, 123, 108, 83, 196, 139, 126, 180, 194, 13, 129, 92, 74, 91, 86, 41, 136, 173, 172, 182, 187, 39, 94, 105, 198, 60, 148, 189, 89, 164, 81, 192, 77, 90, 106, 191, 75, 153, 174, 96, 111, 156, 160, 162, 199, 141, 142, 167, 149, 195, 135]项目工期为：739.0；项目成本为：172739.40000000014
染色体结构为:
[7, 124, 24, 159, 80, 118, 128, 114, 1, 46, 85, 64, 102, 183, 190, 82, 59, 200, 110, 147, 68, 84, 170, 57, 50, 146, 31, 151, 36, 137, 49, 34, 22, 5, 99, 157, 45, 62, 4, 47, 72, 97, 2, 28, 55, 14, 15, 95, 18, 67, 122, 21, 63, 98, 43, 145, 25, 107, 12, 133, 103, 120, 19, 17, 138, 87, 150, 161, 9, 186, 79, 101, 37, 69, 193, 51, 8, 169, 78, 104, 131, 32, 163, 184, 100, 143, 40, 158, 76, 88, 144, 71, 48, 165, 16, 38, 179, 44, 11, 140, 175, 29, 119, 178, 53, 42, 152, 26, 58, 23, 166, 65, 52, 197, 132, 70, 30, 181, 127, 109, 154, 56, 54, 130, 188, 66, 3, 125, 185, 117, 73, 121, 134, 176, 6, 116, 155, 27, 35, 171, 177, 20, 112, 115, 168, 10, 93, 33, 61, 194, 123, 196, 41, 108, 126, 83, 113, 74, 180, 129, 139, 91, 172, 92, 86, 13, 173, 182, 136, 187, 198, 39, 94, 60, 148, 89, 105, 189, 81, 164, 77, 106, 192, 191, 153, 174, 90, 75, 156, 96, 111, 160, 199, 162, 141, 167, 149, 142, 195, 135]项目工期为：706.0；项目成本为：176678.40000000005
染色体结构为:
[7, 124, 128, 80, 24, 1, 159, 114, 64, 118, 46, 190, 85, 183, 102, 200, 59, 82, 147, 110, 170, 68, 84, 137, 50, 151, 146, 57, 36, 22, 31, 131, 49, 45, 21, 193, 12, 43, 107, 25, 47, 103, 133, 138, 120, 17, 87, 161, 150, 186, 79, 19, 9, 69, 101, 37, 51, 5, 78, 34, 62, 97, 99, 28, 157, 2, 14, 72, 4, 55, 15, 95, 18, 158, 63, 48, 8, 32, 169, 184, 100, 104, 163, 143, 144, 40, 71, 88, 98, 119, 165, 140, 179, 122, 16, 11, 67, 38, 178, 44, 42, 53, 29, 175, 152, 58, 26, 23, 166, 52, 132, 65, 197, 70, 154, 181, 30, 130, 54, 56, 127, 66, 3, 109, 188, 125, 73, 76, 121, 145, 185, 117, 176, 134, 155, 116, 27, 6, 171, 35, 20, 177, 115, 10, 33, 112, 93, 108, 61, 168, 113, 123, 83, 139, 180, 196, 126, 129, 74, 194, 13, 91, 86, 136, 92, 172, 187, 198, 173, 182, 39, 60, 105, 189, 148, 191, 164, 160, 89, 94, 162, 77, 199, 81, 41, 75, 90, 192, 106, 156, 153, 174, 96, 111, 167, 141, 142, 149, 135, 195]项目工期为：598.0；项目成本为：196362.9
染色体结构为:
[124, 7, 128, 24, 80, 1, 114, 159, 118, 64, 46, 183, 190, 85, 102, 59, 82, 110, 200, 147, 84, 68, 170, 137, 50, 151, 146, 57, 36, 31, 22, 49, 131, 45, 21, 12, 193, 43, 25, 47, 107, 103, 133, 17, 138, 120, 87, 161, 150, 186, 79, 9, 19, 69, 101, 37, 51, 5, 34, 78, 62, 99, 97, 157, 28, 2, 14, 72, 4, 55, 95, 15, 18, 158, 63, 48, 8, 169, 32, 184, 100, 104, 163, 143, 40, 144, 88, 71, 98, 119, 165, 140, 179, 122, 16, 67, 11, 178, 38, 44, 42, 53, 29, 175, 26, 152, 58, 23, 166, 52, 132, 65, 197, 70, 181, 154, 30, 56, 130, 54, 127, 3, 109, 66, 188, 125, 73, 76, 121, 145, 185, 117, 176, 134, 6, 155, 116, 27, 35, 171, 177, 20, 115, 10, 33, 112, 93, 61, 108, 168, 123, 113, 83, 139, 196, 180, 126, 129, 74, 194, 13, 91, 92, 86, 136, 172, 187, 198, 182, 173, 39, 60, 105, 148, 189, 191, 160, 94, 164, 89, 162, 77, 199, 81, 41, 75, 90, 192, 106, 156, 153, 96, 174, 111, 141, 167, 142, 149, 135, 195]项目工期为：628.0；项目成本为：191180.10000000006
染色体结构为:
[7, 124, 24, 80, 128, 118, 159, 1, 114, 46, 64, 102, 190, 59, 85, 183, 200, 110, 82, 68, 147, 170, 84, 57, 50, 146, 151, 31, 137, 36, 49, 22, 5, 34, 62, 157, 99, 45, 4, 72, 47, 97, 2, 28, 14, 55, 95, 15, 18, 67, 122, 21, 63, 98, 145, 25, 12, 107, 103, 43, 133, 120, 19, 87, 138, 17, 161, 150, 79, 9, 186, 101, 69, 37, 51, 193, 169, 32, 8, 78, 104, 131, 163, 184, 40, 143, 158, 76, 100, 88, 71, 144, 48, 165, 16, 38, 11, 44, 179, 140, 178, 29, 175, 119, 53, 42, 152, 26, 23, 58, 166, 65, 197, 52, 132, 70, 30, 127, 154, 181, 56, 109, 54, 66, 130, 3, 188, 125, 117, 185, 73, 121, 134, 116, 176, 6, 27, 155, 35, 20, 171, 177, 112, 115, 168, 33, 93, 10, 194, 61, 108, 123, 196, 126, 113, 41, 74, 129, 83, 180, 92, 91, 139, 172, 86, 187, 13, 173, 136, 182, 198, 39, 105, 94, 89, 60, 148, 189, 164, 81, 192, 77, 191, 90, 106, 153, 174, 75, 96, 156, 199, 111, 162, 160, 141, 167, 149, 142, 135, 195]项目工期为：669.0；项目成本为：183650.69999999998
染色体结构为:
[21, 7, 124, 159, 80, 128, 24, 1, 114, 46, 64, 102, 85, 190, 118, 183, 82, 59, 200, 110, 147, 170, 68, 84, 50, 57, 146, 12, 107, 25, 43, 133, 151, 36, 137, 31, 62, 49, 22, 34, 5, 45, 157, 99, 2, 4, 72, 97, 47, 14, 28, 55, 95, 18, 67, 15, 122, 63, 145, 98, 87, 17, 103, 120, 19, 9, 161, 150, 37, 138, 186, 79, 101, 69, 51, 193, 169, 8, 104, 78, 32, 131, 184, 100, 40, 143, 163, 76, 158, 144, 88, 71, 48, 165, 16, 179, 44, 11, 38, 178, 140, 175, 29, 42, 53, 119, 152, 26, 23, 166, 65, 132, 52, 58, 197, 70, 127, 30, 181, 154, 109, 56, 130, 54, 66, 188, 125, 121, 73, 117, 3, 185, 6, 134, 176, 155, 27, 116, 171, 35, 20, 10, 115, 112, 177, 168, 93, 33, 113, 61, 123, 108, 196, 83, 126, 139, 180, 13, 194, 129, 92, 74, 91, 86, 41, 173, 136, 172, 182, 187, 39, 94, 105, 198, 148, 89, 60, 189, 81, 164, 77, 192, 90, 106, 191, 75, 153, 174, 111, 96, 156, 199, 160, 162, 141, 142, 167, 149, 195, 135]项目工期为：792.0；项目成本为：169315.8000000001
染色体结构为:
[124, 7, 24, 118, 128, 159, 80, 1, 46, 114, 64, 190, 85, 183, 102, 59, 82, 200, 110, 68, 147, 170, 84, 57, 50, 146, 107, 21, 12, 43, 133, 137, 36, 151, 25, 31, 22, 49, 62, 5, 34, 45, 99, 157, 2, 4, 97, 72, 28, 47, 55, 14, 95, 18, 15, 122, 67, 87, 63, 98, 145, 17, 103, 9, 120, 19, 161, 138, 37, 150, 186, 69, 79, 8, 51, 101, 169, 100, 193, 78, 32, 104, 131, 40, 184, 163, 143, 144, 88, 158, 48, 165, 76, 71, 38, 140, 16, 179, 11, 175, 53, 44, 29, 178, 119, 152, 181, 42, 26, 58, 166, 23, 65, 52, 197, 132, 70, 154, 30, 127, 56, 54, 130, 109, 125, 188, 66, 121, 3, 73, 185, 134, 176, 117, 6, 155, 116, 27, 177, 35, 112, 171, 10, 115, 20, 168, 61, 93, 33, 194, 196, 123, 108, 74, 113, 83, 129, 180, 139, 126, 13, 136, 91, 92, 172, 182, 173, 86, 187, 39, 94, 198, 60, 105, 189, 148, 164, 191, 89, 81, 41, 77, 192, 106, 90, 153, 75, 174, 96, 142, 111, 156, 167, 149, 162, 141, 199, 135, 195, 160]项目工期为：1017.0；项目成本为：160833.80000000002
MID=1.5310138410098448
DM=67278.55633625013
SNS=0.13905140994316487
SM=0.6385104382448987
2.275634205582566E-5
90
共计用时：13秒
