染色体结构为:
[79, 109, 30, 11, 194, 91, 180, 73, 94, 47, 41, 87, 125, 19, 118, 20, 132, 3, 65, 169, 6, 4, 44, 58, 95, 46, 116, 130, 114, 8, 105, 157, 56, 187, 93, 98, 24, 128, 184, 61, 121, 75, 141, 62, 5, 31, 1, 111, 70, 54, 106, 23, 26, 42, 198, 103, 156, 152, 163, 166, 147, 167, 139, 64, 108, 158, 32, 138, 43, 83, 199, 164, 172, 182, 40, 177, 179, 181, 76, 15, 50, 165, 133, 82, 101, 135, 74, 68, 100, 196, 14, 120, 112, 22, 136, 25, 188, 71, 55, 28, 86, 168, 66, 49, 80, 59, 16, 155, 7, 107, 81, 84, 96, 197, 183, 12, 88, 171, 119, 29, 72, 143, 153, 126, 117, 89, 104, 51, 36, 78, 113, 27, 160, 134, 97, 34, 148, 39, 37, 38, 146, 85, 90, 174, 17, 45, 69, 185, 127, 200, 53, 18, 142, 140, 144, 131, 175, 124, 52, 122, 67, 92, 115, 170, 110, 21, 33, 2, 13, 192, 149, 129, 193, 162, 77, 176, 173, 151, 35, 191, 99, 48, 9, 178, 63, 189, 102, 161, 195, 137, 10, 150, 57, 123, 154, 145, 159, 60, 186, 190]项目工期为：200.0；项目成本为：215101.69999999992
染色体结构为:
[79, 11, 30, 194, 73, 113, 3, 158, 147, 107, 97, 187, 94, 34, 121, 59, 26, 197, 66, 114, 95, 72, 96, 122, 163, 80, 105, 175, 91, 120, 18, 39, 184, 138, 84, 77, 192, 22, 199, 178, 32, 40, 62, 179, 200, 171, 12, 177, 112, 98, 169, 83, 47, 82, 90, 25, 152, 27, 128, 35, 127, 42, 23, 139, 51, 69, 76, 135, 36, 24, 130, 58, 116, 20, 134, 115, 101, 191, 188, 70, 104, 37, 67, 136, 2, 81, 86, 164, 108, 89, 10, 196, 50, 8, 38, 64, 1, 142, 111, 172, 28, 166, 55, 168, 14, 49, 68, 141, 44, 16, 46, 7, 65, 125, 160, 155, 118, 87, 31, 100, 117, 4, 137, 140, 19, 144, 109, 41, 180, 132, 5, 6, 131, 106, 157, 181, 85, 198, 126, 43, 54, 33, 183, 167, 63, 162, 133, 74, 78, 61, 119, 124, 123, 99, 17, 154, 159, 88, 53, 153, 21, 60, 71, 93, 145, 56, 75, 146, 15, 182, 195, 52, 102, 190, 176, 151, 103, 129, 161, 165, 150, 48, 92, 156, 189, 110, 57, 9, 29, 45, 186, 13, 173, 148, 193, 143, 185, 170, 174, 149]项目工期为：187.0；项目成本为：228783.30000000002
染色体结构为:
[109, 79, 11, 30, 180, 194, 91, 41, 73, 87, 94, 3, 47, 19, 118, 20, 125, 132, 65, 58, 169, 6, 114, 44, 130, 4, 105, 95, 93, 46, 8, 56, 116, 187, 184, 24, 157, 141, 61, 98, 62, 128, 5, 121, 70, 26, 111, 31, 75, 152, 158, 34, 1, 113, 106, 54, 107, 23, 156, 103, 139, 198, 147, 64, 42, 166, 167, 43, 163, 32, 108, 199, 59, 122, 197, 97, 96, 66, 80, 164, 72, 18, 138, 83, 177, 172, 40, 182, 179, 50, 181, 15, 76, 82, 165, 135, 133, 101, 68, 100, 171, 51, 7, 52, 142, 153, 168, 39, 126, 53, 144, 28, 88, 27, 21, 9, 14, 85, 71, 155, 119, 196, 25, 29, 183, 120, 12, 117, 104, 143, 78, 89, 160, 22, 90, 36, 35, 145, 33, 191, 37, 84, 112, 129, 140, 74, 16, 134, 188, 69, 148, 55, 149, 136, 60, 175, 115, 131, 127, 178, 189, 17, 86, 2, 185, 123, 110, 81, 200, 38, 99, 170, 48, 49, 150, 13, 151, 124, 192, 193, 67, 146, 92, 77, 173, 45, 176, 63, 162, 195, 161, 102, 137, 174, 190, 57, 154, 186, 159, 10]项目工期为：262.0；项目成本为：185655.7
染色体结构为:
[79, 73, 194, 11, 180, 30, 109, 94, 91, 41, 158, 118, 87, 107, 47, 147, 97, 3, 34, 121, 113, 59, 96, 197, 26, 187, 172, 66, 114, 28, 184, 111, 168, 86, 25, 55, 166, 44, 72, 95, 122, 80, 105, 175, 163, 19, 18, 132, 125, 20, 65, 169, 6, 58, 4, 130, 116, 46, 56, 8, 93, 157, 98, 24, 128, 61, 5, 141, 75, 62, 1, 31, 23, 70, 106, 54, 198, 103, 42, 156, 152, 108, 139, 138, 32, 167, 83, 64, 199, 164, 43, 177, 40, 182, 179, 50, 76, 82, 181, 15, 135, 165, 101, 133, 74, 100, 68, 120, 14, 136, 196, 112, 188, 22, 49, 71, 7, 81, 155, 16, 183, 84, 12, 119, 88, 29, 171, 126, 143, 117, 153, 78, 104, 89, 51, 36, 148, 134, 160, 39, 27, 85, 37, 90, 146, 174, 38, 17, 45, 127, 185, 69, 200, 142, 53, 144, 52, 140, 131, 67, 115, 124, 21, 170, 92, 33, 110, 2, 13, 149, 192, 162, 193, 129, 173, 77, 151, 176, 35, 191, 99, 9, 48, 178, 161, 63, 102, 189, 10, 137, 195, 123, 57, 150, 154, 145, 159, 60, 190, 186]项目工期为：196.0；项目成本为：217666.70000000004
染色体结构为:
[79, 30, 109, 194, 73, 94, 11, 91, 41, 180, 87, 47, 19, 3, 118, 132, 20, 125, 65, 58, 6, 169, 44, 130, 95, 114, 105, 4, 46, 93, 8, 116, 56, 187, 184, 24, 157, 61, 98, 141, 5, 62, 128, 121, 26, 70, 111, 75, 31, 158, 1, 113, 152, 34, 106, 107, 54, 23, 156, 198, 103, 147, 42, 139, 166, 64, 43, 167, 163, 108, 199, 59, 32, 197, 122, 97, 96, 66, 80, 72, 18, 164, 83, 138, 177, 172, 40, 179, 181, 182, 50, 15, 82, 76, 165, 133, 101, 100, 135, 171, 68, 51, 7, 52, 142, 153, 168, 39, 126, 53, 144, 28, 88, 27, 21, 9, 14, 85, 71, 155, 196, 119, 25, 29, 183, 120, 12, 143, 117, 104, 89, 78, 22, 90, 160, 35, 36, 33, 191, 145, 37, 84, 112, 129, 140, 16, 134, 74, 148, 188, 69, 55, 149, 136, 60, 175, 115, 131, 127, 17, 178, 86, 189, 2, 185, 123, 81, 110, 200, 38, 99, 48, 49, 170, 13, 150, 151, 124, 192, 193, 92, 67, 146, 77, 45, 173, 176, 63, 162, 102, 174, 161, 57, 195, 10, 137, 154, 159, 186, 190]项目工期为：237.0；项目成本为：194205.10000000003
染色体结构为:
[79, 109, 30, 11, 194, 73, 91, 180, 94, 47, 41, 19, 87, 118, 125, 20, 3, 169, 132, 65, 6, 58, 4, 95, 44, 130, 46, 116, 114, 105, 56, 8, 93, 157, 187, 98, 24, 128, 61, 184, 121, 141, 75, 5, 62, 111, 31, 1, 70, 54, 106, 23, 26, 198, 42, 103, 152, 156, 163, 147, 139, 166, 167, 64, 158, 108, 32, 43, 138, 164, 83, 199, 172, 182, 177, 40, 181, 179, 50, 76, 15, 82, 165, 133, 101, 74, 135, 68, 100, 14, 112, 196, 120, 136, 22, 25, 188, 28, 71, 86, 55, 168, 66, 49, 80, 59, 7, 16, 155, 107, 81, 84, 197, 183, 96, 88, 12, 171, 119, 143, 29, 117, 72, 51, 153, 126, 89, 104, 113, 36, 78, 134, 27, 160, 97, 34, 148, 37, 39, 90, 38, 146, 174, 85, 45, 17, 200, 127, 69, 185, 53, 142, 131, 140, 18, 175, 144, 52, 124, 122, 115, 67, 170, 92, 21, 9, 33, 35, 191, 145, 60, 129, 149, 178, 189, 2, 123, 110, 99, 48, 150, 192, 151, 13, 77, 193, 173, 162, 102, 63, 161, 176, 195, 10, 57, 154, 137, 190, 159, 186]项目工期为：206.0；项目成本为：213260.99999999997
染色体结构为:
[109, 11, 79, 91, 30, 41, 73, 194, 180, 94, 87, 47, 65, 19, 3, 118, 125, 20, 132, 58, 169, 6, 44, 130, 114, 4, 95, 105, 46, 93, 8, 116, 56, 184, 187, 24, 157, 141, 61, 98, 5, 62, 128, 121, 70, 26, 111, 31, 75, 158, 152, 1, 34, 113, 107, 106, 54, 23, 103, 156, 198, 139, 147, 42, 64, 166, 167, 43, 163, 108, 32, 199, 59, 197, 122, 97, 96, 66, 80, 72, 164, 18, 138, 83, 172, 40, 177, 179, 50, 182, 15, 181, 76, 82, 165, 133, 135, 101, 68, 100, 171, 51, 52, 142, 7, 168, 153, 39, 126, 53, 27, 28, 88, 144, 21, 9, 14, 85, 155, 71, 196, 119, 25, 29, 183, 120, 12, 104, 117, 143, 89, 78, 22, 160, 90, 35, 36, 33, 145, 37, 191, 84, 140, 129, 112, 16, 134, 188, 74, 148, 69, 55, 149, 136, 60, 175, 115, 131, 127, 17, 178, 189, 86, 185, 2, 81, 123, 200, 38, 110, 99, 170, 48, 49, 150, 13, 151, 124, 192, 193, 92, 67, 146, 77, 173, 176, 45, 162, 63, 161, 195, 102, 174, 10, 57, 137, 154, 190, 159, 186]项目工期为：255.0；项目成本为：190944.80000000002
染色体结构为:
[79, 194, 73, 180, 11, 109, 30, 94, 91, 41, 158, 118, 87, 107, 147, 47, 97, 3, 34, 121, 59, 113, 197, 96, 26, 172, 187, 66, 114, 184, 28, 111, 168, 25, 86, 55, 166, 44, 72, 95, 122, 105, 80, 175, 163, 18, 19, 125, 132, 20, 169, 65, 6, 58, 4, 130, 116, 46, 56, 8, 93, 157, 98, 24, 128, 141, 61, 75, 5, 62, 1, 70, 31, 23, 106, 54, 198, 42, 103, 156, 152, 139, 108, 138, 167, 32, 83, 64, 199, 164, 177, 43, 182, 40, 179, 50, 76, 181, 15, 135, 82, 165, 101, 133, 74, 68, 100, 14, 120, 196, 136, 112, 22, 188, 49, 7, 71, 81, 155, 16, 84, 183, 12, 119, 88, 29, 171, 126, 143, 117, 153, 78, 104, 51, 89, 36, 134, 148, 160, 27, 39, 37, 90, 85, 146, 174, 38, 17, 45, 127, 185, 69, 200, 142, 53, 144, 140, 52, 131, 115, 124, 67, 21, 170, 92, 33, 110, 2, 13, 149, 192, 162, 193, 129, 173, 77, 151, 176, 35, 191, 99, 9, 48, 178, 161, 63, 102, 189, 137, 10, 57, 195, 123, 154, 150, 145, 159, 60, 186, 190]项目工期为：191.0；项目成本为：222859.00000000003
染色体结构为:
[79, 194, 73, 180, 109, 11, 30, 94, 91, 41, 158, 87, 118, 107, 147, 47, 97, 3, 34, 121, 59, 113, 197, 26, 96, 187, 172, 66, 114, 184, 28, 111, 168, 25, 86, 55, 166, 44, 95, 72, 122, 105, 80, 175, 163, 18, 19, 125, 132, 20, 169, 65, 6, 58, 4, 130, 116, 46, 56, 8, 93, 157, 98, 24, 128, 141, 61, 75, 5, 62, 1, 70, 23, 31, 106, 54, 198, 103, 42, 156, 152, 139, 108, 138, 167, 32, 83, 64, 199, 164, 177, 43, 182, 179, 40, 50, 76, 181, 15, 135, 165, 82, 101, 133, 74, 68, 100, 14, 120, 136, 196, 112, 22, 188, 49, 7, 71, 81, 155, 16, 84, 183, 12, 119, 88, 29, 171, 126, 143, 117, 78, 153, 104, 51, 89, 36, 148, 134, 160, 27, 39, 37, 90, 85, 146, 174, 38, 17, 45, 127, 185, 69, 200, 142, 53, 144, 140, 131, 52, 115, 124, 67, 21, 170, 33, 92, 110, 2, 13, 149, 162, 192, 193, 129, 173, 77, 151, 176, 35, 191, 99, 9, 48, 161, 178, 63, 102, 189, 137, 10, 57, 123, 195, 154, 150, 145, 60, 159, 186, 190]项目工期为：190.0；项目成本为：224577.30000000002
染色体结构为:
[79, 194, 73, 11, 180, 109, 30, 91, 94, 41, 87, 158, 118, 107, 47, 19, 3, 132, 20, 125, 65, 58, 169, 6, 130, 44, 95, 114, 105, 46, 4, 116, 93, 56, 187, 8, 184, 24, 157, 61, 141, 98, 5, 62, 121, 128, 26, 70, 111, 31, 75, 1, 152, 113, 34, 106, 54, 156, 23, 198, 42, 147, 139, 103, 166, 64, 43, 167, 108, 163, 199, 59, 122, 32, 197, 97, 96, 66, 80, 72, 18, 164, 83, 138, 177, 172, 179, 40, 181, 182, 50, 15, 82, 76, 165, 133, 101, 100, 135, 68, 171, 51, 7, 142, 52, 153, 39, 168, 126, 53, 144, 28, 21, 88, 27, 9, 71, 14, 85, 196, 155, 25, 119, 29, 120, 183, 12, 143, 117, 104, 89, 78, 22, 90, 160, 36, 33, 35, 191, 145, 37, 84, 129, 140, 112, 16, 134, 148, 74, 188, 69, 55, 149, 136, 60, 175, 115, 131, 127, 17, 178, 189, 2, 86, 185, 123, 81, 110, 200, 38, 48, 99, 49, 170, 13, 150, 124, 192, 151, 193, 67, 146, 92, 77, 173, 45, 63, 176, 162, 174, 102, 161, 57, 195, 10, 154, 137, 159, 186, 190]项目工期为：208.0；项目成本为：211297.59999999998
染色体结构为:
[11, 79, 30, 194, 73, 109, 87, 180, 47, 94, 41, 91, 19, 118, 3, 125, 20, 65, 44, 132, 6, 169, 158, 58, 107, 147, 97, 187, 113, 59, 26, 34, 66, 121, 197, 114, 72, 96, 122, 80, 95, 105, 163, 120, 18, 175, 77, 184, 84, 39, 192, 138, 4, 46, 130, 8, 116, 56, 157, 98, 24, 93, 128, 141, 61, 5, 62, 75, 1, 111, 70, 23, 31, 54, 198, 106, 139, 42, 156, 152, 103, 167, 166, 108, 199, 64, 43, 83, 32, 172, 164, 40, 177, 179, 181, 76, 182, 15, 50, 135, 165, 82, 133, 68, 101, 100, 74, 136, 196, 14, 25, 112, 22, 188, 71, 28, 86, 168, 55, 49, 16, 155, 7, 183, 81, 119, 88, 12, 29, 171, 143, 153, 126, 51, 78, 117, 104, 160, 89, 27, 36, 134, 37, 90, 38, 148, 146, 174, 85, 17, 45, 127, 200, 69, 142, 185, 53, 131, 140, 52, 144, 124, 67, 92, 115, 33, 170, 21, 110, 2, 149, 13, 129, 193, 173, 176, 162, 151, 191, 35, 99, 48, 178, 9, 189, 161, 102, 63, 137, 195, 150, 123, 57, 159, 10, 145, 154, 60, 190, 186]项目工期为：189.0；项目成本为：227651.50000000003
染色体结构为:
[11, 109, 194, 79, 73, 30, 180, 41, 91, 94, 87, 19, 3, 47, 118, 132, 125, 20, 58, 65, 169, 44, 6, 114, 4, 130, 95, 93, 105, 46, 8, 56, 24, 184, 116, 61, 141, 187, 62, 98, 128, 5, 157, 121, 111, 26, 31, 158, 70, 75, 152, 34, 1, 107, 106, 113, 54, 23, 156, 103, 147, 198, 139, 64, 42, 43, 167, 163, 166, 108, 199, 197, 32, 122, 59, 96, 80, 66, 97, 72, 18, 138, 164, 83, 172, 40, 177, 179, 182, 181, 50, 15, 82, 133, 76, 165, 135, 100, 101, 68, 51, 171, 52, 7, 142, 153, 126, 168, 39, 28, 144, 53, 88, 21, 9, 27, 14, 71, 85, 155, 196, 119, 25, 29, 183, 12, 120, 117, 104, 143, 78, 160, 90, 22, 89, 36, 35, 145, 33, 37, 191, 84, 129, 140, 112, 16, 134, 74, 148, 149, 188, 60, 55, 69, 136, 175, 115, 127, 131, 86, 178, 17, 189, 2, 185, 123, 110, 200, 81, 38, 170, 99, 49, 13, 48, 150, 124, 192, 151, 92, 193, 146, 77, 67, 173, 45, 63, 176, 161, 162, 195, 102, 174, 137, 57, 10, 154, 190, 159, 186]项目工期为：211.0；项目成本为：208574.59999999998
染色体结构为:
[79, 30, 109, 11, 194, 73, 91, 180, 47, 41, 94, 19, 87, 118, 125, 20, 169, 3, 132, 6, 65, 4, 58, 95, 44, 130, 46, 116, 114, 105, 56, 8, 93, 187, 157, 98, 24, 128, 61, 184, 121, 141, 75, 5, 62, 31, 111, 1, 70, 54, 106, 23, 26, 42, 198, 103, 156, 152, 163, 147, 139, 166, 167, 64, 158, 108, 32, 43, 138, 164, 83, 199, 172, 182, 177, 40, 181, 179, 50, 76, 15, 82, 165, 133, 101, 74, 135, 100, 68, 14, 112, 196, 120, 136, 22, 25, 188, 28, 71, 55, 168, 86, 66, 49, 80, 59, 7, 16, 155, 107, 81, 84, 197, 183, 96, 88, 12, 119, 171, 143, 29, 117, 72, 51, 153, 126, 89, 104, 113, 36, 78, 134, 27, 160, 97, 34, 148, 39, 37, 90, 38, 146, 174, 45, 85, 17, 127, 200, 69, 185, 53, 142, 131, 140, 18, 175, 144, 52, 124, 122, 115, 170, 67, 92, 21, 9, 33, 35, 191, 145, 60, 129, 149, 178, 189, 2, 123, 110, 99, 150, 48, 192, 13, 151, 77, 193, 173, 162, 102, 63, 161, 176, 195, 10, 57, 154, 137, 190, 159, 186]项目工期为：194.0；项目成本为：218542.10000000003
染色体结构为:
[79, 109, 30, 11, 91, 194, 73, 180, 94, 47, 41, 87, 125, 19, 20, 118, 132, 3, 65, 169, 6, 4, 44, 58, 95, 46, 116, 130, 8, 114, 105, 56, 157, 187, 93, 98, 24, 128, 184, 61, 121, 75, 141, 62, 5, 31, 1, 111, 70, 54, 23, 106, 26, 42, 198, 156, 103, 152, 163, 166, 147, 167, 139, 64, 108, 32, 158, 138, 43, 83, 164, 199, 172, 182, 40, 177, 181, 179, 15, 76, 50, 165, 82, 133, 135, 74, 101, 68, 100, 196, 14, 120, 112, 22, 136, 188, 25, 71, 86, 55, 28, 66, 168, 49, 80, 16, 59, 155, 7, 107, 81, 84, 96, 197, 183, 12, 88, 171, 119, 29, 143, 72, 153, 117, 126, 89, 104, 51, 78, 36, 113, 160, 27, 134, 97, 148, 34, 39, 37, 38, 146, 85, 174, 90, 17, 45, 69, 185, 127, 200, 53, 142, 18, 140, 144, 131, 175, 124, 52, 67, 92, 122, 115, 170, 110, 21, 33, 2, 192, 13, 149, 129, 193, 162, 77, 176, 173, 151, 35, 191, 99, 48, 9, 178, 63, 189, 102, 161, 195, 137, 57, 10, 150, 123, 154, 145, 159, 186, 60, 190]项目工期为：193.0；项目成本为：222216.69999999995
染色体结构为:
[79, 109, 30, 11, 194, 73, 180, 41, 91, 94, 87, 19, 3, 47, 118, 125, 132, 20, 58, 65, 169, 44, 6, 114, 4, 95, 130, 93, 105, 46, 8, 56, 24, 184, 116, 61, 141, 187, 98, 62, 128, 157, 121, 5, 111, 26, 31, 158, 70, 152, 75, 1, 34, 107, 113, 106, 54, 23, 156, 103, 147, 198, 139, 64, 42, 43, 167, 163, 166, 108, 32, 199, 197, 122, 59, 96, 80, 97, 72, 66, 18, 138, 164, 83, 40, 177, 179, 172, 182, 181, 50, 15, 82, 133, 76, 165, 135, 101, 100, 51, 68, 171, 52, 142, 7, 153, 126, 168, 39, 28, 144, 53, 88, 21, 9, 27, 71, 14, 85, 155, 196, 119, 25, 29, 183, 120, 12, 117, 104, 143, 78, 22, 160, 90, 89, 36, 35, 145, 37, 33, 84, 129, 191, 16, 140, 112, 134, 74, 148, 149, 55, 188, 60, 136, 69, 175, 115, 127, 131, 86, 178, 17, 189, 2, 123, 110, 185, 200, 81, 38, 170, 99, 49, 13, 48, 150, 124, 151, 192, 92, 193, 146, 67, 77, 173, 45, 63, 176, 161, 162, 195, 102, 174, 137, 57, 154, 10, 190, 186, 159]项目工期为：214.0；项目成本为：205130.39999999997
染色体结构为:
[79, 109, 30, 180, 73, 11, 91, 41, 94, 194, 19, 87, 47, 3, 20, 118, 125, 58, 132, 65, 44, 169, 6, 114, 130, 95, 105, 4, 93, 46, 116, 56, 8, 24, 184, 187, 98, 141, 61, 157, 62, 5, 121, 128, 26, 31, 111, 70, 54, 106, 75, 152, 1, 103, 23, 139, 166, 156, 198, 42, 167, 147, 64, 163, 158, 108, 34, 107, 32, 43, 113, 199, 122, 197, 59, 80, 97, 96, 66, 83, 164, 138, 72, 177, 18, 172, 50, 14, 7, 179, 182, 168, 155, 88, 40, 25, 183, 119, 196, 133, 29, 171, 15, 117, 120, 28, 12, 126, 68, 51, 104, 153, 78, 143, 101, 89, 39, 22, 27, 160, 9, 142, 53, 71, 144, 21, 90, 52, 85, 36, 35, 37, 191, 112, 145, 129, 84, 74, 33, 140, 16, 188, 134, 82, 181, 100, 49, 38, 165, 17, 99, 200, 185, 76, 148, 175, 69, 136, 81, 60, 86, 135, 55, 149, 131, 127, 115, 2, 178, 189, 123, 170, 110, 192, 48, 151, 13, 150, 92, 77, 146, 124, 173, 176, 193, 162, 67, 63, 161, 174, 102, 45, 159, 195, 190, 57, 137, 10, 186, 154]项目工期为：252.0；项目成本为：191563.7
染色体结构为:
[30, 109, 79, 11, 41, 180, 94, 73, 91, 19, 194, 87, 3, 47, 125, 118, 20, 132, 65, 58, 169, 130, 114, 44, 6, 4, 93, 95, 105, 46, 8, 56, 184, 116, 24, 61, 141, 187, 98, 62, 157, 128, 5, 26, 121, 31, 111, 70, 106, 54, 152, 156, 1, 23, 75, 139, 103, 198, 166, 42, 147, 167, 158, 64, 163, 108, 138, 43, 199, 83, 177, 32, 164, 172, 40, 179, 14, 113, 34, 107, 122, 59, 80, 197, 66, 97, 96, 72, 18, 182, 50, 7, 168, 88, 155, 25, 119, 196, 133, 183, 29, 171, 120, 28, 15, 117, 12, 68, 126, 153, 104, 143, 78, 101, 51, 160, 22, 39, 89, 27, 9, 142, 144, 53, 71, 52, 21, 90, 36, 85, 35, 37, 112, 191, 129, 140, 145, 33, 74, 16, 84, 188, 82, 100, 134, 181, 165, 76, 49, 38, 175, 17, 99, 69, 185, 200, 60, 55, 148, 136, 149, 86, 131, 135, 115, 178, 81, 189, 2, 127, 123, 110, 170, 48, 151, 13, 150, 192, 77, 92, 124, 146, 193, 173, 176, 67, 161, 45, 162, 174, 102, 195, 63, 57, 159, 137, 10, 186, 190, 154]项目工期为：305.0；项目成本为：175015.00000000012
染色体结构为:
[79, 11, 30, 194, 73, 3, 158, 113, 147, 97, 107, 187, 34, 94, 121, 59, 197, 26, 66, 114, 72, 95, 96, 122, 163, 80, 105, 175, 39, 18, 120, 91, 184, 138, 192, 77, 84, 178, 22, 199, 32, 40, 179, 62, 171, 200, 12, 112, 169, 177, 98, 83, 82, 25, 47, 90, 152, 27, 42, 128, 35, 23, 127, 69, 139, 135, 51, 76, 36, 24, 130, 58, 20, 116, 134, 115, 101, 188, 191, 104, 136, 70, 67, 37, 2, 81, 86, 108, 10, 164, 89, 38, 50, 196, 8, 64, 1, 142, 111, 172, 28, 166, 55, 14, 168, 49, 141, 68, 44, 125, 16, 65, 46, 7, 160, 155, 87, 118, 100, 4, 31, 137, 117, 140, 19, 144, 41, 109, 5, 132, 180, 181, 157, 6, 131, 106, 198, 126, 85, 54, 43, 33, 183, 162, 63, 167, 74, 78, 133, 119, 61, 17, 123, 124, 53, 99, 159, 88, 154, 153, 21, 93, 60, 71, 56, 145, 75, 146, 15, 182, 52, 190, 102, 195, 176, 103, 165, 151, 161, 129, 150, 156, 110, 92, 57, 189, 48, 9, 29, 186, 173, 148, 143, 45, 13, 185, 174, 170, 149, 193]项目工期为：179.0；项目成本为：230027.90000000005
染色体结构为:
[79, 11, 30, 194, 73, 3, 158, 113, 147, 107, 97, 187, 34, 121, 59, 94, 26, 197, 66, 114, 95, 72, 96, 163, 122, 80, 175, 18, 105, 120, 184, 39, 91, 77, 138, 192, 178, 84, 22, 199, 32, 40, 179, 62, 171, 200, 12, 112, 177, 169, 98, 83, 82, 47, 25, 90, 27, 128, 152, 42, 127, 35, 23, 139, 69, 51, 76, 135, 36, 24, 130, 58, 116, 134, 20, 115, 188, 101, 191, 104, 70, 136, 37, 67, 81, 2, 86, 10, 108, 164, 38, 89, 196, 50, 8, 1, 64, 142, 172, 111, 166, 28, 55, 14, 168, 49, 68, 141, 44, 125, 16, 46, 7, 155, 118, 160, 65, 87, 100, 31, 117, 137, 4, 140, 19, 144, 109, 41, 132, 5, 180, 6, 157, 131, 106, 181, 198, 85, 126, 54, 43, 183, 33, 167, 63, 162, 74, 133, 78, 61, 119, 123, 124, 17, 154, 99, 53, 159, 88, 153, 21, 60, 71, 93, 56, 145, 75, 146, 182, 15, 52, 190, 195, 102, 176, 151, 129, 103, 165, 150, 161, 92, 156, 110, 189, 48, 57, 9, 29, 186, 45, 173, 148, 13, 143, 185, 193, 174, 170, 149]项目工期为：177.0；项目成本为：233414.00000000006
染色体结构为:
[30, 79, 109, 11, 180, 73, 41, 94, 91, 194, 19, 87, 47, 3, 118, 20, 125, 132, 65, 169, 58, 130, 44, 6, 95, 4, 114, 105, 93, 46, 8, 56, 24, 116, 184, 98, 187, 61, 141, 5, 157, 62, 121, 128, 31, 26, 54, 111, 70, 75, 1, 106, 152, 23, 156, 103, 139, 198, 166, 147, 42, 64, 158, 167, 163, 108, 107, 34, 113, 43, 32, 197, 199, 122, 80, 97, 59, 96, 66, 72, 83, 164, 177, 138, 172, 50, 18, 7, 14, 179, 182, 168, 40, 155, 25, 88, 119, 183, 133, 196, 15, 120, 28, 29, 117, 171, 126, 12, 68, 153, 51, 78, 104, 143, 101, 89, 22, 39, 160, 27, 9, 142, 71, 144, 53, 52, 85, 21, 36, 90, 35, 37, 191, 112, 145, 129, 33, 84, 74, 140, 16, 82, 188, 134, 100, 49, 181, 38, 165, 99, 200, 17, 76, 185, 136, 175, 69, 148, 60, 81, 86, 55, 127, 135, 131, 115, 178, 149, 2, 123, 189, 170, 110, 192, 48, 13, 151, 150, 77, 92, 124, 193, 146, 173, 176, 63, 67, 161, 162, 102, 174, 195, 45, 159, 57, 190, 10, 137, 186, 154]项目工期为：295.0；项目成本为：177167.50000000003
染色体结构为:
[79, 30, 109, 11, 180, 73, 194, 41, 91, 94, 19, 87, 47, 3, 125, 118, 20, 65, 169, 132, 58, 44, 6, 130, 95, 114, 4, 105, 46, 93, 56, 8, 116, 24, 184, 187, 141, 61, 98, 5, 157, 62, 121, 128, 26, 31, 111, 54, 75, 70, 1, 106, 152, 23, 103, 139, 156, 198, 166, 167, 147, 42, 64, 158, 108, 163, 113, 34, 107, 138, 199, 43, 83, 32, 177, 164, 40, 172, 14, 179, 59, 122, 80, 197, 66, 96, 97, 72, 182, 18, 50, 7, 168, 88, 119, 155, 25, 183, 133, 196, 29, 171, 28, 120, 15, 12, 126, 117, 68, 153, 104, 143, 78, 51, 101, 39, 22, 160, 27, 89, 9, 142, 144, 53, 21, 71, 90, 52, 85, 36, 35, 37, 112, 191, 129, 145, 140, 33, 74, 84, 16, 188, 82, 181, 100, 134, 165, 49, 76, 38, 17, 175, 99, 69, 185, 200, 60, 55, 148, 136, 149, 86, 135, 131, 115, 81, 2, 178, 189, 170, 123, 127, 110, 48, 192, 151, 13, 150, 77, 92, 146, 124, 193, 176, 173, 67, 162, 45, 161, 174, 102, 63, 195, 57, 159, 137, 186, 190, 10, 154]项目工期为：306.0；项目成本为：174782.90000000002
染色体结构为:
[109, 30, 79, 11, 180, 41, 73, 91, 94, 19, 194, 3, 87, 47, 118, 20, 125, 58, 132, 65, 130, 169, 114, 6, 4, 44, 93, 95, 105, 46, 8, 56, 184, 116, 61, 24, 141, 187, 98, 157, 128, 5, 62, 26, 121, 31, 111, 70, 106, 54, 75, 152, 1, 156, 139, 23, 103, 198, 166, 42, 167, 147, 158, 163, 108, 64, 138, 199, 43, 83, 177, 32, 164, 40, 172, 179, 14, 113, 34, 107, 122, 59, 66, 197, 80, 96, 97, 72, 182, 18, 7, 50, 168, 88, 155, 25, 183, 119, 196, 29, 133, 120, 171, 28, 15, 117, 12, 126, 68, 153, 143, 104, 51, 78, 101, 22, 39, 160, 89, 27, 9, 142, 144, 53, 21, 71, 90, 52, 85, 36, 35, 37, 112, 191, 129, 145, 140, 33, 74, 84, 16, 188, 181, 82, 100, 49, 134, 165, 76, 17, 38, 99, 175, 69, 200, 185, 60, 55, 148, 136, 149, 86, 135, 131, 115, 81, 178, 2, 189, 127, 170, 110, 123, 48, 192, 151, 13, 150, 77, 92, 146, 193, 124, 173, 67, 176, 45, 161, 162, 174, 102, 195, 63, 57, 159, 186, 137, 10, 190, 154]项目工期为：270.0；项目成本为：184534.90000000005
染色体结构为:
[109, 79, 11, 180, 30, 91, 194, 41, 73, 94, 3, 87, 47, 19, 118, 20, 125, 132, 65, 58, 169, 6, 114, 44, 130, 4, 105, 95, 93, 46, 8, 56, 116, 187, 24, 184, 157, 61, 141, 98, 62, 128, 5, 121, 70, 26, 111, 31, 75, 152, 158, 34, 1, 106, 113, 54, 107, 156, 23, 103, 139, 198, 147, 64, 42, 166, 43, 167, 163, 108, 199, 59, 32, 122, 197, 97, 96, 66, 80, 164, 72, 18, 83, 177, 138, 40, 182, 179, 172, 181, 50, 15, 76, 82, 165, 135, 133, 101, 68, 100, 171, 51, 7, 52, 142, 153, 168, 39, 126, 53, 144, 28, 88, 27, 21, 9, 14, 85, 71, 155, 196, 119, 25, 29, 183, 120, 117, 12, 104, 143, 78, 89, 160, 22, 90, 35, 36, 33, 191, 145, 37, 84, 112, 129, 140, 16, 74, 134, 69, 188, 148, 55, 149, 136, 60, 115, 175, 127, 178, 131, 189, 17, 86, 2, 185, 123, 110, 81, 200, 38, 99, 170, 48, 49, 150, 13, 124, 151, 192, 67, 193, 146, 92, 77, 173, 45, 176, 63, 162, 195, 161, 102, 137, 174, 57, 186, 190, 154, 159, 10]项目工期为：247.0；项目成本为：192203.80000000002
染色体结构为:
[79, 30, 11, 194, 73, 3, 158, 113, 147, 107, 97, 34, 187, 94, 121, 59, 26, 114, 197, 66, 96, 95, 72, 163, 122, 105, 80, 91, 120, 175, 18, 39, 184, 138, 77, 84, 192, 22, 178, 199, 32, 179, 40, 200, 171, 177, 62, 12, 112, 169, 98, 82, 83, 47, 90, 25, 152, 27, 128, 42, 35, 127, 23, 69, 139, 51, 135, 24, 76, 58, 130, 36, 20, 116, 134, 115, 188, 101, 191, 70, 104, 37, 136, 67, 81, 2, 164, 86, 10, 108, 89, 196, 50, 38, 8, 64, 1, 142, 172, 28, 111, 55, 14, 166, 168, 68, 141, 49, 16, 125, 44, 7, 46, 65, 155, 160, 87, 118, 31, 117, 100, 4, 137, 140, 19, 109, 144, 180, 41, 132, 5, 6, 157, 131, 181, 85, 106, 126, 43, 198, 54, 33, 183, 167, 63, 74, 162, 133, 119, 78, 61, 123, 124, 99, 154, 17, 159, 53, 153, 21, 88, 60, 93, 71, 56, 145, 146, 75, 15, 182, 195, 52, 102, 190, 176, 151, 103, 129, 165, 150, 161, 48, 92, 156, 110, 189, 57, 9, 29, 45, 186, 13, 173, 148, 143, 185, 193, 174, 170, 149]项目工期为：188.0；项目成本为：228655.49999999994
染色体结构为:
[11, 194, 109, 79, 73, 30, 41, 180, 91, 87, 94, 19, 3, 47, 118, 132, 125, 20, 58, 65, 169, 44, 6, 114, 130, 4, 95, 105, 93, 46, 56, 8, 24, 184, 116, 141, 61, 187, 62, 98, 128, 5, 157, 111, 121, 26, 31, 158, 70, 75, 152, 34, 1, 107, 106, 113, 54, 23, 156, 103, 147, 198, 64, 139, 42, 43, 167, 163, 166, 108, 199, 197, 32, 122, 59, 80, 66, 96, 97, 72, 138, 18, 164, 83, 172, 40, 177, 179, 182, 181, 50, 15, 82, 76, 133, 165, 135, 100, 68, 101, 51, 171, 7, 52, 153, 142, 126, 168, 39, 28, 144, 53, 88, 21, 9, 14, 27, 71, 85, 155, 196, 119, 25, 29, 183, 12, 120, 117, 143, 104, 78, 160, 22, 90, 89, 36, 35, 145, 33, 37, 191, 84, 129, 140, 112, 16, 134, 74, 148, 149, 188, 60, 69, 55, 136, 175, 115, 127, 131, 86, 178, 189, 17, 2, 185, 123, 110, 200, 81, 38, 170, 99, 49, 13, 48, 150, 124, 192, 151, 92, 193, 146, 77, 67, 173, 63, 45, 176, 161, 162, 195, 102, 174, 137, 57, 10, 154, 190, 159, 186]项目工期为：210.0；项目成本为：210522.2
染色体结构为:
[11, 109, 194, 73, 79, 30, 180, 41, 91, 94, 19, 87, 3, 47, 118, 125, 132, 20, 58, 65, 44, 169, 6, 114, 4, 130, 95, 93, 105, 46, 8, 56, 24, 116, 184, 187, 61, 141, 62, 98, 128, 157, 121, 111, 5, 26, 158, 31, 70, 152, 75, 34, 1, 107, 113, 106, 54, 23, 156, 103, 147, 198, 139, 64, 42, 43, 167, 163, 166, 108, 32, 199, 197, 122, 59, 96, 80, 66, 72, 97, 18, 138, 164, 83, 172, 40, 177, 179, 182, 181, 50, 82, 15, 133, 76, 135, 165, 101, 100, 68, 51, 52, 171, 7, 153, 168, 142, 126, 39, 28, 144, 53, 88, 21, 27, 9, 71, 14, 85, 196, 155, 119, 25, 183, 29, 12, 120, 117, 104, 143, 78, 22, 160, 90, 89, 36, 35, 33, 145, 37, 191, 84, 129, 112, 140, 16, 134, 74, 148, 149, 188, 60, 69, 55, 136, 175, 115, 127, 131, 86, 17, 178, 189, 2, 123, 185, 110, 200, 81, 38, 170, 99, 49, 48, 13, 150, 124, 192, 151, 193, 92, 146, 67, 173, 77, 63, 45, 176, 161, 162, 195, 102, 10, 174, 57, 137, 154, 190, 159, 186]项目工期为：217.0；项目成本为：201827.09999999998
染色体结构为:
[109, 79, 30, 11, 180, 73, 91, 94, 41, 194, 87, 19, 3, 47, 20, 118, 132, 125, 65, 58, 169, 44, 6, 130, 4, 114, 93, 105, 95, 46, 8, 56, 116, 184, 24, 61, 187, 141, 157, 98, 5, 62, 128, 121, 26, 111, 54, 31, 70, 75, 1, 106, 23, 152, 156, 103, 139, 198, 147, 166, 42, 167, 158, 64, 163, 108, 43, 138, 199, 83, 32, 177, 164, 179, 40, 172, 50, 14, 182, 7, 155, 168, 88, 96, 25, 119, 183, 133, 59, 196, 29, 15, 171, 107, 28, 120, 117, 72, 12, 68, 80, 66, 51, 153, 126, 104, 78, 22, 143, 89, 27, 101, 113, 160, 71, 142, 39, 53, 144, 9, 21, 122, 85, 90, 36, 52, 35, 37, 191, 145, 129, 112, 84, 33, 140, 16, 34, 100, 188, 82, 74, 49, 181, 38, 134, 97, 165, 197, 18, 76, 135, 17, 200, 185, 99, 136, 175, 148, 86, 69, 55, 60, 131, 81, 149, 115, 127, 2, 178, 123, 189, 110, 192, 170, 48, 13, 150, 151, 77, 124, 193, 92, 173, 146, 176, 162, 67, 45, 63, 161, 102, 195, 174, 10, 57, 137, 154, 190, 186, 159]项目工期为：354.0；项目成本为：165930.30000000005
染色体结构为:
[109, 11, 194, 79, 73, 30, 180, 41, 91, 87, 94, 3, 158, 113, 147, 107, 187, 97, 34, 121, 59, 26, 66, 197, 114, 96, 95, 72, 122, 163, 80, 105, 175, 18, 39, 120, 138, 184, 77, 84, 192, 22, 178, 199, 32, 179, 40, 62, 200, 12, 171, 112, 177, 169, 98, 82, 83, 47, 90, 25, 27, 152, 128, 42, 35, 127, 69, 139, 23, 51, 135, 76, 36, 24, 130, 58, 20, 116, 115, 101, 134, 188, 191, 104, 70, 136, 67, 37, 2, 81, 86, 164, 10, 108, 89, 196, 38, 50, 8, 1, 64, 172, 142, 111, 55, 28, 166, 14, 168, 49, 68, 141, 125, 44, 16, 46, 7, 65, 155, 160, 118, 100, 31, 117, 4, 137, 140, 19, 144, 132, 6, 5, 131, 157, 106, 198, 181, 126, 85, 43, 54, 183, 33, 63, 167, 162, 133, 74, 119, 78, 61, 123, 124, 99, 17, 53, 154, 159, 88, 153, 60, 21, 71, 56, 93, 145, 75, 146, 15, 182, 195, 52, 190, 102, 103, 176, 151, 129, 165, 150, 161, 48, 92, 110, 156, 57, 189, 9, 29, 186, 45, 13, 173, 148, 185, 143, 193, 174, 170, 149]项目工期为：169.0；项目成本为：239460.59999999998
染色体结构为:
[79, 30, 109, 73, 194, 94, 11, 41, 180, 91, 87, 47, 19, 3, 118, 132, 20, 65, 125, 58, 6, 169, 44, 130, 95, 114, 4, 105, 46, 93, 116, 8, 56, 187, 184, 24, 157, 61, 98, 141, 5, 62, 128, 121, 26, 70, 111, 75, 31, 158, 1, 113, 152, 106, 34, 107, 54, 23, 156, 103, 198, 147, 42, 139, 166, 64, 43, 167, 163, 108, 199, 59, 197, 32, 122, 97, 96, 66, 80, 72, 18, 164, 138, 83, 177, 40, 172, 179, 181, 182, 50, 15, 76, 165, 82, 133, 101, 100, 135, 171, 68, 51, 7, 52, 153, 142, 168, 39, 53, 126, 144, 28, 88, 27, 21, 9, 85, 14, 71, 155, 196, 119, 183, 29, 25, 120, 12, 143, 117, 104, 89, 78, 22, 90, 160, 35, 36, 33, 191, 145, 84, 37, 112, 129, 140, 16, 148, 134, 74, 188, 69, 55, 149, 60, 136, 115, 175, 131, 127, 178, 17, 86, 189, 185, 2, 123, 81, 110, 200, 38, 99, 48, 49, 170, 13, 150, 151, 124, 192, 193, 92, 77, 146, 45, 173, 67, 176, 162, 102, 63, 174, 161, 57, 195, 10, 137, 154, 190, 159, 186]项目工期为：227.0；项目成本为：198867.69999999992
染色体结构为:
[79, 109, 30, 73, 94, 194, 11, 41, 180, 91, 47, 87, 19, 3, 132, 20, 118, 65, 58, 6, 125, 169, 44, 130, 95, 105, 114, 4, 93, 46, 116, 8, 56, 187, 184, 157, 24, 61, 98, 5, 141, 62, 128, 26, 121, 111, 70, 75, 31, 158, 1, 113, 152, 106, 107, 34, 54, 23, 156, 103, 198, 147, 42, 139, 166, 64, 43, 167, 163, 108, 199, 59, 32, 197, 122, 97, 96, 66, 80, 72, 164, 18, 83, 138, 40, 177, 172, 181, 179, 182, 50, 15, 76, 82, 165, 133, 101, 100, 171, 68, 135, 51, 52, 7, 153, 168, 142, 39, 53, 126, 144, 28, 88, 27, 21, 9, 14, 71, 85, 155, 196, 25, 119, 29, 120, 183, 143, 12, 104, 117, 89, 78, 22, 90, 160, 35, 36, 33, 191, 145, 37, 84, 112, 129, 140, 16, 134, 74, 148, 188, 69, 55, 149, 136, 60, 175, 115, 131, 127, 17, 178, 86, 189, 2, 185, 123, 110, 81, 200, 99, 38, 49, 170, 48, 150, 151, 13, 124, 192, 193, 92, 67, 146, 77, 45, 173, 63, 162, 102, 176, 174, 161, 57, 195, 10, 137, 154, 159, 186, 190]项目工期为：226.0；项目成本为：201273.8000000001
染色体结构为:
[109, 79, 30, 11, 73, 180, 41, 91, 194, 94, 87, 47, 19, 118, 3, 125, 20, 132, 58, 65, 169, 44, 130, 6, 95, 114, 4, 105, 8, 46, 93, 56, 116, 24, 184, 187, 61, 98, 141, 157, 5, 62, 31, 121, 128, 54, 26, 70, 111, 106, 75, 1, 152, 23, 103, 156, 139, 166, 147, 198, 42, 167, 64, 163, 158, 108, 113, 34, 43, 107, 32, 199, 197, 122, 80, 59, 66, 96, 164, 97, 72, 83, 18, 138, 177, 172, 50, 7, 179, 14, 182, 168, 40, 88, 155, 119, 25, 183, 133, 196, 29, 15, 120, 171, 28, 117, 12, 126, 68, 51, 104, 153, 78, 101, 143, 89, 22, 39, 27, 160, 9, 142, 71, 53, 21, 52, 85, 90, 144, 37, 36, 35, 191, 145, 112, 33, 129, 84, 74, 140, 16, 82, 134, 188, 181, 49, 100, 38, 17, 165, 185, 99, 200, 76, 175, 148, 69, 136, 81, 55, 60, 135, 131, 86, 127, 149, 2, 115, 123, 178, 170, 189, 110, 192, 151, 48, 150, 13, 77, 92, 124, 173, 146, 176, 193, 162, 67, 63, 102, 161, 174, 195, 45, 159, 137, 57, 186, 190, 10, 154]项目工期为：254.0；项目成本为：191138.49999999994
染色体结构为:
[79, 30, 73, 109, 194, 11, 94, 180, 91, 87, 41, 47, 19, 118, 3, 125, 20, 132, 65, 169, 58, 44, 130, 114, 6, 4, 95, 105, 46, 93, 8, 56, 24, 116, 184, 98, 187, 61, 141, 5, 157, 62, 128, 121, 31, 26, 111, 54, 70, 75, 106, 1, 23, 156, 152, 103, 139, 166, 198, 147, 42, 64, 158, 167, 163, 108, 113, 107, 43, 34, 32, 199, 122, 80, 197, 97, 66, 59, 96, 72, 138, 83, 164, 177, 172, 50, 18, 7, 14, 179, 182, 168, 40, 155, 25, 88, 119, 183, 133, 196, 15, 120, 29, 28, 171, 117, 12, 126, 68, 153, 51, 104, 143, 101, 78, 89, 22, 39, 160, 27, 9, 71, 142, 53, 52, 85, 144, 21, 36, 90, 37, 35, 191, 112, 145, 129, 33, 84, 74, 16, 140, 82, 134, 100, 188, 181, 49, 38, 17, 165, 99, 200, 185, 76, 175, 136, 69, 148, 60, 81, 86, 55, 135, 131, 127, 149, 115, 178, 2, 189, 123, 110, 192, 170, 48, 151, 13, 150, 92, 77, 146, 124, 173, 193, 176, 63, 161, 67, 162, 102, 174, 195, 45, 159, 57, 10, 137, 190, 186, 154]项目工期为：337.0；项目成本为：168123.19999999998
染色体结构为:
[109, 79, 30, 11, 180, 94, 41, 91, 73, 194, 3, 87, 19, 47, 118, 20, 125, 132, 65, 169, 58, 44, 6, 130, 4, 93, 95, 114, 105, 46, 116, 8, 56, 184, 187, 24, 61, 141, 157, 62, 98, 128, 5, 26, 121, 54, 31, 111, 70, 75, 1, 106, 152, 23, 156, 139, 198, 166, 147, 42, 103, 167, 158, 64, 108, 163, 43, 199, 138, 32, 83, 164, 177, 179, 50, 40, 172, 182, 14, 7, 168, 155, 88, 96, 119, 25, 133, 59, 183, 196, 29, 15, 107, 171, 120, 28, 117, 68, 72, 12, 66, 80, 51, 153, 104, 78, 126, 143, 22, 160, 101, 89, 27, 113, 142, 53, 39, 71, 9, 144, 122, 21, 85, 36, 90, 35, 52, 191, 37, 129, 145, 84, 112, 33, 34, 140, 16, 100, 74, 188, 49, 82, 181, 97, 38, 134, 165, 197, 18, 135, 76, 17, 185, 200, 99, 136, 175, 148, 69, 86, 55, 81, 131, 149, 60, 115, 127, 2, 178, 189, 123, 110, 192, 170, 48, 13, 150, 77, 151, 193, 92, 124, 173, 146, 176, 162, 67, 63, 45, 161, 102, 174, 195, 10, 57, 190, 137, 154, 186, 159]项目工期为：497.0；项目成本为：155857.70000000004
染色体结构为:
[109, 30, 11, 79, 180, 41, 73, 91, 94, 19, 3, 194, 87, 47, 118, 20, 125, 58, 132, 130, 65, 169, 114, 4, 44, 6, 95, 93, 105, 46, 8, 56, 184, 116, 61, 24, 141, 187, 98, 157, 128, 62, 5, 26, 121, 31, 111, 70, 106, 54, 75, 152, 1, 156, 139, 23, 103, 198, 166, 42, 167, 147, 158, 163, 108, 64, 138, 199, 43, 83, 177, 32, 164, 40, 172, 179, 14, 34, 113, 107, 122, 59, 66, 197, 80, 96, 97, 72, 182, 18, 7, 50, 168, 88, 155, 25, 183, 119, 196, 29, 133, 120, 171, 28, 15, 117, 126, 12, 153, 68, 143, 104, 51, 78, 22, 101, 160, 39, 89, 9, 27, 142, 144, 53, 21, 71, 90, 52, 36, 85, 37, 35, 112, 191, 129, 145, 140, 33, 74, 84, 16, 188, 181, 82, 100, 49, 134, 165, 76, 17, 38, 99, 175, 69, 200, 185, 60, 55, 148, 136, 149, 86, 135, 131, 115, 81, 178, 2, 189, 127, 170, 110, 123, 48, 192, 151, 13, 150, 77, 92, 146, 193, 124, 173, 67, 45, 176, 161, 162, 174, 102, 195, 63, 57, 159, 137, 186, 10, 190, 154]项目工期为：266.0；项目成本为：185155.00000000003
染色体结构为:
[79, 30, 73, 109, 194, 11, 94, 180, 41, 91, 87, 47, 19, 3, 118, 125, 132, 20, 65, 169, 44, 58, 130, 6, 4, 114, 95, 105, 46, 93, 8, 56, 24, 116, 184, 187, 98, 61, 141, 5, 157, 62, 128, 121, 31, 26, 111, 54, 70, 75, 106, 1, 152, 156, 23, 103, 139, 166, 198, 147, 42, 158, 64, 167, 163, 108, 113, 107, 43, 34, 32, 199, 197, 122, 80, 97, 66, 59, 96, 72, 83, 138, 164, 177, 172, 50, 18, 7, 179, 182, 14, 168, 40, 155, 25, 88, 119, 183, 133, 196, 15, 29, 120, 28, 171, 117, 12, 126, 68, 153, 51, 104, 143, 78, 101, 89, 39, 22, 160, 27, 9, 71, 142, 53, 52, 144, 85, 21, 36, 90, 35, 37, 191, 112, 145, 129, 33, 84, 74, 140, 16, 82, 134, 100, 188, 181, 49, 38, 17, 165, 99, 185, 200, 76, 136, 175, 148, 69, 55, 60, 81, 86, 135, 127, 131, 149, 115, 178, 2, 189, 123, 110, 192, 170, 48, 151, 13, 150, 92, 77, 124, 146, 173, 193, 176, 63, 161, 67, 162, 102, 174, 195, 45, 159, 137, 57, 190, 186, 154, 10]项目工期为：300.0；项目成本为：175035.1
染色体结构为:
[79, 109, 30, 11, 180, 73, 41, 91, 194, 87, 19, 94, 47, 3, 118, 20, 125, 132, 65, 169, 44, 58, 130, 6, 95, 114, 4, 105, 93, 46, 8, 56, 24, 116, 184, 98, 187, 61, 141, 5, 157, 62, 128, 121, 31, 54, 26, 111, 70, 75, 106, 1, 152, 23, 156, 103, 139, 166, 198, 147, 42, 64, 167, 158, 163, 108, 113, 107, 34, 43, 32, 199, 197, 122, 80, 59, 97, 66, 96, 72, 83, 164, 138, 177, 172, 50, 18, 7, 14, 179, 182, 168, 40, 155, 25, 88, 119, 183, 133, 196, 15, 29, 120, 171, 28, 117, 126, 12, 68, 153, 51, 104, 78, 143, 101, 89, 22, 39, 160, 27, 9, 71, 142, 53, 144, 52, 85, 21, 36, 90, 37, 35, 191, 112, 145, 129, 33, 84, 74, 140, 16, 82, 134, 188, 49, 100, 181, 38, 17, 165, 99, 200, 185, 76, 175, 69, 136, 148, 60, 81, 55, 86, 135, 127, 131, 149, 178, 115, 2, 123, 189, 170, 110, 192, 48, 13, 151, 92, 150, 124, 77, 146, 193, 173, 176, 63, 67, 162, 161, 102, 174, 195, 45, 159, 57, 190, 10, 186, 137, 154]项目工期为：308.0；项目成本为：173841.10000000003
染色体结构为:
[109, 11, 30, 180, 79, 73, 41, 94, 91, 194, 87, 19, 3, 118, 47, 20, 132, 125, 65, 169, 58, 6, 130, 44, 93, 95, 4, 114, 105, 46, 8, 56, 116, 24, 184, 187, 61, 98, 141, 157, 5, 128, 62, 121, 31, 26, 111, 54, 75, 70, 106, 1, 152, 23, 156, 139, 103, 198, 166, 147, 42, 167, 158, 64, 163, 108, 43, 138, 199, 83, 32, 177, 164, 40, 179, 50, 172, 14, 182, 7, 155, 88, 168, 96, 119, 133, 183, 25, 196, 59, 29, 15, 107, 120, 171, 28, 117, 68, 72, 12, 66, 153, 80, 104, 51, 78, 126, 22, 143, 89, 101, 113, 27, 160, 71, 142, 39, 53, 9, 144, 122, 21, 85, 90, 36, 35, 52, 191, 129, 37, 145, 112, 84, 33, 34, 140, 16, 100, 74, 188, 82, 49, 181, 97, 134, 38, 165, 197, 18, 135, 76, 17, 185, 200, 99, 136, 175, 148, 69, 86, 55, 60, 81, 149, 131, 115, 127, 178, 2, 123, 189, 110, 170, 192, 150, 48, 13, 77, 151, 193, 124, 92, 173, 146, 176, 162, 63, 67, 45, 161, 102, 174, 195, 10, 137, 57, 190, 154, 186, 159]项目工期为：381.0；项目成本为：161422.10000000006
染色体结构为:
[109, 30, 11, 79, 180, 41, 73, 91, 19, 94, 194, 87, 3, 47, 20, 118, 132, 125, 65, 58, 169, 6, 114, 130, 44, 4, 105, 95, 93, 46, 56, 8, 116, 187, 184, 24, 157, 141, 61, 62, 98, 128, 5, 121, 70, 26, 111, 31, 75, 158, 152, 34, 1, 113, 106, 54, 107, 156, 23, 103, 198, 139, 147, 64, 166, 42, 167, 43, 163, 108, 199, 32, 59, 197, 122, 97, 96, 66, 80, 164, 72, 18, 138, 83, 177, 172, 40, 179, 182, 15, 50, 181, 76, 165, 135, 82, 133, 101, 68, 100, 171, 51, 7, 52, 142, 153, 168, 126, 39, 28, 53, 88, 144, 21, 27, 14, 85, 9, 71, 119, 155, 196, 25, 29, 183, 120, 12, 117, 104, 143, 89, 160, 78, 22, 36, 90, 35, 33, 191, 145, 84, 37, 112, 140, 129, 74, 16, 134, 188, 69, 148, 55, 149, 60, 136, 115, 175, 131, 178, 189, 127, 86, 17, 2, 185, 110, 123, 200, 38, 81, 99, 170, 48, 49, 13, 150, 151, 124, 192, 193, 67, 146, 92, 173, 77, 45, 176, 63, 162, 195, 161, 102, 174, 137, 190, 57, 159, 186, 10, 154]项目工期为：257.0；项目成本为：189358.5
染色体结构为:
[11, 109, 194, 79, 73, 30, 180, 41, 91, 94, 87, 19, 3, 47, 118, 132, 125, 58, 20, 65, 169, 44, 6, 114, 4, 130, 95, 93, 105, 46, 8, 56, 24, 184, 116, 61, 141, 187, 62, 98, 128, 5, 157, 121, 111, 26, 31, 158, 70, 75, 152, 34, 1, 107, 106, 113, 54, 23, 156, 103, 198, 147, 139, 64, 42, 43, 167, 163, 166, 108, 199, 197, 32, 122, 96, 59, 80, 66, 97, 18, 72, 138, 164, 83, 172, 177, 40, 179, 182, 50, 181, 15, 82, 76, 165, 133, 135, 100, 101, 68, 51, 52, 171, 7, 153, 142, 126, 168, 28, 144, 39, 53, 88, 21, 9, 27, 71, 14, 85, 155, 196, 119, 25, 183, 29, 12, 120, 117, 104, 143, 78, 160, 90, 22, 89, 36, 35, 145, 33, 37, 191, 84, 129, 140, 112, 16, 134, 74, 148, 188, 149, 60, 69, 55, 136, 175, 115, 131, 127, 86, 178, 17, 189, 2, 185, 123, 110, 200, 81, 38, 170, 99, 49, 13, 48, 150, 124, 192, 151, 92, 193, 77, 146, 67, 173, 45, 63, 176, 161, 162, 195, 102, 174, 137, 57, 154, 10, 190, 159, 186]项目工期为：205.0；项目成本为：214213.09999999998
染色体结构为:
[109, 30, 79, 11, 180, 41, 73, 91, 94, 19, 194, 3, 87, 47, 118, 20, 125, 58, 132, 65, 130, 169, 114, 6, 4, 44, 93, 95, 105, 46, 8, 56, 184, 116, 61, 141, 187, 24, 157, 98, 128, 5, 62, 26, 121, 111, 31, 70, 106, 75, 54, 152, 1, 156, 139, 23, 103, 198, 166, 42, 167, 147, 158, 163, 64, 138, 108, 199, 43, 83, 177, 32, 40, 164, 172, 179, 14, 113, 34, 122, 107, 59, 197, 66, 80, 96, 97, 72, 182, 18, 50, 7, 168, 88, 155, 25, 119, 183, 196, 133, 29, 171, 120, 28, 15, 117, 12, 126, 68, 153, 143, 104, 51, 101, 78, 22, 39, 160, 89, 9, 27, 142, 144, 53, 21, 71, 90, 52, 85, 36, 35, 112, 37, 191, 129, 145, 140, 33, 74, 84, 16, 188, 82, 181, 100, 49, 134, 165, 76, 17, 38, 99, 175, 69, 185, 200, 60, 55, 136, 148, 86, 149, 135, 131, 115, 81, 178, 2, 189, 127, 123, 110, 170, 48, 192, 151, 13, 150, 77, 92, 146, 124, 193, 173, 67, 45, 176, 162, 161, 174, 102, 63, 195, 57, 159, 137, 186, 10, 190, 154]项目工期为：273.0；项目成本为：183171.70000000004
染色体结构为:
[79, 109, 30, 180, 73, 11, 91, 41, 194, 94, 19, 47, 3, 87, 20, 118, 125, 58, 132, 44, 65, 169, 6, 130, 114, 95, 105, 4, 93, 46, 56, 8, 116, 24, 184, 187, 98, 61, 157, 141, 5, 62, 121, 128, 26, 111, 31, 54, 70, 106, 75, 1, 152, 103, 139, 23, 166, 156, 198, 42, 167, 64, 147, 163, 158, 108, 34, 107, 32, 43, 113, 122, 199, 197, 59, 80, 97, 66, 96, 83, 164, 72, 138, 18, 177, 172, 50, 7, 14, 179, 168, 182, 155, 88, 40, 25, 183, 119, 196, 133, 29, 15, 171, 117, 120, 12, 28, 126, 51, 68, 153, 104, 78, 101, 143, 89, 39, 22, 27, 160, 9, 142, 53, 71, 144, 21, 90, 52, 36, 85, 37, 35, 112, 191, 145, 129, 84, 74, 33, 140, 188, 16, 134, 82, 100, 181, 49, 38, 17, 165, 99, 200, 185, 148, 76, 175, 69, 136, 81, 60, 86, 135, 55, 131, 149, 127, 2, 115, 178, 189, 123, 170, 110, 192, 48, 151, 150, 13, 77, 92, 146, 124, 173, 176, 193, 162, 63, 67, 161, 174, 102, 45, 159, 195, 190, 57, 137, 10, 186, 154]项目工期为：250.0；项目成本为：191955.40000000002
染色体结构为:
[109, 79, 30, 11, 94, 180, 41, 91, 73, 194, 3, 87, 19, 118, 47, 20, 125, 65, 132, 169, 58, 44, 6, 130, 4, 93, 95, 114, 105, 46, 116, 8, 56, 184, 187, 24, 61, 141, 157, 62, 128, 98, 5, 26, 54, 121, 31, 111, 70, 75, 1, 106, 152, 23, 156, 139, 198, 166, 147, 42, 103, 167, 158, 64, 108, 163, 43, 199, 138, 32, 83, 164, 177, 179, 50, 40, 172, 182, 14, 7, 168, 155, 96, 88, 119, 133, 25, 59, 183, 196, 29, 15, 107, 171, 120, 28, 117, 72, 68, 12, 80, 66, 51, 153, 104, 78, 126, 143, 22, 160, 101, 89, 113, 27, 142, 53, 39, 71, 9, 144, 122, 21, 36, 90, 35, 52, 85, 191, 37, 129, 145, 84, 112, 33, 34, 140, 16, 100, 74, 188, 49, 82, 181, 97, 38, 134, 165, 197, 18, 135, 17, 76, 185, 200, 99, 175, 136, 148, 69, 86, 55, 81, 131, 60, 149, 115, 127, 2, 178, 189, 123, 110, 192, 170, 48, 13, 150, 77, 151, 92, 193, 124, 173, 146, 176, 67, 162, 63, 45, 161, 102, 174, 195, 10, 57, 190, 137, 154, 159, 186]项目工期为：490.0；项目成本为：156527.20000000007
染色体结构为:
[109, 30, 11, 79, 180, 73, 94, 41, 194, 91, 19, 87, 3, 47, 118, 125, 20, 132, 65, 58, 169, 6, 44, 130, 4, 114, 93, 105, 95, 46, 8, 56, 116, 184, 24, 61, 187, 141, 157, 98, 62, 5, 128, 121, 111, 26, 31, 54, 70, 106, 75, 1, 152, 23, 139, 103, 156, 198, 166, 147, 42, 167, 158, 64, 108, 163, 43, 199, 138, 32, 83, 164, 177, 179, 50, 40, 172, 182, 14, 7, 168, 155, 88, 96, 119, 25, 59, 133, 183, 196, 29, 15, 171, 107, 120, 28, 117, 68, 72, 12, 66, 80, 51, 104, 78, 153, 126, 160, 143, 22, 101, 89, 27, 113, 142, 53, 71, 39, 9, 144, 122, 85, 36, 21, 90, 35, 52, 191, 37, 145, 129, 84, 112, 33, 34, 140, 16, 100, 74, 82, 188, 181, 49, 97, 134, 165, 197, 38, 135, 18, 17, 185, 200, 76, 99, 136, 175, 148, 69, 55, 86, 81, 60, 131, 149, 115, 127, 2, 178, 123, 189, 110, 192, 170, 48, 150, 13, 77, 151, 193, 124, 92, 173, 146, 176, 162, 63, 67, 45, 161, 102, 174, 195, 10, 57, 190, 137, 154, 159, 186]项目工期为：528.0；项目成本为：155829.40000000008
染色体结构为:
[79, 109, 11, 30, 180, 41, 91, 194, 73, 87, 94, 47, 3, 19, 118, 125, 20, 132, 58, 65, 169, 6, 114, 44, 130, 4, 105, 95, 93, 46, 8, 56, 116, 187, 24, 184, 157, 141, 61, 62, 98, 128, 121, 5, 70, 26, 111, 31, 75, 158, 34, 152, 1, 113, 106, 54, 107, 23, 156, 103, 198, 139, 147, 64, 42, 167, 43, 166, 163, 199, 32, 108, 122, 59, 197, 97, 96, 66, 80, 164, 72, 18, 138, 83, 172, 177, 40, 179, 182, 50, 15, 181, 76, 82, 165, 133, 135, 101, 68, 171, 100, 51, 7, 52, 142, 153, 168, 126, 39, 53, 28, 88, 144, 27, 9, 21, 14, 85, 71, 155, 119, 25, 196, 29, 120, 183, 12, 104, 117, 143, 78, 89, 160, 22, 90, 36, 35, 33, 191, 37, 145, 84, 112, 140, 74, 129, 16, 134, 188, 69, 148, 55, 149, 136, 115, 175, 60, 131, 178, 189, 127, 86, 17, 2, 185, 123, 110, 81, 200, 38, 170, 99, 49, 48, 13, 150, 151, 124, 192, 146, 67, 193, 92, 77, 45, 173, 176, 63, 162, 195, 161, 102, 174, 137, 190, 186, 57, 154, 159, 10]项目工期为：260.0；项目成本为：189152.09999999998
染色体结构为:
[30, 79, 109, 194, 73, 94, 11, 91, 41, 180, 87, 47, 19, 3, 118, 132, 20, 125, 65, 58, 6, 169, 44, 130, 114, 95, 105, 4, 93, 46, 8, 116, 56, 187, 184, 24, 157, 98, 61, 141, 5, 62, 128, 121, 26, 70, 111, 31, 75, 158, 1, 113, 152, 34, 106, 107, 54, 23, 156, 103, 198, 147, 42, 139, 64, 166, 167, 43, 163, 108, 199, 59, 32, 122, 197, 97, 96, 66, 80, 18, 72, 164, 83, 138, 177, 172, 40, 179, 181, 182, 15, 50, 76, 82, 165, 133, 101, 100, 171, 135, 51, 68, 7, 52, 142, 153, 168, 39, 53, 126, 144, 28, 27, 88, 21, 9, 14, 85, 155, 71, 196, 119, 25, 29, 183, 120, 12, 117, 143, 104, 89, 22, 78, 90, 160, 35, 36, 33, 145, 191, 37, 84, 112, 140, 129, 16, 134, 74, 188, 69, 148, 55, 149, 136, 60, 175, 115, 131, 127, 17, 178, 86, 189, 2, 185, 123, 81, 110, 200, 38, 99, 48, 49, 170, 13, 150, 151, 124, 192, 193, 92, 67, 146, 77, 45, 176, 173, 63, 162, 102, 174, 161, 57, 195, 10, 137, 154, 159, 186, 190]项目工期为：236.0；项目成本为：196096.10000000003
染色体结构为:
[109, 30, 79, 11, 180, 41, 73, 91, 19, 94, 194, 3, 87, 118, 47, 20, 125, 58, 65, 132, 130, 169, 114, 6, 4, 44, 93, 95, 105, 8, 46, 56, 184, 116, 61, 24, 141, 187, 98, 157, 128, 5, 62, 26, 121, 31, 111, 70, 106, 54, 75, 152, 1, 156, 139, 23, 103, 198, 166, 42, 147, 167, 158, 163, 64, 138, 199, 108, 43, 83, 177, 32, 164, 40, 172, 179, 113, 14, 34, 107, 122, 59, 197, 66, 80, 97, 96, 72, 182, 18, 50, 7, 168, 155, 88, 25, 183, 119, 196, 133, 29, 28, 15, 171, 120, 117, 12, 126, 68, 51, 153, 104, 78, 143, 89, 101, 39, 22, 27, 142, 160, 9, 53, 21, 144, 71, 52, 85, 90, 37, 36, 191, 35, 112, 145, 129, 74, 84, 33, 140, 16, 188, 100, 134, 49, 181, 82, 38, 165, 99, 17, 200, 185, 76, 148, 175, 69, 136, 81, 60, 86, 55, 135, 127, 149, 115, 131, 2, 178, 123, 189, 110, 170, 192, 48, 150, 77, 13, 151, 124, 193, 92, 173, 146, 162, 176, 67, 63, 45, 161, 102, 10, 195, 57, 137, 174, 154, 186, 190, 159]项目工期为：272.0；项目成本为：183647.90000000017
染色体结构为:
[109, 30, 79, 11, 180, 73, 91, 94, 41, 87, 194, 19, 3, 20, 132, 47, 118, 125, 65, 58, 169, 44, 6, 4, 130, 114, 93, 95, 105, 46, 8, 116, 56, 184, 24, 61, 187, 141, 157, 98, 62, 5, 128, 121, 26, 111, 54, 31, 70, 75, 1, 106, 23, 152, 156, 103, 139, 198, 147, 166, 167, 42, 158, 64, 163, 108, 43, 138, 199, 83, 177, 32, 164, 179, 40, 172, 50, 14, 7, 182, 155, 168, 88, 96, 25, 183, 119, 133, 59, 196, 29, 15, 107, 171, 28, 120, 72, 117, 12, 68, 80, 66, 51, 126, 153, 104, 78, 22, 143, 89, 27, 101, 160, 71, 113, 142, 39, 144, 53, 9, 21, 122, 85, 36, 90, 52, 35, 37, 191, 145, 129, 112, 33, 84, 140, 16, 34, 188, 100, 82, 74, 49, 181, 38, 134, 97, 165, 197, 18, 135, 76, 17, 200, 99, 136, 185, 175, 148, 86, 69, 55, 60, 81, 131, 149, 115, 127, 2, 178, 123, 189, 110, 192, 170, 48, 13, 150, 151, 77, 124, 92, 193, 173, 146, 176, 162, 45, 63, 67, 161, 102, 195, 174, 10, 137, 57, 154, 190, 186, 159]项目工期为：333.0；项目成本为：169556.80000000005
染色体结构为:
[79, 109, 30, 11, 180, 73, 41, 91, 194, 87, 19, 94, 47, 3, 20, 118, 125, 132, 65, 169, 44, 58, 130, 6, 95, 114, 4, 105, 93, 46, 8, 24, 56, 116, 184, 98, 187, 141, 61, 5, 157, 62, 128, 121, 31, 54, 26, 111, 70, 75, 106, 1, 152, 23, 156, 103, 139, 166, 198, 147, 42, 167, 64, 158, 163, 108, 113, 107, 34, 43, 32, 197, 199, 122, 80, 59, 97, 66, 96, 72, 83, 164, 177, 138, 172, 18, 7, 50, 14, 179, 182, 168, 40, 155, 25, 88, 119, 183, 133, 196, 15, 29, 171, 120, 28, 117, 126, 12, 68, 153, 51, 104, 78, 143, 101, 89, 22, 39, 160, 27, 9, 71, 142, 53, 144, 52, 85, 21, 90, 36, 37, 35, 191, 112, 145, 129, 33, 84, 74, 140, 16, 82, 134, 188, 49, 181, 100, 38, 17, 165, 99, 200, 185, 76, 175, 69, 136, 148, 60, 81, 55, 86, 135, 127, 131, 149, 178, 115, 2, 123, 189, 170, 110, 192, 48, 13, 151, 92, 150, 124, 77, 193, 146, 176, 173, 63, 67, 45, 162, 195, 161, 102, 137, 190, 174, 57, 154, 186, 159, 10]项目工期为：288.0；项目成本为：178601.40000000002
染色体结构为:
[109, 11, 79, 180, 30, 194, 73, 91, 41, 94, 87, 3, 19, 47, 118, 125, 20, 132, 58, 65, 169, 44, 6, 114, 130, 4, 95, 105, 93, 46, 116, 8, 56, 184, 157, 187, 24, 141, 61, 98, 5, 62, 128, 70, 121, 26, 31, 75, 111, 152, 158, 1, 34, 113, 106, 107, 54, 156, 23, 198, 103, 139, 147, 42, 64, 166, 43, 167, 108, 163, 32, 199, 59, 197, 122, 97, 96, 66, 80, 72, 164, 18, 138, 177, 83, 172, 40, 182, 179, 50, 15, 76, 181, 82, 165, 135, 133, 68, 100, 101, 171, 7, 51, 52, 142, 153, 168, 39, 126, 53, 144, 28, 88, 27, 9, 21, 14, 71, 85, 155, 119, 25, 196, 29, 183, 120, 12, 104, 117, 143, 78, 89, 160, 22, 90, 35, 36, 33, 145, 37, 84, 191, 129, 140, 112, 74, 16, 188, 134, 69, 148, 55, 149, 60, 175, 136, 115, 131, 127, 178, 17, 189, 86, 2, 123, 185, 81, 110, 200, 99, 38, 170, 48, 49, 150, 151, 124, 13, 192, 193, 67, 146, 92, 77, 173, 176, 45, 162, 63, 161, 102, 195, 174, 10, 57, 137, 154, 159, 190, 186]项目工期为：269.0；项目成本为：184952.30000000005
染色体结构为:
[109, 79, 30, 11, 180, 94, 91, 41, 73, 194, 3, 19, 47, 87, 118, 125, 20, 65, 132, 58, 169, 6, 130, 44, 93, 95, 4, 114, 105, 46, 8, 56, 116, 24, 187, 184, 61, 98, 141, 157, 5, 128, 62, 121, 31, 26, 111, 54, 75, 106, 70, 1, 152, 23, 156, 139, 198, 103, 166, 147, 42, 167, 158, 64, 163, 108, 43, 138, 199, 32, 177, 83, 164, 40, 179, 50, 172, 14, 182, 7, 88, 155, 96, 168, 119, 133, 183, 25, 196, 29, 59, 15, 107, 120, 171, 28, 117, 68, 72, 12, 66, 153, 80, 104, 51, 78, 126, 22, 143, 101, 89, 113, 27, 71, 142, 160, 39, 9, 53, 144, 122, 21, 85, 90, 36, 52, 35, 191, 129, 37, 145, 112, 84, 33, 34, 140, 16, 100, 74, 188, 82, 49, 181, 97, 134, 38, 165, 197, 18, 135, 76, 185, 17, 200, 99, 136, 175, 69, 86, 148, 60, 55, 81, 149, 131, 115, 127, 178, 2, 123, 189, 110, 170, 192, 150, 48, 13, 151, 77, 193, 124, 173, 92, 146, 176, 162, 63, 67, 45, 161, 102, 174, 195, 10, 137, 57, 154, 190, 186, 159]项目工期为：349.0；项目成本为：167231.20000000007
染色体结构为:
[79, 109, 30, 11, 73, 180, 41, 91, 194, 87, 94, 19, 3, 47, 118, 20, 125, 65, 132, 169, 44, 58, 130, 6, 114, 95, 4, 105, 46, 93, 8, 56, 24, 116, 184, 187, 61, 98, 141, 5, 157, 62, 121, 128, 31, 54, 26, 111, 70, 75, 106, 1, 152, 23, 156, 139, 103, 198, 166, 147, 42, 158, 64, 167, 163, 108, 138, 43, 83, 199, 177, 32, 40, 179, 164, 50, 172, 182, 14, 7, 88, 168, 155, 96, 25, 119, 133, 183, 196, 59, 15, 171, 29, 120, 107, 28, 117, 72, 68, 12, 66, 80, 51, 153, 126, 104, 78, 22, 89, 143, 101, 27, 113, 160, 39, 142, 71, 53, 21, 144, 9, 122, 85, 36, 90, 191, 52, 37, 35, 145, 129, 112, 84, 33, 140, 34, 100, 16, 74, 188, 82, 49, 181, 134, 38, 165, 197, 97, 76, 18, 135, 17, 185, 200, 175, 99, 136, 148, 69, 86, 55, 60, 131, 81, 149, 115, 127, 178, 2, 189, 170, 123, 110, 192, 48, 150, 77, 13, 151, 124, 173, 92, 193, 176, 162, 146, 67, 45, 63, 161, 102, 195, 10, 57, 137, 174, 186, 154, 190, 159]项目工期为：410.0；项目成本为：158465.20000000007
染色体结构为:
[79, 11, 30, 194, 109, 3, 73, 87, 113, 158, 147, 107, 187, 97, 94, 34, 121, 26, 197, 59, 114, 66, 96, 95, 122, 72, 80, 163, 105, 175, 18, 120, 91, 39, 184, 138, 77, 84, 192, 22, 178, 199, 32, 179, 40, 200, 171, 62, 12, 177, 169, 98, 83, 47, 82, 112, 25, 27, 152, 90, 128, 35, 127, 42, 23, 69, 139, 51, 135, 76, 36, 24, 116, 130, 58, 20, 134, 115, 101, 188, 104, 191, 70, 136, 67, 37, 86, 81, 2, 10, 164, 108, 89, 196, 38, 50, 8, 64, 142, 172, 1, 111, 55, 166, 28, 14, 168, 49, 141, 68, 44, 46, 125, 16, 7, 65, 155, 160, 118, 31, 4, 117, 137, 100, 140, 144, 19, 132, 41, 180, 5, 6, 157, 131, 181, 106, 198, 85, 126, 43, 54, 183, 63, 167, 33, 133, 162, 78, 74, 61, 123, 119, 124, 99, 17, 154, 53, 159, 88, 153, 21, 60, 93, 71, 75, 145, 56, 146, 15, 182, 195, 52, 190, 102, 176, 103, 129, 161, 151, 165, 150, 92, 48, 110, 156, 57, 189, 9, 13, 29, 45, 186, 173, 148, 185, 143, 193, 170, 174, 149]项目工期为：176.0；项目成本为：237132.3000000001
染色体结构为:
[109, 11, 194, 79, 73, 30, 180, 41, 91, 87, 94, 19, 47, 3, 118, 132, 20, 125, 58, 65, 169, 44, 6, 4, 114, 130, 95, 93, 105, 46, 8, 24, 56, 116, 184, 61, 187, 141, 62, 98, 157, 128, 121, 5, 26, 111, 31, 70, 158, 152, 75, 34, 1, 107, 113, 106, 23, 54, 156, 103, 147, 198, 139, 64, 42, 43, 166, 167, 163, 108, 32, 197, 199, 122, 59, 80, 96, 97, 66, 72, 138, 18, 164, 83, 172, 40, 177, 179, 182, 181, 50, 15, 82, 76, 133, 165, 135, 101, 100, 68, 51, 7, 52, 171, 142, 153, 168, 39, 126, 28, 88, 53, 144, 21, 9, 27, 14, 71, 155, 196, 85, 119, 25, 183, 29, 117, 120, 12, 104, 143, 78, 22, 160, 90, 89, 36, 33, 35, 145, 191, 84, 37, 129, 140, 16, 112, 134, 74, 148, 149, 55, 188, 69, 60, 175, 136, 115, 127, 131, 86, 17, 178, 2, 123, 189, 185, 110, 200, 81, 38, 170, 99, 49, 150, 48, 124, 13, 151, 192, 92, 193, 146, 67, 77, 173, 63, 45, 176, 162, 161, 195, 174, 102, 137, 57, 154, 10, 190, 159, 186]项目工期为：232.0；项目成本为：197104.7
染色体结构为:
[79, 30, 109, 11, 94, 180, 41, 91, 194, 3, 73, 87, 19, 118, 47, 20, 65, 125, 132, 169, 58, 44, 6, 130, 4, 95, 93, 114, 105, 46, 8, 116, 56, 184, 187, 24, 61, 141, 157, 62, 128, 98, 5, 54, 26, 31, 121, 111, 70, 75, 1, 106, 152, 23, 156, 139, 198, 147, 166, 42, 103, 167, 158, 64, 108, 43, 163, 199, 138, 32, 83, 164, 177, 179, 50, 40, 172, 182, 14, 7, 155, 168, 96, 88, 119, 133, 25, 59, 183, 196, 15, 29, 171, 107, 120, 28, 117, 68, 72, 12, 66, 80, 104, 51, 153, 78, 126, 143, 160, 22, 101, 27, 89, 113, 53, 142, 39, 71, 9, 144, 122, 21, 85, 36, 90, 35, 52, 191, 37, 129, 84, 145, 112, 33, 34, 140, 16, 100, 188, 74, 82, 181, 49, 97, 38, 134, 165, 197, 18, 135, 76, 17, 200, 99, 185, 136, 175, 148, 69, 86, 55, 81, 60, 149, 131, 115, 127, 2, 123, 178, 110, 189, 192, 48, 170, 150, 13, 77, 151, 193, 124, 92, 173, 146, 162, 176, 67, 63, 45, 161, 102, 174, 195, 10, 57, 190, 137, 154, 186, 159]项目工期为：448.0；项目成本为：157226.6000000001
染色体结构为:
[109, 79, 30, 11, 73, 180, 41, 91, 194, 87, 94, 19, 47, 3, 20, 118, 125, 65, 132, 169, 44, 58, 130, 114, 6, 95, 105, 4, 93, 46, 56, 8, 24, 116, 187, 184, 98, 61, 5, 141, 157, 62, 121, 128, 31, 26, 54, 111, 70, 75, 106, 23, 1, 152, 156, 198, 139, 103, 166, 147, 42, 158, 64, 167, 163, 108, 138, 43, 83, 199, 177, 32, 40, 164, 179, 50, 172, 182, 14, 168, 7, 88, 155, 96, 25, 119, 133, 183, 196, 59, 15, 29, 171, 107, 120, 28, 117, 68, 72, 12, 80, 66, 51, 153, 126, 104, 78, 22, 143, 89, 101, 27, 113, 160, 71, 39, 53, 142, 144, 21, 9, 122, 85, 36, 90, 52, 191, 37, 129, 35, 145, 112, 84, 33, 140, 16, 34, 100, 74, 188, 49, 82, 134, 181, 38, 165, 197, 97, 18, 76, 135, 17, 200, 185, 99, 175, 136, 148, 69, 86, 55, 60, 81, 131, 149, 115, 127, 178, 123, 2, 189, 170, 110, 192, 48, 150, 13, 77, 151, 124, 193, 173, 92, 146, 176, 162, 67, 45, 63, 161, 102, 195, 10, 57, 174, 137, 154, 186, 190, 159]项目工期为：357.0；项目成本为：165274.2
染色体结构为:
[79, 30, 73, 109, 11, 194, 94, 180, 91, 87, 41, 47, 118, 19, 3, 125, 20, 65, 132, 169, 58, 44, 130, 114, 6, 4, 95, 105, 93, 46, 8, 56, 24, 184, 116, 187, 98, 61, 141, 5, 157, 62, 121, 128, 26, 31, 111, 54, 70, 106, 75, 1, 156, 23, 152, 103, 139, 166, 198, 147, 42, 64, 158, 163, 167, 108, 113, 107, 43, 34, 32, 199, 122, 80, 197, 66, 97, 96, 72, 138, 59, 83, 164, 177, 172, 50, 18, 14, 7, 182, 179, 168, 40, 25, 155, 119, 88, 133, 183, 196, 15, 120, 29, 28, 171, 117, 12, 126, 68, 153, 51, 104, 143, 78, 101, 89, 22, 39, 160, 27, 9, 142, 71, 52, 85, 53, 144, 21, 36, 90, 37, 35, 191, 112, 145, 129, 33, 84, 74, 16, 140, 82, 134, 100, 188, 181, 49, 17, 38, 165, 99, 200, 185, 175, 76, 136, 69, 148, 81, 60, 86, 55, 135, 131, 149, 127, 115, 178, 2, 189, 123, 110, 192, 170, 48, 151, 13, 150, 92, 146, 77, 124, 173, 193, 176, 63, 161, 67, 162, 102, 174, 195, 45, 159, 57, 137, 190, 10, 186, 154]项目工期为：335.0；项目成本为：168997.70000000004
染色体结构为:
[109, 30, 79, 11, 180, 91, 73, 94, 41, 87, 194, 19, 3, 47, 20, 132, 118, 65, 125, 169, 58, 44, 6, 130, 4, 114, 93, 105, 95, 46, 8, 116, 56, 24, 184, 187, 157, 61, 141, 98, 5, 62, 128, 121, 26, 111, 54, 75, 31, 70, 1, 106, 23, 152, 156, 103, 139, 198, 166, 147, 167, 42, 64, 158, 108, 163, 43, 199, 138, 32, 83, 164, 177, 179, 50, 40, 172, 182, 14, 7, 168, 155, 88, 96, 119, 25, 59, 133, 183, 196, 29, 15, 171, 107, 120, 28, 117, 68, 72, 12, 66, 80, 51, 104, 78, 126, 153, 160, 143, 22, 101, 89, 27, 113, 142, 71, 53, 39, 9, 144, 122, 85, 36, 21, 90, 35, 52, 191, 37, 145, 129, 84, 112, 33, 34, 140, 16, 100, 74, 82, 188, 181, 49, 97, 134, 197, 165, 38, 135, 18, 17, 185, 200, 76, 99, 136, 175, 148, 69, 55, 86, 81, 60, 131, 149, 127, 115, 2, 123, 189, 178, 110, 192, 170, 48, 150, 13, 77, 151, 193, 124, 92, 173, 146, 176, 63, 162, 67, 45, 161, 102, 174, 195, 10, 57, 137, 190, 154, 159, 186]项目工期为：379.0；项目成本为：163717.30000000008
染色体结构为:
[79, 30, 73, 109, 194, 11, 94, 180, 87, 91, 41, 47, 118, 19, 3, 125, 65, 20, 132, 169, 58, 44, 114, 130, 6, 4, 95, 105, 93, 8, 46, 56, 24, 184, 116, 187, 98, 61, 5, 141, 62, 157, 121, 128, 26, 31, 111, 54, 70, 106, 75, 1, 156, 23, 152, 103, 139, 198, 166, 147, 42, 64, 158, 163, 167, 108, 113, 107, 43, 34, 32, 199, 122, 197, 80, 66, 97, 96, 72, 138, 59, 83, 164, 177, 172, 50, 18, 14, 7, 179, 182, 168, 40, 25, 119, 88, 155, 133, 183, 196, 120, 15, 28, 29, 171, 117, 12, 126, 68, 153, 51, 143, 104, 78, 89, 101, 22, 39, 160, 27, 142, 9, 71, 52, 85, 53, 144, 36, 21, 90, 37, 35, 191, 112, 145, 33, 129, 84, 74, 16, 140, 134, 82, 188, 100, 181, 49, 17, 38, 99, 165, 200, 185, 175, 76, 136, 69, 148, 81, 60, 55, 86, 135, 131, 149, 127, 115, 178, 2, 189, 123, 110, 192, 170, 48, 151, 13, 150, 92, 146, 77, 124, 173, 193, 176, 63, 161, 67, 102, 162, 174, 195, 45, 57, 159, 137, 190, 10, 186, 154]项目工期为：329.0；项目成本为：170114.1
染色体结构为:
[79, 109, 30, 11, 73, 180, 41, 91, 194, 87, 94, 19, 47, 3, 118, 20, 132, 125, 65, 169, 58, 44, 130, 6, 95, 114, 4, 105, 93, 46, 8, 56, 24, 116, 187, 184, 98, 61, 141, 5, 157, 62, 121, 128, 31, 26, 54, 111, 70, 106, 75, 1, 152, 23, 156, 103, 139, 166, 198, 147, 42, 64, 158, 167, 163, 108, 113, 107, 34, 43, 32, 199, 197, 122, 80, 59, 66, 97, 96, 72, 164, 83, 138, 177, 172, 50, 18, 7, 14, 179, 182, 168, 40, 155, 88, 25, 119, 183, 133, 196, 15, 29, 120, 171, 28, 117, 12, 126, 153, 68, 51, 104, 78, 143, 101, 89, 22, 39, 160, 27, 142, 9, 71, 53, 144, 52, 85, 21, 36, 90, 37, 35, 191, 112, 145, 129, 33, 84, 74, 140, 16, 82, 134, 188, 100, 49, 181, 38, 165, 17, 99, 200, 185, 76, 175, 136, 69, 148, 60, 81, 55, 86, 135, 127, 131, 149, 115, 178, 2, 123, 189, 170, 110, 192, 48, 151, 13, 92, 150, 77, 124, 146, 193, 173, 176, 63, 161, 162, 67, 102, 174, 45, 195, 159, 57, 10, 190, 137, 154, 186]项目工期为：321.0；项目成本为：172745.30000000002
染色体结构为:
[79, 30, 73, 109, 194, 11, 94, 180, 87, 91, 41, 47, 118, 19, 3, 125, 65, 20, 132, 58, 169, 44, 114, 130, 6, 4, 95, 105, 93, 8, 46, 56, 184, 24, 116, 187, 98, 61, 5, 141, 62, 157, 121, 128, 26, 31, 111, 54, 70, 106, 75, 1, 156, 23, 152, 103, 139, 198, 166, 147, 42, 64, 158, 163, 167, 108, 113, 43, 107, 34, 32, 199, 122, 197, 80, 66, 97, 96, 72, 138, 59, 83, 164, 177, 172, 50, 18, 14, 7, 179, 182, 168, 40, 25, 119, 88, 133, 155, 183, 196, 120, 15, 28, 29, 171, 117, 12, 126, 68, 153, 51, 143, 104, 78, 89, 101, 22, 39, 160, 27, 142, 9, 71, 52, 85, 53, 36, 144, 21, 90, 37, 35, 112, 191, 145, 33, 129, 84, 74, 16, 134, 140, 82, 188, 181, 100, 49, 17, 99, 38, 165, 200, 185, 175, 76, 136, 148, 69, 81, 60, 55, 135, 86, 131, 127, 149, 115, 178, 2, 189, 110, 123, 192, 48, 170, 151, 13, 150, 92, 146, 77, 124, 173, 176, 193, 63, 161, 67, 162, 102, 174, 195, 45, 159, 57, 137, 190, 10, 186, 154]项目工期为：326.0；项目成本为：171159.1
染色体结构为:
[109, 11, 30, 79, 180, 41, 91, 73, 19, 94, 194, 87, 3, 47, 118, 20, 132, 125, 65, 58, 169, 6, 130, 114, 44, 4, 105, 95, 93, 46, 56, 8, 116, 187, 184, 24, 157, 141, 61, 98, 62, 128, 5, 121, 70, 26, 31, 111, 75, 158, 152, 34, 1, 113, 106, 107, 54, 156, 23, 103, 198, 147, 139, 166, 64, 42, 167, 43, 163, 108, 199, 32, 59, 197, 122, 96, 97, 66, 80, 164, 72, 18, 138, 83, 177, 40, 172, 179, 182, 15, 50, 76, 181, 165, 135, 82, 133, 101, 68, 100, 171, 51, 7, 52, 142, 153, 168, 126, 39, 28, 53, 88, 144, 21, 27, 14, 85, 71, 9, 119, 155, 25, 196, 29, 183, 12, 117, 120, 104, 143, 89, 160, 78, 22, 90, 36, 35, 33, 191, 145, 84, 37, 140, 112, 74, 129, 16, 134, 69, 188, 148, 55, 60, 149, 136, 115, 175, 131, 178, 127, 86, 189, 17, 2, 110, 123, 185, 200, 38, 81, 99, 170, 48, 49, 13, 150, 151, 124, 192, 193, 67, 146, 92, 173, 77, 45, 176, 63, 162, 161, 195, 102, 174, 137, 190, 159, 57, 186, 10, 154]项目工期为：243.0；项目成本为：193749.19999999998
染色体结构为:
[79, 73, 30, 109, 194, 11, 94, 180, 91, 87, 41, 47, 19, 118, 3, 125, 20, 132, 169, 65, 58, 44, 114, 6, 130, 4, 105, 95, 93, 8, 46, 116, 56, 24, 184, 98, 187, 61, 141, 5, 157, 62, 121, 31, 128, 26, 111, 54, 75, 70, 1, 106, 23, 152, 139, 156, 103, 166, 198, 42, 147, 64, 158, 163, 167, 108, 113, 107, 34, 43, 32, 199, 122, 80, 197, 97, 66, 59, 72, 138, 96, 164, 83, 172, 177, 50, 18, 14, 7, 179, 182, 168, 40, 155, 25, 88, 119, 183, 133, 196, 15, 120, 28, 29, 171, 117, 12, 126, 68, 153, 104, 51, 143, 101, 78, 89, 22, 39, 160, 27, 9, 71, 142, 53, 52, 85, 144, 21, 36, 90, 37, 35, 191, 112, 145, 129, 33, 84, 74, 16, 140, 82, 134, 188, 100, 181, 49, 38, 17, 165, 99, 200, 185, 175, 76, 69, 136, 148, 60, 55, 86, 81, 135, 131, 127, 149, 115, 178, 2, 123, 189, 170, 110, 192, 150, 13, 77, 48, 151, 193, 124, 173, 146, 92, 176, 162, 67, 63, 45, 161, 102, 174, 195, 10, 137, 190, 57, 154, 186, 159]项目工期为：285.0；项目成本为：180017.70000000004
染色体结构为:
[109, 79, 30, 11, 180, 94, 41, 91, 73, 3, 194, 87, 19, 118, 47, 20, 125, 65, 132, 169, 44, 58, 130, 114, 6, 95, 105, 4, 46, 93, 8, 56, 24, 116, 184, 98, 187, 61, 5, 141, 157, 62, 128, 31, 121, 26, 111, 54, 70, 75, 106, 1, 156, 23, 103, 152, 139, 198, 166, 147, 42, 64, 158, 167, 163, 108, 113, 107, 43, 34, 32, 199, 138, 83, 177, 164, 40, 179, 172, 50, 14, 182, 168, 7, 88, 25, 96, 155, 119, 133, 29, 196, 183, 59, 15, 171, 120, 28, 117, 72, 12, 68, 122, 80, 197, 97, 66, 18, 153, 126, 104, 143, 51, 101, 78, 22, 39, 89, 160, 27, 53, 9, 142, 144, 71, 52, 36, 90, 35, 85, 37, 21, 191, 112, 33, 145, 74, 84, 129, 140, 16, 188, 82, 181, 49, 100, 134, 17, 165, 38, 200, 99, 76, 185, 148, 175, 69, 81, 136, 86, 60, 55, 135, 131, 149, 127, 2, 115, 123, 178, 189, 110, 170, 192, 48, 151, 150, 13, 92, 124, 146, 77, 176, 162, 193, 173, 67, 63, 102, 161, 174, 45, 57, 195, 190, 137, 159, 10, 186, 154]项目工期为：278.0；项目成本为：180385.2000000001
染色体结构为:
[109, 79, 30, 94, 11, 180, 41, 91, 73, 194, 3, 87, 19, 118, 47, 20, 125, 65, 132, 58, 169, 44, 6, 4, 93, 130, 95, 105, 114, 46, 116, 8, 56, 187, 184, 61, 24, 141, 157, 62, 128, 98, 5, 26, 54, 121, 31, 111, 70, 75, 1, 106, 152, 23, 156, 139, 166, 198, 147, 42, 103, 167, 158, 64, 108, 163, 199, 43, 138, 32, 83, 164, 177, 179, 50, 40, 172, 182, 14, 7, 168, 155, 88, 119, 25, 96, 133, 59, 196, 183, 29, 15, 107, 171, 28, 120, 117, 72, 68, 12, 66, 80, 51, 153, 104, 126, 78, 143, 22, 160, 101, 27, 89, 142, 113, 53, 39, 71, 9, 144, 122, 21, 85, 36, 90, 35, 52, 191, 37, 129, 145, 84, 112, 33, 34, 16, 140, 100, 74, 49, 188, 82, 181, 97, 38, 134, 165, 197, 18, 135, 17, 76, 185, 200, 99, 136, 175, 148, 69, 86, 81, 55, 131, 149, 60, 115, 127, 2, 178, 189, 123, 110, 192, 48, 170, 13, 150, 77, 151, 193, 92, 124, 173, 146, 176, 162, 67, 63, 45, 161, 102, 174, 195, 10, 57, 190, 137, 154, 186, 159]项目工期为：427.0；项目成本为：158193.40000000005
染色体结构为:
[109, 79, 30, 11, 180, 73, 91, 94, 41, 194, 87, 19, 3, 47, 20, 118, 132, 125, 65, 58, 169, 6, 44, 130, 4, 114, 93, 105, 95, 46, 8, 56, 116, 184, 24, 61, 187, 141, 157, 98, 5, 62, 128, 121, 26, 111, 54, 31, 70, 75, 1, 23, 106, 152, 103, 156, 139, 198, 147, 166, 42, 167, 158, 64, 163, 108, 43, 138, 199, 83, 32, 177, 179, 164, 40, 172, 50, 14, 182, 7, 168, 155, 88, 96, 25, 119, 183, 133, 59, 196, 29, 15, 171, 107, 28, 120, 117, 72, 12, 68, 80, 66, 51, 153, 126, 104, 78, 22, 143, 89, 27, 101, 113, 160, 71, 142, 39, 53, 144, 9, 21, 122, 85, 90, 36, 35, 52, 37, 145, 191, 129, 112, 84, 33, 140, 16, 100, 188, 82, 34, 74, 49, 181, 38, 134, 97, 165, 197, 18, 76, 135, 17, 200, 185, 99, 136, 148, 175, 86, 69, 55, 60, 131, 81, 149, 115, 127, 2, 178, 123, 189, 110, 192, 170, 48, 13, 150, 151, 124, 77, 193, 173, 92, 146, 176, 162, 45, 67, 63, 161, 102, 195, 174, 10, 57, 137, 190, 154, 186, 159]项目工期为：359.0；项目成本为：164366.7000000001
染色体结构为:
[109, 30, 79, 180, 73, 11, 91, 94, 41, 194, 87, 19, 3, 20, 132, 47, 125, 118, 65, 58, 169, 44, 6, 4, 130, 93, 114, 95, 105, 46, 8, 116, 184, 56, 24, 187, 61, 141, 157, 98, 62, 5, 128, 121, 26, 111, 54, 31, 70, 75, 1, 106, 23, 152, 156, 103, 139, 198, 166, 147, 42, 167, 64, 158, 163, 108, 43, 138, 199, 83, 177, 32, 164, 179, 172, 40, 50, 14, 7, 182, 155, 168, 88, 96, 25, 183, 119, 133, 59, 196, 29, 15, 171, 107, 28, 120, 72, 117, 12, 68, 80, 66, 51, 126, 153, 104, 78, 22, 143, 89, 27, 101, 160, 71, 113, 142, 39, 144, 53, 9, 122, 21, 85, 36, 90, 52, 35, 37, 191, 145, 129, 112, 33, 140, 84, 16, 34, 188, 100, 82, 74, 49, 181, 38, 134, 97, 165, 197, 18, 135, 76, 17, 200, 136, 99, 185, 175, 148, 86, 69, 55, 60, 81, 131, 149, 115, 127, 2, 178, 123, 189, 110, 192, 170, 48, 13, 150, 151, 77, 124, 92, 193, 173, 146, 176, 162, 45, 63, 67, 161, 102, 195, 174, 10, 137, 57, 154, 190, 186, 159]项目工期为：318.0；项目成本为：172777.70000000004
染色体结构为:
[79, 30, 73, 109, 194, 11, 180, 94, 91, 87, 41, 47, 19, 118, 3, 125, 20, 132, 65, 169, 44, 58, 130, 114, 6, 4, 95, 105, 46, 8, 56, 93, 24, 116, 98, 187, 184, 61, 141, 157, 5, 62, 128, 121, 31, 26, 54, 111, 70, 75, 106, 1, 23, 156, 152, 103, 139, 166, 147, 198, 42, 64, 158, 167, 163, 108, 113, 107, 43, 34, 32, 199, 122, 80, 197, 66, 97, 59, 96, 72, 138, 164, 83, 177, 172, 50, 18, 7, 14, 182, 168, 179, 40, 155, 25, 88, 119, 183, 133, 196, 15, 120, 29, 28, 171, 117, 126, 12, 68, 153, 51, 104, 143, 101, 89, 78, 22, 39, 160, 27, 9, 71, 142, 53, 52, 85, 21, 144, 36, 90, 37, 35, 191, 112, 145, 129, 33, 84, 74, 16, 140, 82, 134, 188, 100, 181, 49, 38, 17, 165, 99, 200, 185, 76, 175, 136, 69, 148, 60, 81, 86, 55, 135, 131, 127, 149, 115, 178, 2, 189, 123, 110, 192, 48, 170, 151, 150, 13, 92, 146, 77, 124, 173, 193, 176, 63, 161, 67, 162, 102, 174, 195, 159, 45, 57, 10, 190, 137, 154, 186]项目工期为：314.0；项目成本为：173638.49999999997
染色体结构为:
[79, 30, 73, 109, 11, 94, 194, 180, 91, 87, 41, 118, 47, 19, 125, 3, 20, 65, 132, 169, 58, 44, 130, 114, 6, 95, 105, 4, 93, 46, 8, 56, 24, 184, 116, 187, 98, 61, 141, 5, 157, 62, 121, 128, 26, 31, 111, 54, 70, 75, 1, 106, 156, 23, 152, 103, 139, 166, 198, 147, 42, 64, 158, 163, 167, 108, 113, 107, 43, 32, 199, 34, 122, 80, 66, 197, 97, 96, 72, 138, 59, 83, 164, 172, 50, 177, 18, 14, 7, 179, 182, 168, 40, 25, 155, 119, 88, 133, 183, 196, 15, 120, 28, 29, 171, 117, 12, 126, 68, 153, 51, 104, 143, 78, 89, 101, 22, 39, 160, 27, 9, 142, 71, 52, 53, 85, 144, 21, 36, 90, 35, 37, 191, 145, 112, 129, 33, 84, 74, 16, 82, 140, 134, 100, 188, 181, 49, 17, 38, 165, 99, 200, 185, 76, 136, 175, 69, 148, 81, 60, 86, 55, 135, 149, 131, 127, 115, 178, 2, 189, 123, 110, 192, 48, 170, 151, 13, 150, 92, 146, 124, 77, 193, 173, 176, 63, 67, 162, 161, 102, 174, 195, 45, 159, 57, 10, 186, 190, 137, 154]项目工期为：347.0；项目成本为：167420.10000000003
染色体结构为:
[109, 79, 30, 11, 180, 94, 41, 73, 91, 194, 3, 87, 19, 47, 118, 20, 125, 65, 132, 169, 58, 44, 6, 4, 130, 93, 95, 114, 46, 105, 116, 8, 56, 184, 187, 24, 61, 157, 141, 62, 98, 128, 5, 26, 54, 121, 31, 111, 70, 75, 1, 106, 23, 152, 156, 139, 198, 166, 147, 42, 103, 167, 158, 64, 108, 43, 163, 138, 199, 32, 83, 164, 177, 179, 50, 40, 172, 182, 14, 7, 168, 155, 88, 96, 25, 119, 133, 183, 59, 29, 15, 196, 107, 171, 120, 28, 117, 68, 72, 12, 66, 80, 51, 104, 153, 78, 126, 143, 22, 101, 89, 160, 27, 113, 142, 39, 53, 9, 71, 144, 122, 21, 85, 36, 90, 35, 52, 191, 37, 129, 145, 84, 112, 33, 34, 140, 16, 100, 74, 188, 49, 82, 181, 38, 97, 134, 165, 197, 135, 18, 76, 17, 185, 200, 99, 136, 175, 148, 69, 86, 55, 81, 131, 60, 149, 115, 127, 2, 189, 178, 123, 110, 192, 170, 48, 13, 150, 77, 193, 92, 124, 151, 173, 146, 176, 162, 67, 63, 45, 161, 102, 174, 195, 10, 57, 137, 190, 154, 186, 159]项目工期为：390.0；项目成本为：159276.80000000008
染色体结构为:
[11, 109, 194, 79, 73, 30, 180, 41, 91, 94, 87, 19, 47, 3, 118, 132, 125, 20, 58, 65, 169, 6, 44, 4, 114, 130, 95, 93, 105, 8, 46, 56, 24, 116, 61, 184, 187, 141, 62, 98, 128, 5, 157, 121, 111, 26, 31, 158, 70, 75, 152, 34, 1, 107, 113, 106, 54, 23, 156, 103, 147, 198, 139, 64, 42, 43, 163, 167, 166, 108, 199, 197, 32, 59, 122, 96, 80, 66, 97, 72, 18, 138, 164, 83, 172, 40, 177, 179, 181, 182, 50, 15, 82, 133, 76, 165, 135, 100, 101, 68, 51, 171, 52, 7, 153, 142, 126, 168, 39, 144, 28, 53, 88, 21, 9, 27, 14, 85, 71, 155, 196, 119, 25, 29, 183, 12, 120, 117, 143, 104, 78, 90, 160, 22, 89, 36, 35, 145, 33, 37, 191, 84, 129, 140, 112, 16, 134, 74, 148, 149, 188, 60, 55, 69, 136, 175, 115, 127, 131, 86, 178, 17, 189, 2, 185, 123, 110, 200, 81, 38, 170, 99, 49, 13, 48, 150, 124, 192, 151, 92, 146, 193, 77, 173, 45, 63, 67, 176, 161, 195, 162, 102, 174, 137, 57, 10, 154, 190, 159, 186]项目工期为：203.0；项目成本为：214412.8
MID=1.0636618920837642
DM=83631.9705282614
SNS=0.22230772107003202
SM=0.6846009236416931
1.2718364584322755E-5
70
共计用时：13秒
