染色体结构为:
[10, 136, 82, 30, 138, 128, 95, 73, 61, 53, 144, 69, 123, 48, 125, 20, 121, 58, 170, 64, 164, 162, 31, 4, 3, 35, 47, 22, 142, 29, 120, 84, 182, 103, 98, 80, 173, 21, 25, 65, 122, 66, 104, 41, 13, 45, 11, 43, 56, 146, 50, 24, 91, 18, 99, 2, 28, 37, 70, 193, 119, 200, 39, 131, 156, 12, 19, 96, 7, 49, 17, 44, 81, 94, 93, 141, 145, 124, 16, 105, 102, 55, 33, 71, 167, 155, 191, 149, 133, 74, 77, 88, 184, 76, 159, 112, 151, 68, 100, 165, 107, 126, 36, 198, 158, 92, 111, 115, 15, 57, 46, 34, 83, 174, 85, 178, 14, 130, 89, 140, 147, 40, 62, 23, 32, 8, 148, 75, 109, 38, 101, 169, 9, 166, 135, 27, 72, 114, 6, 163, 51, 177, 97, 181, 192, 78, 5, 63, 185, 86, 1, 117, 160, 60, 190, 26, 129, 183, 199, 171, 143, 150, 42, 180, 139, 67, 79, 108, 132, 175, 172, 110, 127, 87, 54, 187, 153, 90, 179, 161, 116, 186, 59, 197, 52, 154, 194, 137, 118, 195, 113, 152, 176, 188, 134, 106, 189, 157, 168, 196]项目工期为：285.0；项目成本为：265482.69999999984
染色体结构为:
[10, 82, 136, 30, 95, 138, 128, 73, 61, 53, 144, 69, 123, 48, 125, 20, 121, 58, 170, 64, 162, 164, 31, 4, 3, 35, 47, 22, 142, 120, 84, 29, 182, 98, 103, 80, 173, 21, 25, 65, 122, 66, 104, 41, 13, 45, 11, 43, 56, 146, 50, 91, 24, 2, 18, 99, 28, 37, 70, 193, 119, 200, 39, 131, 156, 12, 19, 96, 7, 17, 49, 44, 94, 93, 141, 81, 145, 124, 105, 16, 102, 55, 33, 167, 71, 191, 155, 149, 133, 74, 77, 184, 88, 76, 159, 112, 68, 151, 100, 107, 165, 126, 36, 158, 198, 92, 111, 15, 115, 57, 34, 46, 83, 174, 85, 178, 14, 89, 130, 140, 147, 40, 62, 32, 23, 8, 148, 75, 109, 38, 101, 169, 166, 9, 27, 135, 114, 72, 6, 163, 51, 97, 177, 192, 181, 78, 5, 63, 185, 86, 1, 117, 60, 160, 190, 26, 129, 183, 199, 171, 150, 143, 42, 180, 67, 139, 79, 108, 175, 132, 172, 110, 127, 87, 54, 187, 153, 90, 161, 179, 116, 186, 197, 59, 52, 154, 137, 194, 118, 195, 113, 152, 176, 188, 134, 106, 157, 189, 196, 168]项目工期为：275.0；项目成本为：267469.19999999984
染色体结构为:
[10, 30, 136, 95, 138, 82, 41, 13, 56, 11, 146, 45, 91, 18, 50, 29, 43, 24, 99, 37, 4, 28, 69, 193, 53, 35, 70, 200, 2, 162, 123, 119, 39, 131, 12, 156, 19, 7, 31, 20, 122, 96, 5, 26, 125, 63, 38, 141, 1, 46, 14, 163, 164, 73, 170, 165, 140, 128, 144, 61, 121, 48, 22, 58, 64, 3, 47, 84, 142, 120, 182, 21, 173, 98, 103, 100, 44, 81, 94, 93, 76, 111, 57, 15, 184, 34, 65, 88, 83, 85, 49, 115, 33, 36, 178, 71, 174, 89, 105, 40, 66, 130, 147, 16, 23, 32, 8, 62, 102, 109, 60, 42, 79, 155, 86, 17, 180, 114, 110, 159, 196, 132, 126, 124, 113, 78, 55, 104, 116, 68, 171, 67, 27, 149, 75, 191, 190, 87, 185, 51, 133, 107, 175, 145, 25, 80, 166, 172, 52, 77, 151, 101, 106, 158, 167, 59, 183, 97, 181, 137, 187, 168, 112, 72, 117, 154, 9, 169, 199, 153, 6, 198, 127, 194, 108, 92, 195, 157, 129, 148, 135, 143, 160, 54, 152, 177, 179, 90, 150, 118, 139, 197, 74, 176, 192, 134, 161, 189, 188, 186]项目工期为：289.0；项目成本为：261294.80000000005
染色体结构为:
[10, 136, 82, 95, 30, 138, 41, 13, 146, 56, 11, 45, 18, 50, 91, 43, 24, 29, 99, 37, 4, 193, 69, 28, 53, 70, 35, 2, 200, 123, 162, 12, 39, 119, 131, 156, 7, 19, 20, 5, 31, 96, 26, 38, 122, 125, 1, 63, 141, 46, 14, 163, 164, 73, 165, 140, 128, 170, 144, 61, 121, 48, 64, 22, 58, 47, 3, 120, 142, 182, 84, 98, 173, 21, 103, 81, 100, 94, 44, 93, 76, 57, 111, 184, 15, 88, 34, 65, 83, 49, 85, 36, 115, 178, 33, 174, 89, 71, 105, 66, 40, 130, 147, 23, 16, 32, 62, 8, 109, 60, 42, 102, 79, 155, 86, 114, 17, 110, 180, 113, 159, 132, 196, 126, 124, 55, 78, 104, 68, 116, 171, 149, 67, 191, 27, 87, 75, 190, 185, 51, 133, 107, 175, 145, 166, 80, 25, 172, 77, 151, 52, 106, 158, 101, 59, 167, 183, 97, 181, 137, 187, 168, 112, 117, 9, 154, 169, 72, 153, 199, 6, 127, 108, 198, 92, 195, 129, 194, 148, 135, 157, 160, 143, 152, 54, 90, 179, 177, 118, 150, 139, 74, 197, 134, 188, 176, 189, 161, 186, 192]项目工期为：302.0；项目成本为：250700.6999999999
染色体结构为:
[53, 140, 128, 125, 144, 73, 61, 121, 48, 123, 69, 164, 58, 20, 64, 4, 170, 162, 35, 136, 142, 3, 22, 31, 47, 29, 120, 84, 21, 103, 173, 25, 98, 182, 65, 104, 122, 82, 80, 138, 10, 95, 30, 13, 56, 41, 45, 146, 43, 18, 91, 24, 11, 50, 37, 38, 93, 28, 163, 14, 46, 99, 193, 70, 2, 200, 119, 39, 156, 12, 131, 19, 5, 7, 26, 96, 191, 109, 141, 63, 100, 155, 27, 133, 36, 40, 105, 71, 68, 94, 196, 44, 67, 1, 17, 81, 85, 76, 75, 102, 171, 111, 149, 8, 172, 15, 57, 72, 181, 115, 66, 33, 185, 42, 166, 83, 187, 16, 55, 32, 184, 101, 108, 23, 49, 88, 107, 165, 6, 9, 34, 59, 113, 175, 130, 127, 183, 147, 60, 152, 190, 87, 51, 180, 145, 78, 114, 124, 77, 110, 79, 151, 52, 106, 174, 167, 97, 158, 117, 116, 168, 112, 137, 169, 62, 129, 154, 195, 199, 143, 157, 178, 135, 159, 92, 148, 90, 86, 160, 132, 126, 179, 89, 54, 153, 198, 150, 118, 177, 197, 74, 192, 139, 161, 194, 188, 186, 134, 176, 189]项目工期为：344.0；项目成本为：231869.90000000008
染色体结构为:
[18, 28, 38, 93, 45, 136, 10, 82, 30, 95, 138, 41, 13, 56, 146, 11, 50, 29, 91, 43, 99, 24, 4, 37, 69, 193, 53, 70, 35, 200, 2, 162, 123, 12, 119, 39, 156, 7, 131, 19, 5, 20, 31, 96, 26, 122, 63, 141, 125, 1, 46, 163, 14, 73, 164, 140, 165, 170, 128, 144, 61, 48, 121, 58, 64, 22, 47, 120, 3, 142, 98, 84, 182, 21, 100, 173, 103, 81, 94, 44, 76, 57, 111, 184, 15, 88, 34, 65, 83, 85, 49, 36, 178, 115, 33, 174, 89, 71, 105, 66, 40, 130, 147, 23, 62, 16, 32, 8, 109, 60, 102, 42, 79, 155, 86, 114, 17, 110, 180, 113, 196, 159, 132, 124, 55, 126, 78, 171, 68, 104, 116, 67, 149, 191, 27, 75, 87, 190, 185, 51, 133, 175, 107, 166, 145, 80, 25, 172, 151, 77, 52, 106, 158, 101, 59, 167, 183, 181, 97, 187, 137, 112, 168, 117, 9, 154, 169, 72, 153, 199, 127, 6, 108, 198, 92, 195, 129, 194, 148, 135, 157, 143, 160, 54, 179, 90, 152, 177, 150, 118, 74, 139, 197, 188, 134, 176, 189, 161, 186, 192]项目工期为：317.0；项目成本为：243923.29999999993
染色体结构为:
[28, 18, 45, 38, 93, 53, 35, 82, 46, 163, 125, 138, 10, 136, 30, 128, 95, 73, 61, 144, 123, 69, 48, 20, 58, 121, 64, 164, 170, 162, 31, 3, 47, 4, 22, 142, 29, 120, 84, 182, 103, 98, 80, 173, 25, 21, 122, 65, 66, 104, 41, 13, 11, 56, 43, 146, 50, 24, 91, 99, 2, 70, 37, 193, 119, 200, 39, 131, 12, 156, 19, 96, 7, 49, 17, 44, 94, 81, 141, 145, 16, 124, 105, 102, 55, 33, 167, 71, 155, 149, 191, 133, 77, 74, 88, 184, 159, 76, 112, 68, 151, 100, 165, 107, 126, 36, 198, 158, 111, 92, 15, 115, 34, 57, 83, 85, 174, 178, 14, 130, 89, 140, 147, 40, 62, 23, 32, 8, 148, 75, 109, 101, 9, 169, 135, 166, 72, 27, 6, 114, 177, 97, 181, 51, 192, 78, 5, 185, 63, 86, 1, 117, 160, 60, 26, 190, 129, 183, 171, 199, 150, 139, 143, 42, 180, 67, 79, 132, 108, 175, 172, 110, 127, 54, 87, 187, 90, 153, 179, 161, 116, 59, 186, 197, 52, 154, 194, 137, 118, 195, 113, 152, 188, 176, 134, 106, 189, 157, 168, 196]项目工期为：287.0；项目成本为：264144.19999999995
染色体结构为:
[28, 45, 18, 93, 38, 35, 53, 125, 82, 46, 163, 14, 95, 138, 136, 10, 13, 30, 11, 56, 146, 41, 43, 91, 29, 50, 24, 37, 4, 69, 193, 99, 128, 70, 73, 61, 39, 144, 96, 111, 76, 20, 57, 15, 44, 184, 34, 170, 58, 121, 48, 164, 64, 123, 162, 22, 31, 142, 3, 21, 103, 120, 182, 98, 47, 84, 173, 25, 104, 80, 66, 122, 7, 68, 36, 67, 19, 65, 81, 196, 85, 109, 27, 191, 141, 140, 200, 40, 100, 94, 155, 133, 105, 1, 71, 171, 17, 2, 75, 26, 8, 149, 172, 102, 181, 42, 72, 12, 33, 156, 119, 131, 115, 63, 5, 187, 166, 83, 16, 185, 32, 55, 108, 101, 23, 107, 88, 165, 49, 113, 127, 59, 9, 6, 175, 60, 130, 51, 183, 147, 87, 180, 190, 152, 78, 114, 124, 77, 145, 151, 52, 174, 106, 158, 110, 79, 116, 167, 97, 137, 62, 157, 168, 169, 112, 117, 154, 195, 159, 199, 129, 143, 92, 135, 178, 148, 86, 90, 126, 160, 132, 89, 179, 198, 150, 54, 153, 118, 197, 177, 74, 192, 139, 161, 194, 186, 188, 176, 134, 189]项目工期为：456.0；项目成本为：196681.59999999995
染色体结构为:
[53, 140, 128, 73, 125, 144, 61, 121, 123, 48, 69, 164, 58, 64, 20, 170, 4, 136, 162, 35, 3, 31, 142, 22, 47, 29, 120, 84, 21, 182, 103, 173, 25, 104, 98, 65, 82, 122, 10, 80, 138, 30, 41, 95, 56, 13, 146, 43, 91, 45, 11, 18, 24, 37, 50, 38, 93, 28, 46, 163, 99, 14, 70, 193, 2, 119, 12, 200, 39, 156, 19, 131, 7, 26, 5, 96, 109, 191, 141, 63, 100, 27, 155, 133, 36, 40, 105, 94, 71, 68, 44, 1, 196, 67, 81, 17, 76, 171, 85, 75, 102, 111, 149, 8, 15, 172, 57, 72, 181, 115, 33, 66, 42, 166, 185, 187, 16, 55, 83, 32, 184, 101, 108, 23, 49, 88, 165, 107, 9, 6, 127, 34, 59, 113, 175, 130, 183, 60, 147, 152, 87, 190, 51, 180, 78, 114, 124, 145, 52, 77, 151, 110, 106, 158, 79, 174, 97, 167, 116, 117, 137, 112, 168, 62, 169, 195, 154, 159, 199, 157, 129, 178, 135, 143, 92, 148, 126, 86, 160, 90, 89, 198, 179, 54, 132, 153, 194, 177, 150, 118, 74, 197, 134, 139, 176, 188, 186, 189, 192, 161]项目工期为：345.0；项目成本为：231861.20000000016
染色体结构为:
[18, 28, 93, 45, 38, 53, 35, 46, 125, 82, 14, 163, 138, 13, 95, 136, 10, 30, 11, 146, 56, 41, 29, 43, 91, 50, 24, 4, 37, 99, 69, 193, 128, 73, 70, 144, 39, 96, 61, 76, 111, 20, 57, 15, 44, 34, 184, 58, 170, 121, 48, 123, 164, 64, 142, 162, 22, 21, 3, 31, 103, 120, 47, 98, 182, 25, 173, 84, 122, 104, 80, 7, 66, 68, 19, 36, 81, 65, 67, 109, 196, 85, 191, 141, 140, 27, 200, 40, 100, 94, 133, 1, 155, 105, 171, 71, 17, 2, 149, 8, 75, 26, 102, 172, 42, 72, 181, 119, 33, 156, 12, 131, 115, 63, 5, 166, 16, 187, 83, 32, 185, 55, 101, 108, 23, 88, 49, 107, 165, 113, 127, 59, 6, 9, 175, 60, 130, 51, 183, 87, 147, 180, 190, 152, 78, 145, 124, 52, 114, 77, 151, 106, 110, 174, 167, 158, 116, 97, 168, 79, 137, 112, 117, 154, 169, 62, 199, 129, 195, 92, 143, 178, 135, 86, 157, 160, 159, 148, 126, 90, 89, 150, 132, 198, 179, 177, 153, 197, 54, 194, 118, 176, 74, 139, 189, 134, 161, 188, 192, 186]项目工期为：494.0；项目成本为：185095.5
染色体结构为:
[10, 136, 30, 82, 95, 138, 13, 41, 56, 11, 146, 45, 18, 91, 50, 43, 29, 24, 99, 37, 4, 28, 69, 193, 53, 200, 35, 2, 70, 162, 119, 123, 131, 39, 156, 12, 7, 20, 19, 31, 122, 5, 96, 26, 125, 38, 63, 141, 46, 1, 163, 14, 73, 165, 164, 170, 140, 144, 128, 61, 48, 121, 64, 58, 22, 3, 47, 84, 182, 142, 120, 21, 98, 173, 103, 100, 44, 81, 93, 94, 76, 57, 111, 184, 34, 15, 65, 88, 85, 83, 49, 36, 115, 33, 71, 178, 174, 89, 105, 40, 66, 130, 147, 16, 23, 62, 32, 8, 102, 42, 79, 109, 60, 17, 155, 86, 180, 159, 114, 110, 132, 126, 113, 196, 124, 55, 78, 104, 116, 67, 68, 27, 171, 149, 75, 190, 191, 87, 133, 185, 51, 175, 107, 145, 166, 25, 80, 172, 52, 77, 151, 101, 59, 106, 158, 167, 183, 181, 137, 97, 187, 112, 168, 72, 117, 154, 9, 169, 153, 127, 199, 198, 194, 108, 6, 92, 195, 129, 157, 135, 148, 143, 54, 160, 152, 177, 179, 90, 150, 118, 139, 74, 197, 176, 192, 134, 189, 188, 161, 186]项目工期为：292.0；项目成本为：258934.60000000012
染色体结构为:
[10, 82, 95, 30, 136, 138, 128, 73, 61, 53, 123, 69, 48, 144, 125, 121, 58, 20, 64, 170, 162, 4, 164, 31, 35, 3, 47, 22, 142, 120, 84, 29, 182, 98, 103, 80, 21, 173, 25, 65, 122, 66, 104, 41, 13, 45, 11, 43, 56, 50, 146, 24, 91, 18, 2, 99, 28, 37, 70, 193, 39, 119, 200, 131, 156, 12, 19, 96, 17, 7, 49, 44, 81, 94, 141, 93, 145, 105, 124, 55, 16, 102, 33, 155, 71, 167, 191, 149, 133, 74, 77, 88, 76, 184, 159, 112, 68, 151, 100, 107, 165, 126, 36, 198, 158, 92, 111, 15, 115, 57, 34, 46, 83, 174, 178, 14, 85, 130, 89, 140, 40, 147, 23, 62, 32, 148, 8, 75, 38, 101, 109, 169, 166, 27, 9, 72, 135, 114, 6, 163, 51, 177, 181, 192, 5, 78, 97, 185, 63, 1, 86, 60, 117, 160, 26, 183, 190, 129, 143, 199, 171, 150, 180, 42, 67, 139, 108, 79, 132, 172, 175, 127, 110, 54, 87, 187, 153, 90, 161, 116, 59, 179, 186, 197, 52, 154, 194, 137, 118, 195, 113, 176, 134, 188, 152, 189, 106, 157, 196, 168]项目工期为：270.0；项目成本为：276622.29999999993
染色体结构为:
[10, 136, 82, 95, 138, 30, 41, 13, 146, 56, 11, 45, 91, 18, 28, 93, 38, 53, 35, 125, 163, 46, 14, 29, 50, 43, 24, 37, 4, 193, 69, 99, 128, 70, 61, 73, 144, 39, 96, 76, 20, 111, 15, 57, 44, 184, 170, 121, 34, 48, 58, 164, 64, 162, 123, 22, 142, 3, 31, 21, 103, 120, 98, 182, 84, 47, 173, 104, 25, 80, 122, 7, 66, 68, 36, 67, 19, 65, 81, 196, 85, 109, 27, 191, 140, 141, 200, 100, 40, 155, 133, 94, 1, 105, 17, 71, 171, 26, 75, 2, 149, 8, 172, 181, 72, 42, 102, 156, 12, 33, 119, 131, 115, 63, 5, 187, 166, 16, 32, 83, 55, 101, 185, 108, 23, 88, 165, 107, 49, 113, 127, 59, 9, 6, 175, 60, 130, 183, 51, 87, 147, 180, 78, 190, 152, 114, 124, 77, 145, 151, 52, 174, 106, 110, 158, 79, 167, 116, 97, 168, 137, 117, 169, 112, 154, 195, 62, 92, 199, 159, 129, 178, 148, 143, 157, 86, 135, 126, 160, 90, 198, 132, 89, 150, 179, 153, 177, 54, 118, 197, 139, 176, 134, 74, 189, 194, 192, 188, 186, 161]项目工期为：420.0；项目成本为：207037.69999999998
染色体结构为:
[30, 10, 82, 138, 136, 95, 41, 45, 13, 146, 56, 43, 18, 11, 91, 29, 50, 24, 28, 4, 193, 99, 69, 37, 53, 35, 70, 2, 200, 162, 119, 12, 123, 131, 39, 156, 122, 19, 31, 7, 26, 20, 96, 5, 63, 38, 125, 58, 141, 1, 14, 100, 140, 163, 44, 81, 94, 76, 111, 93, 57, 128, 184, 15, 88, 170, 34, 47, 61, 173, 48, 84, 83, 144, 65, 85, 49, 115, 36, 33, 46, 165, 178, 71, 174, 89, 105, 66, 3, 40, 130, 147, 23, 120, 16, 8, 32, 62, 102, 60, 109, 103, 79, 86, 42, 114, 155, 17, 110, 180, 159, 113, 196, 126, 124, 55, 132, 104, 78, 68, 116, 164, 171, 67, 27, 149, 21, 191, 22, 121, 75, 87, 142, 190, 185, 133, 51, 182, 145, 73, 107, 80, 175, 98, 64, 25, 166, 172, 52, 77, 151, 101, 106, 158, 59, 167, 183, 137, 97, 72, 181, 168, 187, 117, 169, 112, 199, 9, 154, 127, 108, 153, 90, 6, 198, 129, 148, 92, 160, 74, 135, 197, 150, 54, 192, 188, 176, 152, 189, 195, 143, 157, 179, 177, 194, 118, 139, 134, 161, 186]项目工期为：291.0；项目成本为：259133.69999999992
染色体结构为:
[18, 28, 93, 45, 38, 53, 35, 46, 125, 82, 14, 138, 163, 13, 95, 136, 10, 30, 11, 146, 41, 56, 29, 43, 50, 91, 4, 24, 37, 193, 99, 69, 128, 73, 144, 70, 39, 61, 96, 76, 111, 57, 20, 44, 15, 34, 58, 184, 170, 121, 48, 164, 142, 123, 64, 162, 22, 21, 31, 3, 103, 120, 47, 98, 182, 84, 25, 173, 122, 80, 104, 66, 7, 68, 81, 19, 36, 67, 65, 196, 85, 191, 109, 140, 141, 27, 40, 200, 100, 94, 133, 155, 1, 105, 171, 71, 17, 8, 2, 75, 102, 149, 26, 42, 172, 72, 119, 33, 156, 12, 131, 181, 63, 5, 115, 166, 16, 83, 187, 32, 185, 55, 101, 108, 88, 49, 23, 107, 165, 127, 113, 59, 6, 9, 60, 175, 130, 51, 183, 87, 147, 190, 180, 152, 145, 124, 78, 52, 114, 77, 151, 106, 110, 167, 174, 158, 116, 97, 168, 79, 112, 137, 117, 154, 169, 62, 199, 195, 129, 92, 143, 86, 178, 135, 157, 159, 160, 126, 148, 90, 89, 150, 198, 132, 179, 177, 153, 194, 197, 118, 54, 74, 176, 139, 189, 134, 161, 188, 186, 192]项目工期为：462.0；项目成本为：193967.10000000006
染色体结构为:
[28, 18, 53, 140, 128, 144, 125, 73, 61, 121, 48, 123, 164, 58, 69, 64, 4, 20, 170, 162, 35, 136, 142, 22, 3, 31, 47, 29, 120, 84, 21, 103, 173, 25, 98, 182, 104, 65, 122, 82, 138, 80, 95, 30, 10, 13, 56, 41, 146, 45, 43, 91, 11, 24, 50, 37, 38, 93, 163, 14, 46, 99, 193, 70, 2, 200, 119, 39, 156, 12, 131, 5, 19, 7, 26, 96, 191, 141, 109, 63, 155, 100, 133, 27, 36, 40, 71, 105, 68, 94, 196, 44, 67, 1, 17, 81, 85, 75, 76, 102, 171, 111, 149, 8, 172, 15, 57, 72, 115, 181, 66, 33, 185, 166, 42, 187, 16, 83, 184, 55, 101, 32, 49, 108, 23, 107, 88, 165, 9, 6, 34, 59, 113, 175, 130, 127, 183, 60, 147, 152, 51, 190, 180, 87, 145, 78, 114, 77, 124, 110, 79, 52, 151, 106, 174, 97, 167, 158, 116, 117, 168, 112, 137, 169, 62, 129, 195, 154, 199, 143, 157, 178, 135, 159, 92, 90, 148, 86, 160, 132, 179, 126, 89, 153, 54, 198, 150, 118, 74, 177, 197, 192, 139, 161, 194, 188, 186, 134, 176, 189]项目工期为：338.0；项目成本为：234224.70000000007
染色体结构为:
[82, 136, 10, 30, 41, 95, 13, 138, 56, 146, 45, 11, 50, 18, 29, 91, 43, 140, 53, 73, 128, 123, 125, 61, 144, 121, 48, 164, 69, 58, 20, 162, 64, 170, 35, 4, 31, 142, 22, 120, 3, 103, 47, 21, 182, 84, 98, 173, 25, 80, 99, 104, 44, 39, 96, 81, 38, 28, 141, 93, 14, 46, 24, 163, 193, 37, 70, 200, 2, 119, 156, 131, 122, 12, 5, 19, 7, 26, 63, 109, 191, 155, 27, 100, 133, 36, 40, 71, 105, 1, 68, 17, 94, 65, 85, 196, 76, 67, 111, 75, 102, 171, 149, 8, 15, 172, 72, 181, 57, 115, 33, 166, 66, 185, 16, 42, 187, 83, 55, 32, 101, 184, 23, 165, 49, 108, 6, 88, 107, 9, 127, 59, 113, 130, 34, 175, 183, 147, 152, 60, 87, 51, 124, 78, 190, 114, 145, 180, 52, 151, 77, 174, 106, 158, 110, 116, 167, 97, 79, 137, 112, 168, 117, 169, 199, 62, 195, 178, 154, 157, 129, 92, 135, 143, 148, 159, 86, 160, 126, 89, 132, 90, 150, 198, 54, 179, 118, 177, 197, 153, 176, 194, 74, 139, 134, 188, 189, 192, 186, 161]项目工期为：331.0；项目成本为：236593.0
染色体结构为:
[18, 45, 38, 28, 93, 35, 53, 46, 125, 138, 10, 140, 128, 163, 144, 73, 61, 121, 48, 123, 164, 58, 69, 20, 64, 170, 4, 162, 136, 142, 3, 31, 47, 29, 22, 120, 21, 84, 173, 103, 25, 98, 182, 65, 104, 122, 80, 82, 95, 30, 56, 13, 41, 43, 146, 91, 11, 24, 50, 14, 37, 193, 70, 99, 2, 200, 119, 39, 156, 12, 131, 19, 5, 7, 26, 96, 191, 141, 109, 63, 155, 100, 133, 36, 27, 40, 105, 71, 68, 196, 44, 94, 1, 67, 17, 81, 85, 76, 75, 102, 111, 171, 149, 8, 172, 15, 57, 72, 181, 115, 66, 33, 185, 42, 166, 16, 187, 83, 55, 184, 101, 32, 108, 49, 23, 88, 107, 165, 9, 6, 34, 59, 113, 175, 127, 130, 183, 147, 60, 152, 51, 190, 180, 145, 87, 78, 114, 77, 124, 110, 79, 52, 106, 151, 174, 167, 97, 158, 116, 117, 168, 112, 137, 169, 62, 129, 195, 154, 199, 143, 157, 178, 159, 135, 92, 90, 148, 86, 160, 132, 126, 179, 89, 153, 198, 54, 150, 118, 177, 74, 197, 192, 139, 161, 194, 186, 188, 134, 176, 189]项目工期为：324.0；项目成本为：238987.0000000001
染色体结构为:
[10, 82, 95, 30, 136, 138, 128, 73, 61, 53, 123, 69, 48, 144, 125, 121, 20, 64, 58, 170, 4, 162, 164, 31, 35, 3, 22, 47, 142, 120, 29, 84, 182, 98, 103, 80, 21, 173, 25, 65, 122, 66, 104, 41, 13, 45, 43, 11, 56, 50, 146, 24, 91, 18, 2, 99, 28, 37, 70, 193, 39, 119, 200, 131, 156, 12, 19, 96, 17, 7, 49, 44, 81, 141, 94, 93, 145, 105, 124, 55, 16, 102, 33, 155, 71, 167, 191, 149, 133, 74, 88, 76, 77, 184, 159, 112, 68, 100, 107, 151, 165, 126, 36, 198, 158, 92, 111, 15, 115, 57, 34, 46, 83, 174, 178, 14, 130, 85, 89, 140, 40, 147, 23, 62, 32, 148, 8, 75, 38, 101, 109, 169, 166, 27, 9, 72, 114, 135, 163, 6, 51, 181, 177, 192, 5, 97, 78, 185, 1, 63, 86, 60, 117, 160, 26, 183, 190, 129, 143, 199, 171, 150, 42, 180, 67, 139, 108, 79, 132, 172, 175, 127, 110, 54, 87, 187, 153, 90, 161, 116, 59, 179, 186, 197, 52, 154, 194, 137, 118, 195, 113, 176, 134, 188, 152, 189, 106, 157, 196, 168]项目工期为：272.0；项目成本为：274514.8
染色体结构为:
[18, 93, 45, 28, 35, 38, 53, 46, 125, 163, 14, 82, 138, 95, 13, 136, 10, 30, 11, 56, 146, 29, 41, 43, 91, 24, 4, 37, 50, 99, 69, 73, 193, 128, 70, 144, 39, 61, 96, 76, 111, 15, 20, 57, 44, 184, 34, 58, 170, 121, 48, 164, 123, 162, 64, 142, 21, 22, 31, 103, 3, 47, 120, 98, 182, 173, 122, 25, 84, 104, 7, 66, 80, 68, 36, 65, 19, 81, 67, 196, 109, 85, 191, 140, 141, 27, 200, 40, 94, 100, 133, 155, 1, 105, 171, 71, 17, 2, 149, 75, 8, 26, 172, 102, 72, 42, 181, 119, 33, 12, 156, 131, 115, 63, 5, 16, 166, 187, 83, 32, 185, 55, 101, 108, 23, 88, 107, 49, 113, 165, 127, 6, 59, 9, 175, 60, 130, 51, 183, 87, 180, 147, 190, 152, 78, 145, 124, 114, 52, 77, 106, 110, 151, 174, 158, 167, 116, 168, 97, 79, 137, 117, 112, 154, 169, 62, 199, 195, 129, 92, 143, 178, 135, 86, 157, 160, 148, 126, 159, 90, 89, 132, 150, 198, 179, 177, 153, 194, 197, 54, 118, 176, 74, 139, 189, 161, 134, 192, 188, 186]项目工期为：468.0；项目成本为：193441.99999999997
染色体结构为:
[18, 38, 28, 45, 163, 35, 93, 53, 46, 125, 138, 14, 82, 10, 136, 13, 11, 30, 95, 41, 56, 146, 29, 43, 91, 24, 69, 50, 99, 37, 128, 193, 123, 144, 70, 4, 121, 61, 73, 48, 58, 170, 31, 64, 20, 3, 164, 162, 142, 120, 47, 22, 182, 173, 84, 21, 98, 25, 103, 104, 80, 12, 200, 119, 2, 156, 39, 19, 131, 7, 122, 5, 26, 96, 191, 109, 140, 100, 63, 141, 27, 155, 36, 40, 133, 105, 94, 71, 68, 44, 196, 1, 65, 67, 81, 76, 17, 85, 171, 75, 102, 111, 15, 8, 181, 149, 72, 33, 172, 57, 42, 166, 115, 185, 66, 16, 83, 187, 55, 32, 101, 108, 184, 49, 23, 88, 9, 107, 34, 113, 165, 6, 127, 175, 59, 130, 60, 51, 87, 147, 183, 190, 180, 152, 124, 78, 114, 145, 151, 77, 52, 106, 174, 158, 79, 110, 97, 167, 116, 62, 137, 157, 168, 169, 112, 117, 154, 195, 159, 129, 199, 143, 135, 92, 178, 86, 160, 148, 90, 126, 89, 198, 132, 150, 177, 179, 197, 153, 194, 54, 118, 176, 74, 134, 139, 189, 188, 192, 186, 161]项目工期为：367.0；项目成本为：223437.10000000006
染色体结构为:
[38, 18, 28, 45, 163, 93, 35, 53, 46, 125, 138, 14, 10, 82, 136, 13, 11, 30, 95, 41, 146, 56, 29, 91, 43, 69, 24, 50, 99, 37, 193, 128, 123, 144, 70, 4, 121, 61, 73, 48, 58, 170, 31, 20, 64, 3, 162, 164, 120, 142, 47, 22, 182, 173, 84, 21, 103, 98, 25, 104, 80, 200, 12, 2, 156, 119, 39, 19, 131, 7, 122, 26, 5, 191, 96, 109, 140, 100, 63, 141, 27, 155, 36, 40, 133, 94, 105, 71, 68, 44, 196, 1, 67, 65, 76, 81, 85, 17, 171, 75, 102, 111, 15, 8, 181, 149, 72, 33, 172, 57, 42, 166, 115, 185, 66, 16, 187, 83, 55, 32, 101, 108, 49, 184, 23, 88, 107, 9, 34, 113, 165, 6, 127, 175, 130, 59, 60, 51, 87, 147, 183, 190, 180, 152, 78, 124, 114, 145, 151, 77, 52, 106, 174, 158, 110, 79, 167, 97, 116, 62, 137, 157, 168, 112, 169, 117, 154, 195, 159, 129, 199, 143, 92, 178, 135, 86, 160, 148, 126, 89, 90, 132, 150, 179, 177, 198, 153, 194, 197, 54, 118, 176, 74, 139, 189, 134, 161, 192, 188, 186]项目工期为：369.0；项目成本为：222465.6000000001
染色体结构为:
[18, 28, 38, 93, 45, 35, 53, 46, 82, 125, 163, 14, 95, 138, 13, 136, 10, 30, 11, 56, 146, 29, 41, 43, 24, 91, 50, 4, 37, 99, 69, 193, 128, 73, 144, 70, 39, 61, 96, 76, 111, 20, 57, 15, 44, 34, 184, 58, 170, 121, 48, 164, 162, 123, 142, 64, 22, 31, 21, 3, 103, 120, 47, 98, 182, 173, 84, 25, 104, 122, 80, 7, 68, 36, 66, 19, 65, 81, 67, 196, 109, 85, 140, 191, 141, 27, 40, 200, 94, 100, 133, 155, 1, 105, 171, 71, 17, 2, 75, 149, 8, 102, 26, 172, 72, 42, 181, 119, 33, 156, 12, 115, 63, 131, 166, 5, 16, 187, 83, 185, 32, 101, 55, 108, 23, 107, 88, 49, 165, 113, 127, 59, 9, 6, 175, 60, 51, 130, 183, 147, 87, 190, 180, 152, 78, 145, 124, 114, 52, 151, 77, 106, 110, 174, 158, 167, 168, 97, 116, 79, 137, 117, 112, 154, 169, 62, 199, 195, 129, 92, 143, 135, 178, 86, 157, 148, 126, 160, 159, 90, 89, 132, 150, 198, 177, 179, 153, 194, 197, 54, 118, 176, 74, 139, 189, 161, 134, 192, 188, 186]项目工期为：451.0；项目成本为：198115.30000000008
染色体结构为:
[18, 28, 93, 45, 38, 35, 53, 46, 125, 82, 163, 14, 138, 95, 136, 13, 10, 30, 11, 146, 56, 29, 41, 43, 91, 24, 50, 4, 37, 69, 99, 73, 193, 128, 70, 144, 39, 61, 96, 111, 76, 57, 20, 15, 44, 34, 184, 58, 170, 48, 121, 164, 123, 64, 162, 142, 22, 21, 3, 31, 140, 47, 103, 120, 182, 84, 173, 80, 98, 25, 81, 104, 200, 141, 119, 2, 156, 12, 131, 122, 19, 7, 5, 63, 26, 191, 109, 155, 27, 100, 36, 133, 40, 71, 105, 66, 68, 65, 67, 196, 85, 94, 1, 8, 17, 171, 149, 75, 102, 172, 42, 72, 181, 33, 115, 166, 16, 187, 83, 32, 185, 101, 55, 108, 88, 23, 165, 49, 113, 107, 127, 59, 9, 6, 175, 130, 60, 51, 183, 87, 147, 180, 190, 152, 145, 124, 78, 52, 114, 77, 151, 106, 110, 167, 158, 116, 174, 97, 79, 168, 137, 112, 117, 154, 169, 62, 129, 199, 195, 143, 178, 92, 86, 157, 135, 160, 159, 126, 148, 90, 89, 132, 150, 179, 198, 153, 177, 197, 194, 54, 118, 176, 74, 139, 189, 134, 161, 192, 186, 188]项目工期为：422.0；项目成本为：206320.30000000016
染色体结构为:
[28, 18, 45, 38, 93, 35, 53, 46, 125, 82, 163, 14, 138, 136, 13, 95, 10, 146, 30, 56, 41, 11, 29, 91, 43, 50, 37, 24, 4, 69, 193, 128, 99, 70, 73, 61, 39, 96, 76, 144, 111, 57, 44, 184, 20, 15, 34, 170, 121, 48, 58, 164, 123, 64, 142, 162, 3, 22, 21, 120, 31, 103, 47, 98, 182, 25, 173, 84, 104, 122, 80, 66, 7, 68, 19, 36, 81, 67, 109, 65, 196, 85, 141, 191, 140, 27, 40, 100, 94, 200, 1, 133, 105, 17, 155, 171, 71, 8, 2, 26, 149, 75, 102, 172, 42, 72, 119, 33, 181, 156, 63, 12, 115, 131, 5, 166, 187, 16, 32, 83, 101, 185, 55, 108, 88, 23, 49, 107, 165, 113, 127, 59, 6, 9, 175, 60, 130, 51, 183, 147, 180, 87, 190, 152, 145, 124, 78, 52, 77, 114, 151, 106, 110, 167, 174, 158, 116, 97, 168, 79, 137, 112, 117, 154, 169, 199, 62, 129, 195, 92, 143, 178, 86, 157, 160, 135, 159, 126, 148, 90, 89, 150, 132, 179, 198, 153, 197, 177, 194, 54, 118, 176, 74, 139, 189, 134, 161, 188, 192, 186]项目工期为：455.0；项目成本为：197743.90000000002
染色体结构为:
[10, 136, 82, 95, 30, 138, 41, 146, 13, 56, 11, 45, 18, 50, 93, 28, 38, 35, 53, 46, 14, 125, 29, 163, 43, 91, 37, 24, 69, 193, 4, 99, 70, 128, 73, 61, 39, 144, 96, 57, 76, 20, 111, 44, 184, 34, 15, 170, 121, 58, 48, 164, 64, 162, 31, 123, 22, 142, 3, 120, 103, 21, 47, 98, 182, 84, 25, 173, 80, 122, 66, 104, 68, 36, 7, 67, 19, 65, 196, 81, 191, 85, 141, 109, 27, 40, 200, 140, 100, 155, 94, 1, 133, 105, 71, 171, 2, 17, 149, 75, 8, 172, 26, 72, 102, 181, 42, 33, 156, 12, 119, 131, 115, 63, 5, 187, 166, 16, 83, 32, 185, 55, 23, 101, 108, 107, 88, 49, 113, 165, 127, 59, 9, 6, 60, 175, 130, 183, 51, 147, 87, 180, 190, 78, 152, 124, 77, 114, 145, 52, 151, 106, 110, 174, 158, 167, 116, 79, 97, 137, 62, 168, 169, 157, 112, 117, 159, 154, 195, 199, 129, 92, 178, 135, 143, 148, 160, 198, 126, 90, 86, 132, 179, 89, 150, 54, 153, 194, 177, 118, 197, 74, 176, 134, 192, 139, 188, 189, 161, 186]项目工期为：347.0；项目成本为：231454.89999999994
染色体结构为:
[38, 18, 28, 45, 163, 93, 35, 53, 46, 125, 138, 14, 82, 10, 136, 13, 11, 30, 95, 41, 56, 146, 29, 43, 91, 24, 69, 99, 50, 37, 128, 193, 123, 144, 70, 4, 121, 61, 73, 48, 58, 170, 31, 64, 20, 3, 162, 164, 142, 47, 22, 120, 182, 173, 84, 21, 98, 25, 104, 80, 103, 12, 200, 119, 2, 156, 39, 19, 131, 122, 7, 5, 26, 96, 191, 109, 140, 100, 63, 141, 27, 155, 40, 36, 133, 105, 94, 68, 71, 44, 196, 1, 65, 67, 81, 76, 17, 85, 171, 75, 102, 111, 15, 181, 8, 149, 72, 33, 57, 172, 42, 166, 115, 66, 185, 16, 83, 187, 55, 32, 101, 108, 184, 49, 23, 88, 9, 107, 34, 113, 165, 6, 127, 175, 130, 59, 60, 51, 87, 147, 183, 190, 180, 152, 124, 78, 114, 145, 151, 77, 52, 106, 174, 158, 79, 110, 97, 167, 116, 62, 137, 168, 169, 157, 112, 117, 154, 195, 159, 129, 199, 143, 135, 92, 178, 86, 160, 90, 148, 126, 89, 198, 132, 150, 177, 179, 197, 153, 194, 54, 118, 176, 74, 134, 139, 189, 188, 192, 186, 161]项目工期为：352.0；项目成本为：228596.0000000001
染色体结构为:
[18, 28, 93, 45, 38, 53, 35, 46, 125, 82, 14, 138, 163, 95, 13, 136, 30, 10, 11, 146, 56, 29, 41, 43, 91, 4, 50, 24, 37, 193, 69, 99, 128, 73, 144, 39, 70, 96, 61, 76, 111, 57, 20, 15, 44, 34, 58, 184, 170, 121, 48, 164, 123, 142, 64, 162, 22, 21, 31, 3, 103, 120, 98, 47, 182, 25, 84, 173, 122, 80, 104, 66, 7, 68, 81, 19, 36, 67, 65, 196, 85, 191, 109, 140, 141, 40, 27, 200, 100, 94, 133, 155, 1, 105, 171, 71, 8, 17, 2, 75, 102, 149, 26, 42, 172, 72, 119, 33, 156, 12, 131, 181, 63, 5, 115, 166, 16, 83, 187, 32, 185, 55, 108, 101, 88, 49, 23, 165, 107, 127, 113, 6, 59, 9, 60, 175, 130, 51, 183, 87, 147, 180, 190, 145, 152, 124, 78, 52, 114, 77, 151, 106, 110, 167, 174, 158, 116, 97, 79, 168, 112, 137, 117, 154, 169, 62, 199, 195, 129, 92, 143, 86, 178, 135, 157, 159, 160, 126, 148, 90, 89, 150, 132, 179, 198, 153, 177, 197, 194, 118, 54, 74, 176, 139, 189, 134, 161, 188, 186, 192]项目工期为：440.0；项目成本为：199966.5000000001
染色体结构为:
[28, 45, 18, 38, 93, 53, 35, 46, 125, 82, 163, 14, 138, 95, 136, 10, 13, 30, 146, 11, 41, 56, 29, 43, 140, 128, 73, 61, 144, 123, 48, 164, 69, 121, 58, 20, 64, 170, 4, 31, 162, 22, 142, 3, 120, 47, 21, 103, 182, 84, 173, 98, 80, 96, 25, 99, 44, 104, 39, 141, 81, 91, 50, 24, 37, 193, 200, 119, 70, 12, 2, 156, 122, 131, 5, 7, 19, 26, 63, 191, 27, 109, 155, 100, 133, 36, 40, 105, 71, 1, 94, 68, 17, 196, 65, 67, 85, 75, 76, 171, 149, 111, 102, 8, 172, 15, 57, 72, 181, 115, 33, 66, 166, 16, 185, 42, 187, 83, 55, 32, 101, 184, 49, 23, 108, 6, 88, 107, 165, 59, 127, 9, 34, 175, 113, 130, 147, 183, 152, 60, 78, 87, 190, 51, 114, 180, 124, 145, 77, 52, 174, 151, 110, 106, 158, 116, 167, 97, 79, 137, 112, 168, 169, 117, 62, 195, 154, 199, 129, 178, 92, 157, 143, 135, 148, 159, 86, 160, 126, 90, 89, 150, 198, 132, 179, 118, 54, 177, 153, 197, 194, 139, 74, 192, 176, 134, 161, 189, 188, 186]项目工期为：373.0；项目成本为：221896.0
染色体结构为:
[18, 53, 128, 140, 73, 125, 144, 61, 121, 123, 48, 69, 58, 164, 64, 20, 170, 4, 136, 162, 35, 3, 142, 31, 22, 47, 29, 120, 21, 84, 182, 103, 173, 25, 104, 98, 65, 82, 122, 10, 80, 30, 138, 41, 95, 56, 13, 146, 43, 45, 11, 91, 24, 37, 50, 38, 93, 28, 46, 163, 99, 14, 70, 2, 193, 119, 12, 200, 156, 39, 19, 7, 131, 26, 5, 96, 109, 191, 141, 63, 100, 27, 155, 133, 36, 40, 105, 94, 71, 68, 44, 1, 196, 67, 81, 17, 76, 171, 85, 75, 111, 102, 149, 8, 15, 172, 57, 181, 72, 115, 66, 33, 42, 166, 185, 187, 55, 16, 83, 32, 101, 184, 108, 23, 49, 88, 165, 107, 9, 127, 6, 59, 113, 34, 175, 130, 60, 183, 147, 152, 87, 190, 51, 180, 78, 114, 124, 145, 52, 77, 110, 151, 158, 79, 106, 174, 97, 167, 116, 117, 137, 168, 112, 169, 62, 195, 154, 199, 159, 157, 129, 178, 135, 143, 92, 148, 126, 86, 160, 90, 89, 179, 198, 54, 132, 153, 194, 177, 118, 150, 74, 197, 134, 176, 139, 188, 189, 186, 192, 161]项目工期为：342.0；项目成本为：233306.80000000013
染色体结构为:
[18, 28, 93, 45, 38, 35, 53, 46, 125, 82, 163, 14, 95, 138, 136, 13, 10, 30, 11, 146, 56, 29, 41, 91, 43, 50, 24, 37, 4, 69, 193, 99, 73, 128, 70, 144, 39, 61, 96, 76, 111, 20, 57, 15, 44, 34, 184, 58, 121, 170, 164, 48, 123, 64, 162, 22, 142, 21, 3, 31, 103, 120, 47, 98, 182, 25, 84, 173, 122, 80, 104, 7, 66, 68, 19, 36, 81, 65, 67, 196, 109, 85, 191, 140, 141, 27, 200, 40, 100, 94, 133, 155, 1, 105, 171, 71, 17, 2, 149, 75, 8, 26, 102, 172, 72, 42, 181, 119, 33, 156, 12, 131, 115, 63, 5, 166, 16, 187, 83, 32, 55, 185, 108, 101, 88, 107, 23, 49, 165, 113, 127, 6, 59, 9, 175, 60, 130, 51, 183, 87, 147, 180, 190, 78, 145, 124, 52, 114, 152, 77, 151, 106, 110, 174, 158, 167, 116, 97, 168, 79, 117, 137, 112, 154, 169, 62, 199, 195, 92, 143, 129, 178, 135, 86, 157, 160, 148, 159, 90, 126, 89, 132, 150, 198, 179, 177, 153, 197, 194, 54, 176, 118, 139, 74, 189, 134, 161, 188, 192, 186]项目工期为：548.0；项目成本为：176890.7
染色体结构为:
[18, 38, 28, 45, 163, 35, 93, 53, 46, 125, 138, 14, 82, 10, 136, 13, 11, 30, 95, 41, 56, 146, 29, 43, 91, 24, 69, 50, 37, 99, 128, 193, 123, 70, 144, 121, 4, 61, 73, 48, 58, 170, 64, 31, 20, 3, 164, 162, 142, 120, 22, 47, 182, 173, 84, 21, 98, 25, 103, 104, 80, 12, 200, 119, 2, 156, 39, 19, 131, 7, 122, 5, 26, 96, 109, 191, 140, 100, 63, 27, 141, 36, 155, 133, 40, 105, 94, 71, 68, 44, 196, 1, 65, 67, 81, 76, 17, 85, 171, 75, 102, 111, 15, 8, 181, 72, 149, 33, 172, 42, 57, 166, 115, 185, 66, 16, 187, 83, 32, 55, 101, 108, 184, 49, 23, 88, 9, 107, 34, 165, 113, 6, 127, 59, 175, 60, 51, 130, 87, 147, 183, 190, 180, 152, 124, 78, 114, 145, 151, 77, 52, 106, 174, 158, 79, 110, 167, 97, 116, 137, 62, 157, 168, 169, 112, 117, 154, 195, 159, 129, 199, 143, 135, 92, 178, 86, 160, 148, 90, 126, 89, 198, 132, 177, 150, 179, 197, 153, 194, 54, 118, 176, 74, 134, 139, 189, 188, 192, 186, 161]项目工期为：343.0；项目成本为：232948.50000000006
染色体结构为:
[18, 38, 28, 163, 45, 93, 35, 53, 46, 125, 14, 138, 82, 10, 136, 13, 30, 11, 95, 41, 146, 56, 29, 43, 91, 24, 69, 50, 99, 37, 128, 193, 123, 144, 121, 70, 4, 61, 48, 73, 58, 64, 31, 170, 3, 20, 164, 162, 142, 120, 47, 22, 182, 21, 173, 84, 25, 98, 104, 103, 80, 12, 119, 200, 156, 39, 2, 19, 131, 7, 5, 122, 26, 96, 191, 109, 140, 63, 100, 141, 27, 36, 155, 40, 133, 105, 94, 71, 68, 196, 44, 1, 65, 67, 81, 17, 85, 76, 171, 75, 102, 15, 111, 8, 181, 72, 33, 172, 149, 57, 42, 166, 115, 185, 66, 16, 83, 187, 55, 32, 108, 101, 184, 23, 49, 88, 9, 107, 34, 113, 165, 6, 175, 127, 59, 130, 51, 60, 87, 183, 147, 180, 152, 190, 124, 78, 145, 114, 151, 52, 77, 106, 174, 79, 158, 110, 97, 116, 167, 62, 137, 157, 168, 169, 117, 112, 154, 195, 129, 199, 143, 159, 92, 135, 178, 86, 160, 148, 126, 90, 89, 198, 177, 150, 132, 153, 179, 197, 194, 54, 118, 176, 74, 134, 189, 192, 139, 188, 186, 161]项目工期为：328.0；项目成本为：238772.09999999995
染色体结构为:
[38, 18, 28, 45, 163, 35, 93, 53, 46, 125, 138, 14, 10, 82, 136, 13, 11, 30, 95, 41, 146, 56, 29, 91, 43, 24, 69, 50, 99, 37, 128, 193, 123, 144, 70, 4, 121, 73, 48, 61, 58, 170, 31, 20, 64, 164, 3, 162, 142, 120, 47, 22, 173, 182, 84, 21, 103, 98, 25, 104, 12, 80, 200, 2, 156, 119, 19, 39, 131, 7, 122, 5, 26, 191, 96, 140, 109, 63, 100, 27, 141, 36, 133, 155, 40, 94, 105, 71, 44, 196, 68, 1, 67, 81, 65, 76, 85, 17, 171, 75, 102, 111, 8, 15, 181, 149, 72, 33, 57, 172, 166, 42, 115, 185, 66, 16, 83, 187, 55, 101, 32, 108, 184, 49, 23, 9, 88, 34, 165, 107, 113, 6, 127, 175, 59, 130, 60, 51, 87, 147, 183, 190, 180, 152, 78, 124, 114, 145, 151, 77, 52, 106, 174, 158, 110, 79, 167, 97, 116, 62, 157, 137, 168, 169, 112, 117, 154, 195, 129, 159, 143, 199, 135, 92, 178, 160, 74, 126, 198, 89, 148, 177, 192, 86, 150, 139, 132, 54, 153, 90, 179, 161, 186, 197, 194, 118, 176, 188, 134, 189]项目工期为：333.0；项目成本为：234828.79999999993
染色体结构为:
[28, 18, 93, 45, 53, 38, 35, 46, 125, 14, 82, 163, 138, 13, 136, 95, 30, 10, 11, 146, 41, 29, 56, 43, 50, 91, 24, 4, 37, 193, 99, 69, 128, 73, 70, 144, 96, 39, 61, 76, 111, 57, 20, 15, 44, 34, 58, 184, 121, 48, 170, 123, 164, 142, 64, 162, 21, 31, 22, 3, 103, 120, 47, 182, 25, 98, 173, 84, 104, 122, 80, 66, 7, 68, 19, 36, 81, 67, 109, 65, 196, 85, 191, 141, 140, 27, 40, 200, 94, 100, 133, 1, 155, 105, 171, 71, 17, 8, 2, 149, 26, 75, 172, 102, 42, 72, 119, 181, 33, 156, 131, 63, 12, 5, 166, 115, 16, 187, 83, 32, 185, 101, 55, 108, 23, 107, 88, 165, 49, 113, 127, 59, 6, 9, 175, 60, 51, 130, 183, 147, 87, 180, 190, 152, 78, 145, 114, 124, 52, 151, 77, 106, 110, 174, 158, 167, 168, 97, 116, 79, 137, 117, 112, 169, 62, 154, 129, 199, 195, 92, 143, 135, 86, 157, 178, 148, 160, 126, 159, 90, 89, 132, 150, 198, 177, 153, 179, 197, 194, 118, 54, 74, 176, 139, 161, 189, 134, 192, 186, 188]项目工期为：439.0；项目成本为：200572.69999999998
染色体结构为:
[28, 45, 18, 93, 38, 35, 125, 53, 82, 46, 163, 14, 95, 138, 136, 10, 13, 11, 30, 56, 146, 41, 43, 91, 29, 24, 50, 37, 4, 69, 193, 99, 70, 128, 61, 73, 39, 144, 111, 96, 76, 20, 15, 44, 57, 34, 184, 170, 58, 121, 48, 164, 64, 123, 162, 22, 31, 142, 3, 21, 103, 182, 120, 98, 47, 84, 25, 173, 104, 80, 66, 122, 7, 68, 36, 67, 65, 19, 81, 196, 109, 85, 27, 191, 141, 140, 200, 40, 100, 94, 155, 133, 105, 71, 171, 1, 2, 17, 75, 26, 8, 172, 149, 181, 102, 42, 72, 12, 33, 119, 156, 131, 115, 63, 5, 187, 166, 83, 16, 185, 32, 101, 55, 108, 23, 107, 88, 165, 49, 113, 127, 59, 9, 175, 6, 60, 130, 51, 183, 147, 87, 180, 152, 190, 78, 114, 124, 77, 145, 151, 52, 174, 106, 158, 110, 79, 116, 167, 97, 137, 62, 157, 168, 169, 112, 117, 154, 195, 159, 199, 143, 129, 92, 135, 178, 148, 86, 90, 126, 132, 160, 89, 179, 150, 198, 54, 153, 118, 197, 74, 177, 192, 139, 194, 161, 186, 176, 188, 189, 134]项目工期为：425.0；项目成本为：205713.69999999998
染色体结构为:
[18, 28, 93, 45, 38, 35, 53, 46, 125, 82, 163, 14, 138, 95, 13, 10, 136, 11, 30, 146, 56, 29, 43, 91, 41, 50, 24, 4, 37, 99, 193, 69, 73, 128, 70, 144, 39, 61, 96, 76, 111, 20, 44, 15, 57, 34, 184, 58, 170, 121, 164, 48, 123, 64, 162, 142, 21, 22, 3, 31, 103, 120, 47, 98, 182, 25, 173, 104, 84, 122, 80, 7, 68, 66, 19, 65, 36, 81, 196, 109, 67, 85, 140, 191, 141, 27, 200, 40, 100, 94, 133, 155, 1, 105, 171, 71, 2, 17, 149, 75, 8, 172, 26, 102, 42, 72, 119, 181, 33, 12, 156, 131, 115, 63, 166, 185, 5, 187, 83, 88, 32, 16, 55, 49, 108, 101, 107, 165, 9, 23, 127, 59, 175, 113, 6, 60, 51, 130, 183, 147, 87, 190, 180, 78, 152, 124, 52, 114, 77, 145, 151, 106, 110, 158, 174, 116, 167, 97, 168, 79, 117, 137, 112, 154, 169, 199, 129, 62, 195, 92, 178, 135, 143, 160, 86, 157, 159, 148, 126, 90, 132, 89, 150, 198, 179, 153, 177, 197, 194, 54, 176, 118, 139, 189, 74, 134, 161, 188, 192, 186]项目工期为：542.0；项目成本为：179644.3
染色体结构为:
[10, 136, 82, 30, 95, 138, 41, 56, 13, 11, 45, 91, 146, 43, 29, 50, 24, 18, 193, 99, 37, 4, 53, 28, 69, 35, 70, 200, 123, 162, 2, 12, 119, 39, 131, 7, 156, 19, 122, 20, 31, 5, 125, 96, 26, 128, 63, 144, 38, 73, 48, 61, 170, 64, 121, 58, 164, 3, 47, 142, 21, 22, 120, 182, 84, 173, 98, 109, 103, 191, 141, 14, 140, 163, 100, 155, 27, 133, 40, 105, 71, 36, 68, 94, 1, 44, 67, 196, 81, 65, 85, 76, 17, 111, 171, 75, 149, 8, 102, 15, 181, 172, 57, 115, 72, 33, 42, 66, 80, 166, 185, 16, 187, 55, 25, 104, 190, 124, 52, 77, 46, 93, 101, 151, 59, 145, 83, 106, 130, 34, 158, 184, 88, 165, 49, 89, 178, 174, 23, 147, 32, 60, 79, 62, 86, 114, 110, 159, 180, 126, 113, 132, 78, 51, 116, 87, 167, 107, 175, 97, 183, 117, 112, 168, 137, 199, 169, 9, 127, 108, 153, 154, 90, 6, 92, 198, 129, 74, 148, 160, 135, 192, 197, 188, 150, 54, 176, 152, 189, 177, 143, 139, 179, 118, 194, 134, 157, 161, 186, 195]项目工期为：288.0；项目成本为：263812.50000000006
染色体结构为:
[30, 10, 82, 136, 138, 41, 95, 45, 13, 146, 56, 43, 18, 11, 29, 91, 50, 24, 28, 4, 193, 99, 37, 69, 53, 35, 70, 2, 200, 162, 12, 123, 119, 131, 39, 156, 122, 19, 7, 31, 26, 20, 5, 96, 63, 125, 38, 58, 141, 1, 100, 14, 163, 140, 81, 94, 44, 76, 93, 111, 128, 57, 184, 15, 88, 170, 34, 47, 61, 48, 84, 173, 83, 144, 85, 65, 49, 115, 33, 36, 46, 165, 178, 71, 174, 89, 105, 66, 3, 40, 147, 130, 120, 23, 16, 8, 62, 32, 102, 60, 103, 109, 79, 86, 42, 155, 114, 17, 180, 110, 159, 113, 196, 124, 126, 55, 132, 104, 78, 68, 164, 116, 171, 21, 27, 67, 149, 191, 22, 121, 75, 87, 190, 142, 133, 185, 182, 145, 73, 107, 51, 80, 175, 64, 98, 25, 52, 172, 166, 77, 151, 101, 158, 106, 167, 59, 183, 137, 97, 181, 72, 168, 187, 169, 117, 112, 199, 9, 154, 127, 153, 108, 90, 6, 198, 129, 92, 148, 160, 74, 135, 197, 150, 192, 54, 188, 176, 152, 189, 177, 143, 139, 179, 118, 134, 194, 186, 157, 161, 195]项目工期为：294.0；项目成本为：257525.1
染色体结构为:
[18, 28, 38, 93, 45, 136, 10, 82, 30, 95, 138, 41, 13, 56, 146, 11, 50, 29, 91, 43, 99, 24, 4, 37, 69, 193, 53, 70, 200, 35, 2, 162, 123, 12, 119, 39, 156, 131, 7, 19, 5, 20, 31, 96, 26, 122, 141, 63, 125, 1, 163, 46, 14, 73, 164, 165, 140, 170, 128, 144, 61, 48, 121, 58, 64, 22, 47, 120, 3, 142, 98, 84, 182, 21, 100, 173, 103, 81, 94, 44, 76, 57, 111, 184, 15, 88, 34, 65, 85, 83, 49, 36, 178, 115, 33, 174, 89, 71, 105, 66, 40, 130, 147, 23, 62, 16, 32, 8, 109, 60, 102, 42, 79, 155, 86, 114, 17, 110, 180, 113, 196, 159, 132, 124, 55, 126, 78, 171, 68, 104, 116, 67, 191, 149, 27, 75, 87, 190, 185, 51, 133, 175, 107, 166, 145, 80, 25, 172, 151, 77, 52, 106, 158, 101, 59, 183, 167, 181, 97, 187, 137, 112, 168, 117, 9, 154, 169, 72, 153, 199, 127, 6, 108, 92, 198, 195, 129, 148, 135, 194, 157, 160, 143, 54, 179, 90, 152, 177, 150, 74, 118, 139, 197, 188, 134, 176, 189, 161, 186, 192]项目工期为：309.0；项目成本为：248273.09999999986
染色体结构为:
[28, 18, 53, 140, 128, 144, 125, 61, 73, 121, 48, 123, 164, 69, 58, 20, 64, 4, 170, 162, 35, 136, 142, 3, 22, 31, 47, 29, 120, 84, 21, 103, 173, 25, 98, 182, 104, 65, 122, 82, 138, 80, 95, 10, 30, 13, 56, 41, 146, 45, 43, 91, 24, 11, 50, 38, 37, 93, 163, 46, 14, 99, 193, 70, 2, 200, 119, 39, 156, 12, 19, 131, 5, 7, 26, 96, 191, 109, 63, 141, 155, 100, 133, 27, 36, 40, 105, 71, 68, 94, 196, 67, 44, 1, 17, 81, 76, 85, 75, 171, 102, 111, 149, 8, 172, 15, 57, 72, 181, 115, 33, 66, 42, 185, 166, 187, 16, 83, 55, 184, 101, 108, 32, 23, 49, 88, 107, 165, 9, 6, 34, 59, 113, 130, 127, 175, 183, 147, 60, 152, 190, 51, 180, 87, 145, 78, 114, 77, 124, 79, 110, 52, 151, 106, 174, 167, 97, 158, 116, 117, 168, 112, 137, 169, 62, 195, 129, 154, 143, 157, 178, 199, 135, 159, 90, 92, 148, 86, 160, 132, 126, 89, 54, 179, 153, 198, 118, 150, 177, 74, 197, 192, 139, 161, 194, 188, 134, 186, 176, 189]项目工期为：330.0；项目成本为：237931.00000000015
染色体结构为:
[18, 93, 38, 28, 45, 163, 35, 53, 125, 46, 138, 10, 14, 136, 82, 11, 30, 13, 95, 41, 56, 146, 29, 43, 91, 24, 69, 50, 99, 37, 128, 193, 123, 144, 70, 4, 121, 61, 73, 48, 58, 170, 31, 20, 3, 64, 164, 162, 142, 120, 47, 22, 182, 21, 84, 173, 103, 25, 98, 104, 80, 12, 200, 119, 2, 156, 19, 39, 7, 131, 26, 5, 122, 191, 96, 140, 109, 63, 100, 27, 141, 155, 36, 133, 40, 105, 94, 44, 71, 68, 196, 1, 67, 81, 76, 65, 17, 85, 171, 75, 111, 102, 15, 8, 181, 72, 149, 33, 172, 57, 42, 166, 115, 185, 66, 16, 83, 55, 187, 101, 32, 184, 108, 49, 23, 88, 9, 34, 107, 113, 127, 165, 6, 175, 59, 130, 60, 51, 183, 147, 87, 180, 152, 190, 78, 114, 124, 77, 145, 151, 52, 106, 174, 110, 158, 79, 116, 167, 137, 97, 168, 62, 157, 117, 169, 112, 154, 129, 195, 199, 159, 135, 143, 92, 178, 148, 126, 160, 198, 90, 86, 89, 179, 132, 150, 153, 54, 194, 177, 118, 176, 134, 197, 74, 139, 188, 161, 192, 189, 186]项目工期为：348.0；项目成本为：229762.10000000006
染色体结构为:
[18, 38, 45, 28, 163, 35, 93, 53, 10, 125, 14, 46, 82, 136, 95, 138, 30, 11, 13, 146, 56, 41, 91, 29, 24, 43, 50, 37, 69, 99, 128, 70, 193, 123, 4, 48, 144, 73, 61, 121, 58, 170, 64, 20, 162, 164, 31, 3, 47, 142, 22, 120, 84, 182, 173, 21, 103, 98, 104, 25, 80, 200, 119, 12, 39, 2, 156, 7, 19, 131, 122, 5, 26, 96, 191, 63, 109, 140, 100, 141, 133, 27, 155, 40, 36, 105, 68, 71, 44, 94, 196, 67, 65, 1, 81, 85, 171, 76, 75, 17, 102, 111, 15, 72, 8, 149, 181, 57, 172, 115, 33, 66, 42, 16, 166, 83, 185, 55, 32, 108, 187, 101, 23, 184, 88, 49, 9, 107, 6, 34, 165, 59, 113, 175, 127, 51, 60, 183, 130, 87, 147, 190, 114, 78, 180, 124, 152, 52, 174, 77, 106, 145, 158, 116, 79, 151, 110, 97, 167, 62, 137, 117, 168, 112, 154, 169, 195, 157, 178, 129, 159, 148, 199, 92, 143, 86, 135, 160, 89, 198, 126, 153, 90, 179, 132, 54, 194, 150, 177, 118, 197, 74, 134, 139, 188, 176, 189, 161, 186, 192]项目工期为：296.0；项目成本为：255054.60000000015
染色体结构为:
[18, 93, 28, 45, 38, 53, 35, 46, 125, 82, 14, 163, 138, 13, 136, 95, 10, 30, 11, 146, 56, 41, 43, 29, 91, 50, 37, 24, 99, 4, 69, 128, 193, 73, 70, 144, 39, 61, 76, 96, 111, 57, 20, 15, 44, 34, 184, 170, 58, 121, 48, 123, 164, 64, 142, 162, 22, 3, 21, 31, 103, 47, 120, 98, 182, 25, 173, 84, 122, 80, 104, 7, 66, 68, 19, 65, 81, 36, 67, 109, 196, 191, 85, 141, 140, 27, 200, 40, 100, 94, 133, 105, 1, 155, 171, 71, 17, 2, 8, 149, 75, 102, 26, 172, 72, 42, 181, 119, 33, 156, 12, 131, 115, 63, 5, 16, 166, 83, 187, 32, 185, 55, 101, 23, 108, 49, 88, 107, 165, 113, 127, 6, 59, 9, 175, 60, 130, 51, 147, 183, 87, 190, 152, 180, 78, 124, 145, 114, 151, 77, 52, 106, 110, 174, 167, 158, 116, 97, 168, 79, 137, 112, 117, 62, 154, 169, 129, 199, 195, 92, 143, 178, 135, 86, 160, 157, 159, 148, 126, 90, 89, 150, 132, 198, 179, 177, 153, 197, 54, 194, 118, 176, 74, 139, 189, 134, 161, 188, 192, 186]项目工期为：472.0；项目成本为：192662.99999999994
染色体结构为:
[18, 28, 45, 38, 35, 53, 93, 125, 138, 46, 163, 82, 14, 95, 10, 136, 13, 30, 11, 56, 146, 41, 43, 91, 29, 50, 24, 37, 4, 69, 193, 99, 128, 70, 73, 61, 39, 144, 96, 111, 76, 20, 57, 15, 44, 184, 34, 170, 58, 121, 48, 164, 64, 123, 162, 22, 31, 142, 3, 21, 103, 120, 182, 98, 84, 47, 173, 25, 104, 80, 66, 7, 122, 68, 36, 67, 19, 65, 81, 196, 85, 109, 191, 27, 141, 140, 200, 40, 100, 94, 155, 133, 105, 71, 1, 171, 17, 2, 75, 26, 8, 149, 172, 102, 181, 42, 72, 12, 33, 156, 119, 131, 63, 115, 187, 5, 166, 83, 16, 32, 185, 108, 55, 101, 107, 88, 23, 165, 49, 127, 113, 59, 9, 175, 6, 60, 130, 51, 183, 147, 87, 190, 180, 152, 78, 114, 124, 145, 77, 52, 151, 174, 106, 158, 110, 79, 116, 167, 97, 137, 62, 157, 168, 169, 112, 117, 154, 195, 159, 199, 129, 143, 92, 135, 178, 148, 86, 90, 126, 160, 132, 89, 179, 198, 150, 54, 153, 118, 197, 74, 177, 192, 139, 161, 194, 188, 186, 176, 189, 134]项目工期为：428.0；项目成本为：205350.19999999998
染色体结构为:
[10, 136, 82, 95, 138, 41, 13, 30, 146, 56, 11, 91, 28, 18, 93, 45, 35, 38, 46, 125, 53, 163, 14, 50, 29, 43, 24, 37, 69, 193, 99, 4, 128, 70, 61, 73, 96, 144, 39, 76, 20, 15, 111, 57, 44, 34, 184, 170, 121, 48, 58, 164, 162, 64, 123, 22, 31, 142, 3, 21, 120, 103, 98, 182, 47, 84, 173, 104, 25, 80, 122, 7, 66, 68, 36, 67, 19, 65, 81, 196, 109, 85, 27, 191, 141, 140, 200, 40, 100, 155, 94, 105, 133, 1, 71, 17, 171, 2, 75, 26, 149, 8, 172, 181, 102, 72, 33, 42, 12, 156, 131, 119, 63, 115, 5, 16, 166, 187, 83, 185, 32, 55, 108, 101, 23, 88, 49, 107, 165, 113, 6, 127, 59, 9, 175, 60, 130, 51, 183, 87, 180, 190, 147, 152, 145, 78, 124, 114, 52, 77, 106, 110, 151, 174, 158, 167, 168, 116, 97, 79, 137, 117, 154, 169, 112, 62, 199, 195, 129, 92, 178, 143, 135, 86, 160, 157, 148, 126, 159, 90, 89, 132, 150, 177, 198, 179, 153, 197, 194, 54, 118, 176, 189, 74, 139, 134, 192, 161, 188, 186]项目工期为：450.0；项目成本为：198420.50000000006
染色体结构为:
[18, 45, 28, 38, 35, 93, 53, 125, 46, 138, 10, 163, 82, 14, 136, 95, 13, 11, 30, 146, 56, 41, 91, 29, 43, 24, 50, 69, 37, 128, 123, 99, 70, 193, 4, 144, 121, 61, 73, 48, 58, 20, 170, 31, 64, 164, 3, 162, 142, 47, 120, 22, 182, 84, 173, 21, 25, 103, 98, 104, 200, 80, 2, 12, 156, 119, 19, 39, 7, 131, 5, 122, 191, 26, 96, 109, 63, 140, 27, 100, 141, 36, 155, 40, 133, 105, 94, 71, 68, 44, 196, 1, 65, 67, 76, 81, 17, 85, 171, 75, 102, 15, 111, 8, 181, 149, 72, 172, 33, 57, 42, 166, 185, 115, 66, 16, 83, 55, 187, 32, 101, 108, 184, 49, 23, 88, 9, 34, 107, 113, 165, 127, 6, 175, 59, 130, 60, 183, 51, 147, 87, 180, 152, 190, 114, 78, 124, 77, 145, 151, 52, 106, 110, 174, 158, 79, 116, 137, 167, 97, 168, 62, 157, 117, 169, 154, 112, 129, 195, 199, 159, 135, 143, 178, 92, 148, 126, 160, 198, 90, 86, 89, 179, 132, 54, 150, 153, 194, 177, 118, 176, 197, 134, 74, 188, 139, 192, 189, 161, 186]项目工期为：375.0；项目成本为：219854.80000000002
染色体结构为:
[18, 38, 28, 45, 163, 35, 53, 93, 46, 125, 138, 14, 82, 10, 136, 13, 11, 30, 95, 41, 56, 29, 146, 43, 91, 24, 69, 50, 99, 37, 128, 193, 123, 144, 70, 4, 121, 61, 73, 48, 58, 170, 31, 64, 20, 3, 164, 162, 142, 120, 47, 22, 173, 182, 84, 21, 98, 25, 103, 104, 12, 80, 200, 119, 2, 156, 39, 19, 131, 7, 122, 5, 26, 96, 191, 109, 140, 100, 63, 141, 27, 155, 36, 40, 133, 105, 94, 71, 68, 44, 196, 1, 65, 67, 81, 76, 17, 85, 171, 75, 102, 111, 15, 8, 181, 149, 72, 33, 172, 57, 42, 166, 185, 115, 66, 16, 83, 187, 55, 32, 101, 108, 49, 184, 23, 88, 9, 107, 34, 165, 113, 6, 127, 175, 59, 130, 51, 60, 87, 147, 183, 190, 180, 124, 152, 78, 114, 145, 151, 52, 77, 106, 174, 158, 79, 110, 167, 97, 116, 62, 137, 157, 168, 169, 117, 112, 154, 195, 159, 129, 199, 135, 143, 92, 178, 86, 160, 148, 90, 126, 89, 198, 132, 150, 177, 179, 153, 197, 194, 54, 118, 176, 74, 134, 139, 189, 192, 188, 186, 161]项目工期为：353.0；项目成本为：228359.8000000001
染色体结构为:
[18, 93, 28, 45, 35, 38, 53, 46, 125, 163, 14, 82, 95, 13, 138, 136, 10, 30, 11, 56, 146, 29, 41, 91, 43, 24, 4, 37, 50, 69, 99, 73, 193, 128, 70, 144, 39, 61, 96, 76, 111, 20, 15, 57, 44, 184, 34, 170, 58, 121, 48, 164, 123, 162, 64, 142, 21, 22, 31, 103, 3, 47, 120, 182, 98, 173, 25, 122, 84, 104, 7, 66, 80, 68, 36, 65, 19, 81, 196, 67, 109, 85, 191, 140, 141, 27, 200, 40, 94, 100, 133, 155, 1, 105, 171, 71, 17, 2, 149, 75, 8, 26, 172, 102, 72, 42, 181, 119, 156, 33, 12, 131, 115, 63, 5, 16, 187, 166, 83, 32, 185, 101, 55, 108, 88, 23, 107, 49, 113, 165, 127, 6, 59, 9, 175, 130, 60, 51, 183, 87, 147, 180, 152, 190, 78, 145, 52, 124, 114, 77, 106, 110, 151, 174, 158, 167, 116, 168, 97, 79, 137, 117, 112, 154, 169, 62, 199, 195, 129, 92, 143, 178, 135, 86, 160, 157, 148, 126, 159, 90, 89, 132, 150, 179, 198, 177, 153, 197, 194, 54, 118, 74, 176, 139, 189, 161, 134, 192, 188, 186]项目工期为：486.0；项目成本为：187444.29999999993
染色体结构为:
[53, 140, 125, 128, 61, 73, 123, 144, 48, 121, 69, 164, 58, 20, 45, 18, 28, 38, 35, 93, 46, 138, 10, 163, 64, 4, 170, 142, 162, 136, 3, 31, 47, 22, 29, 120, 21, 173, 84, 103, 25, 98, 182, 65, 104, 122, 82, 80, 95, 30, 13, 56, 43, 41, 146, 91, 11, 24, 50, 37, 14, 193, 99, 70, 2, 119, 200, 39, 156, 12, 131, 19, 5, 7, 26, 96, 191, 141, 109, 63, 100, 155, 133, 27, 36, 40, 105, 71, 68, 196, 94, 44, 1, 17, 67, 81, 85, 76, 75, 102, 171, 149, 111, 8, 172, 57, 15, 72, 181, 115, 66, 33, 185, 42, 16, 166, 187, 83, 184, 55, 101, 32, 108, 49, 88, 23, 165, 9, 107, 34, 6, 59, 113, 175, 130, 127, 183, 147, 60, 152, 51, 190, 180, 87, 145, 114, 78, 124, 77, 110, 79, 52, 106, 151, 174, 167, 158, 97, 116, 117, 168, 112, 137, 169, 62, 129, 195, 199, 154, 143, 157, 178, 159, 135, 90, 92, 148, 86, 160, 132, 126, 179, 89, 153, 54, 198, 150, 118, 177, 74, 197, 192, 139, 161, 194, 188, 186, 176, 134, 189]项目工期为：319.0；项目成本为：239964.1
染色体结构为:
[45, 18, 28, 93, 38, 35, 53, 82, 46, 125, 163, 14, 95, 138, 136, 10, 13, 30, 56, 11, 146, 41, 43, 91, 29, 50, 24, 37, 4, 69, 193, 99, 128, 70, 73, 61, 39, 144, 96, 111, 76, 20, 57, 15, 44, 184, 34, 170, 58, 121, 48, 164, 64, 123, 22, 162, 31, 142, 3, 21, 103, 120, 182, 98, 47, 84, 173, 25, 104, 80, 66, 122, 7, 68, 36, 67, 19, 65, 81, 196, 85, 109, 27, 191, 141, 140, 200, 40, 100, 94, 155, 133, 1, 105, 71, 171, 17, 2, 75, 8, 26, 149, 172, 102, 181, 42, 72, 12, 33, 156, 119, 131, 115, 63, 5, 187, 166, 83, 16, 185, 32, 55, 108, 101, 23, 88, 107, 165, 49, 113, 127, 59, 6, 9, 175, 60, 130, 51, 183, 147, 87, 190, 152, 180, 78, 114, 77, 124, 145, 151, 52, 174, 106, 158, 110, 79, 116, 167, 97, 137, 62, 168, 157, 169, 112, 117, 154, 195, 159, 199, 129, 143, 92, 135, 178, 148, 86, 90, 126, 160, 132, 89, 179, 198, 54, 150, 153, 118, 197, 177, 74, 192, 139, 161, 194, 186, 188, 176, 189, 134]项目工期为：429.0；项目成本为：204944.09999999998
染色体结构为:
[28, 18, 93, 45, 38, 35, 53, 46, 125, 82, 14, 163, 95, 138, 13, 10, 136, 11, 30, 146, 56, 29, 41, 91, 43, 50, 24, 37, 4, 69, 193, 99, 73, 128, 70, 144, 39, 61, 96, 111, 76, 20, 57, 15, 44, 34, 58, 184, 121, 48, 170, 164, 123, 162, 64, 22, 142, 3, 21, 103, 31, 120, 98, 47, 182, 173, 25, 84, 104, 122, 80, 7, 66, 68, 19, 36, 65, 81, 67, 196, 109, 85, 191, 140, 27, 141, 200, 40, 94, 100, 133, 155, 105, 171, 1, 71, 2, 17, 149, 75, 26, 8, 172, 102, 72, 181, 119, 42, 33, 156, 12, 131, 115, 63, 5, 16, 166, 187, 83, 185, 32, 55, 101, 108, 23, 88, 107, 49, 165, 113, 127, 59, 6, 9, 175, 60, 51, 130, 87, 183, 147, 190, 180, 78, 152, 145, 52, 124, 77, 114, 151, 106, 110, 174, 158, 116, 167, 97, 168, 79, 117, 137, 112, 154, 169, 129, 62, 199, 195, 92, 143, 178, 86, 135, 157, 160, 159, 148, 90, 126, 89, 132, 150, 177, 179, 198, 153, 194, 197, 54, 118, 176, 139, 74, 189, 134, 161, 188, 192, 186]项目工期为：523.0；项目成本为：182255.7
染色体结构为:
[18, 38, 28, 163, 45, 93, 35, 53, 46, 125, 14, 138, 82, 10, 13, 11, 30, 136, 41, 95, 146, 56, 29, 43, 24, 91, 50, 4, 37, 69, 193, 99, 128, 70, 73, 61, 144, 39, 96, 76, 20, 111, 15, 57, 44, 170, 184, 121, 34, 48, 58, 164, 162, 64, 123, 22, 31, 142, 21, 3, 120, 103, 182, 98, 84, 47, 173, 104, 80, 25, 122, 66, 7, 68, 36, 67, 19, 65, 81, 109, 196, 85, 27, 141, 191, 140, 200, 40, 100, 94, 155, 133, 105, 1, 71, 17, 171, 2, 75, 26, 149, 8, 172, 181, 102, 72, 42, 12, 33, 119, 156, 131, 115, 63, 5, 166, 187, 83, 16, 185, 32, 101, 55, 23, 108, 88, 107, 49, 165, 113, 127, 59, 9, 6, 175, 60, 51, 130, 183, 87, 180, 147, 190, 78, 152, 114, 77, 124, 145, 151, 52, 174, 106, 110, 158, 116, 167, 79, 137, 62, 168, 97, 169, 157, 112, 117, 154, 195, 159, 199, 129, 143, 92, 178, 148, 135, 86, 90, 160, 132, 126, 89, 179, 198, 54, 153, 118, 150, 197, 192, 74, 177, 139, 161, 194, 188, 186, 176, 134, 189]项目工期为：374.0；项目成本为：221549.0999999999
染色体结构为:
[18, 28, 93, 45, 38, 35, 53, 46, 125, 82, 163, 138, 14, 95, 136, 13, 10, 30, 11, 146, 29, 56, 43, 41, 24, 91, 50, 4, 37, 69, 99, 73, 193, 128, 70, 144, 39, 61, 96, 111, 76, 20, 57, 44, 15, 58, 34, 184, 48, 170, 164, 121, 123, 64, 162, 142, 21, 22, 3, 31, 140, 47, 103, 120, 182, 84, 80, 173, 25, 98, 81, 104, 200, 141, 119, 2, 156, 12, 131, 122, 19, 7, 63, 5, 26, 191, 27, 109, 100, 155, 36, 133, 71, 105, 40, 66, 68, 67, 65, 196, 94, 85, 1, 8, 17, 171, 149, 75, 102, 172, 42, 72, 181, 115, 33, 166, 16, 187, 83, 185, 32, 101, 55, 88, 108, 23, 165, 49, 107, 113, 127, 59, 6, 9, 175, 130, 60, 51, 183, 87, 147, 180, 190, 152, 124, 78, 145, 52, 114, 77, 151, 106, 110, 174, 97, 167, 158, 116, 168, 79, 137, 117, 154, 112, 62, 169, 129, 199, 195, 143, 92, 178, 135, 157, 86, 160, 159, 148, 126, 89, 90, 150, 132, 198, 153, 179, 197, 194, 177, 54, 118, 176, 74, 139, 189, 134, 161, 188, 192, 186]项目工期为：460.0；项目成本为：196462.50000000012
染色体结构为:
[18, 45, 28, 38, 93, 125, 53, 163, 35, 10, 46, 14, 82, 13, 138, 136, 95, 30, 56, 41, 11, 146, 43, 91, 50, 29, 24, 99, 193, 37, 200, 4, 69, 70, 2, 162, 12, 123, 39, 131, 119, 156, 7, 96, 19, 20, 31, 122, 26, 5, 63, 73, 141, 1, 170, 140, 164, 165, 128, 61, 48, 64, 121, 144, 57, 58, 3, 44, 111, 76, 15, 184, 34, 100, 94, 145, 124, 81, 16, 105, 21, 102, 173, 55, 71, 155, 149, 33, 167, 191, 133, 74, 65, 88, 98, 25, 77, 68, 159, 80, 103, 47, 112, 151, 107, 158, 126, 198, 36, 147, 142, 92, 8, 75, 22, 120, 84, 182, 190, 104, 66, 115, 17, 196, 52, 166, 109, 185, 27, 40, 172, 67, 171, 85, 72, 181, 32, 42, 187, 83, 108, 23, 6, 101, 127, 49, 9, 175, 59, 113, 152, 130, 60, 183, 51, 87, 180, 78, 114, 174, 110, 106, 79, 116, 137, 97, 154, 168, 117, 169, 178, 199, 62, 129, 195, 157, 86, 143, 135, 153, 148, 132, 90, 150, 192, 176, 89, 177, 160, 139, 188, 161, 118, 134, 194, 197, 189, 186, 179, 54]项目工期为：295.0；项目成本为：257012.69999999998
染色体结构为:
[10, 136, 82, 95, 138, 41, 30, 13, 146, 11, 56, 91, 18, 28, 93, 45, 35, 38, 46, 125, 53, 163, 14, 50, 29, 43, 24, 37, 69, 193, 99, 4, 70, 128, 61, 73, 96, 144, 39, 76, 20, 15, 111, 57, 44, 34, 184, 170, 121, 48, 58, 164, 162, 64, 123, 22, 31, 142, 3, 21, 120, 103, 98, 182, 47, 84, 173, 104, 25, 80, 122, 7, 66, 68, 36, 67, 19, 65, 81, 196, 109, 85, 27, 141, 191, 140, 200, 40, 100, 155, 94, 105, 133, 1, 71, 17, 171, 2, 75, 26, 149, 8, 172, 181, 102, 33, 72, 42, 12, 156, 131, 119, 63, 115, 16, 5, 166, 187, 83, 185, 32, 55, 108, 101, 23, 88, 49, 107, 165, 113, 6, 127, 59, 9, 175, 60, 130, 51, 183, 87, 180, 190, 147, 152, 145, 124, 78, 114, 52, 77, 106, 110, 151, 174, 167, 158, 168, 116, 79, 137, 97, 117, 154, 169, 62, 112, 199, 195, 129, 92, 178, 143, 135, 86, 160, 157, 126, 148, 159, 90, 89, 132, 150, 177, 198, 179, 153, 197, 194, 54, 118, 176, 189, 74, 139, 134, 192, 161, 186, 188]项目工期为：431.0；项目成本为：203685.80000000005
染色体结构为:
[10, 136, 95, 30, 138, 41, 82, 56, 13, 11, 146, 45, 91, 18, 50, 29, 43, 24, 99, 37, 4, 69, 28, 193, 35, 200, 53, 70, 2, 162, 123, 119, 39, 131, 12, 156, 19, 7, 31, 20, 122, 96, 5, 125, 26, 63, 38, 141, 46, 1, 14, 163, 164, 73, 165, 170, 140, 128, 144, 61, 121, 22, 48, 58, 64, 47, 3, 84, 142, 120, 182, 21, 173, 98, 103, 44, 100, 81, 94, 93, 111, 76, 57, 15, 34, 184, 65, 88, 83, 85, 49, 115, 36, 33, 71, 178, 174, 89, 105, 40, 66, 130, 147, 16, 32, 8, 23, 62, 102, 60, 109, 79, 42, 155, 86, 17, 180, 114, 196, 110, 159, 132, 126, 124, 78, 113, 55, 104, 116, 68, 171, 67, 27, 149, 75, 191, 190, 185, 51, 87, 133, 175, 25, 145, 107, 80, 166, 172, 77, 52, 151, 101, 106, 158, 167, 183, 59, 97, 187, 137, 181, 112, 168, 72, 117, 154, 9, 169, 199, 153, 6, 198, 127, 194, 108, 92, 195, 129, 157, 148, 135, 143, 160, 54, 152, 177, 90, 179, 150, 118, 139, 197, 74, 192, 176, 134, 161, 189, 188, 186]项目工期为：281.0；项目成本为：266355.1999999999
染色体结构为:
[18, 28, 38, 163, 45, 35, 93, 53, 46, 125, 138, 82, 14, 10, 136, 11, 30, 95, 13, 41, 56, 29, 146, 43, 91, 24, 69, 99, 50, 193, 37, 123, 128, 70, 144, 4, 73, 96, 39, 61, 76, 111, 20, 57, 15, 44, 34, 58, 184, 121, 48, 170, 164, 64, 142, 162, 21, 31, 22, 3, 120, 103, 47, 25, 182, 98, 173, 84, 104, 122, 80, 66, 7, 68, 19, 36, 81, 67, 109, 65, 196, 85, 141, 191, 140, 27, 40, 200, 94, 100, 133, 1, 155, 105, 171, 71, 17, 8, 2, 149, 26, 172, 75, 102, 42, 72, 119, 181, 33, 156, 131, 12, 63, 5, 166, 115, 16, 187, 83, 32, 185, 101, 55, 108, 23, 107, 88, 165, 49, 113, 127, 59, 6, 9, 175, 60, 51, 183, 130, 147, 87, 180, 190, 152, 145, 78, 114, 124, 52, 151, 77, 106, 110, 174, 158, 167, 168, 97, 79, 116, 137, 117, 169, 112, 62, 154, 129, 199, 195, 143, 92, 135, 86, 157, 178, 148, 160, 126, 159, 90, 89, 132, 150, 198, 177, 153, 179, 197, 194, 118, 54, 74, 176, 139, 161, 189, 134, 192, 186, 188]项目工期为：404.0；项目成本为：211145.10000000003
染色体结构为:
[136, 10, 82, 95, 138, 41, 13, 30, 146, 56, 11, 91, 28, 18, 93, 45, 35, 38, 46, 125, 53, 163, 14, 29, 43, 50, 24, 37, 69, 193, 99, 4, 128, 70, 61, 73, 144, 96, 39, 20, 76, 111, 15, 57, 44, 34, 184, 170, 121, 48, 58, 164, 162, 64, 123, 22, 31, 142, 3, 21, 103, 120, 98, 182, 47, 84, 173, 25, 104, 80, 122, 66, 7, 68, 36, 67, 19, 65, 81, 196, 109, 85, 27, 191, 141, 140, 200, 40, 100, 155, 94, 105, 133, 1, 71, 17, 171, 2, 75, 26, 149, 8, 172, 181, 102, 72, 33, 42, 12, 156, 131, 119, 63, 115, 5, 16, 166, 187, 83, 185, 32, 55, 101, 108, 23, 49, 88, 107, 165, 113, 6, 127, 59, 9, 175, 60, 130, 51, 183, 87, 180, 190, 152, 147, 145, 78, 124, 114, 52, 77, 110, 106, 151, 174, 158, 167, 168, 116, 97, 79, 137, 117, 169, 154, 62, 112, 199, 195, 129, 92, 178, 143, 135, 86, 160, 157, 148, 126, 159, 89, 90, 132, 150, 177, 198, 179, 197, 153, 194, 54, 118, 176, 189, 74, 139, 134, 192, 188, 161, 186]项目工期为：414.0；项目成本为：207158.99999999997
染色体结构为:
[28, 18, 93, 38, 45, 53, 82, 35, 46, 125, 14, 163, 95, 13, 136, 10, 138, 30, 11, 146, 56, 29, 43, 91, 41, 24, 50, 4, 37, 99, 69, 193, 73, 128, 70, 144, 39, 61, 76, 20, 96, 111, 15, 44, 184, 57, 58, 170, 34, 48, 121, 123, 162, 164, 142, 64, 21, 22, 3, 47, 103, 31, 120, 25, 98, 182, 173, 122, 104, 84, 7, 80, 36, 66, 65, 19, 68, 67, 81, 196, 191, 109, 85, 140, 27, 200, 40, 141, 100, 94, 133, 155, 1, 171, 105, 71, 17, 2, 149, 8, 75, 26, 102, 172, 72, 42, 181, 119, 156, 33, 12, 131, 115, 5, 63, 166, 16, 187, 83, 32, 185, 101, 55, 108, 23, 88, 49, 107, 113, 165, 127, 6, 9, 59, 175, 60, 130, 183, 147, 51, 87, 180, 152, 190, 78, 145, 114, 124, 52, 77, 151, 106, 174, 110, 158, 167, 116, 79, 97, 168, 169, 117, 137, 154, 62, 195, 112, 92, 199, 157, 129, 159, 148, 178, 86, 143, 160, 135, 126, 198, 90, 132, 89, 150, 179, 153, 54, 177, 118, 197, 139, 176, 74, 134, 194, 189, 188, 186, 192, 161]项目工期为：547.0；项目成本为：178560.50000000006
染色体结构为:
[18, 28, 93, 45, 38, 35, 53, 46, 125, 163, 82, 14, 95, 138, 13, 136, 10, 30, 11, 146, 56, 29, 41, 91, 24, 43, 50, 4, 69, 99, 37, 73, 193, 128, 70, 144, 39, 61, 96, 111, 76, 15, 57, 20, 44, 184, 34, 58, 48, 121, 170, 164, 64, 123, 142, 162, 21, 22, 3, 31, 140, 103, 47, 120, 84, 182, 173, 80, 98, 25, 81, 104, 200, 119, 141, 2, 12, 122, 156, 131, 66, 7, 68, 65, 19, 36, 67, 196, 85, 109, 191, 27, 40, 94, 100, 155, 133, 171, 1, 105, 71, 149, 17, 75, 26, 8, 172, 102, 42, 72, 181, 33, 63, 115, 16, 5, 166, 187, 83, 185, 32, 55, 108, 101, 88, 23, 49, 107, 113, 165, 127, 59, 6, 9, 175, 60, 130, 51, 183, 87, 180, 190, 147, 152, 78, 145, 124, 114, 77, 52, 110, 106, 151, 174, 158, 167, 116, 97, 168, 79, 137, 117, 112, 154, 169, 199, 62, 129, 195, 178, 92, 143, 135, 86, 160, 148, 157, 126, 159, 90, 89, 132, 150, 198, 177, 179, 153, 194, 54, 197, 118, 74, 176, 189, 139, 134, 192, 161, 188, 186]项目工期为：407.0；项目成本为：209434.90000000002
染色体结构为:
[18, 28, 93, 45, 38, 35, 53, 46, 125, 82, 10, 136, 138, 95, 41, 30, 13, 56, 146, 91, 11, 163, 14, 50, 29, 43, 24, 37, 69, 193, 4, 99, 128, 61, 70, 73, 96, 39, 144, 76, 20, 15, 111, 57, 44, 34, 184, 170, 121, 48, 164, 58, 162, 123, 64, 22, 31, 142, 3, 120, 21, 103, 98, 182, 47, 173, 84, 104, 25, 80, 122, 66, 7, 68, 36, 67, 81, 19, 65, 109, 85, 196, 191, 27, 141, 140, 200, 40, 155, 94, 100, 105, 1, 133, 71, 17, 2, 171, 26, 75, 8, 149, 172, 181, 102, 72, 33, 42, 12, 156, 131, 119, 63, 115, 5, 16, 166, 187, 83, 32, 185, 55, 108, 101, 23, 49, 88, 165, 107, 113, 6, 59, 127, 9, 175, 60, 130, 51, 183, 87, 180, 190, 147, 152, 145, 78, 124, 114, 52, 77, 106, 110, 174, 151, 158, 167, 116, 168, 97, 79, 137, 117, 154, 112, 169, 62, 199, 195, 129, 178, 135, 92, 143, 86, 160, 157, 148, 126, 159, 90, 132, 89, 177, 198, 179, 150, 153, 197, 194, 54, 118, 176, 189, 74, 139, 134, 192, 186, 188, 161]项目工期为：419.0；项目成本为：207044.7000000001
染色体结构为:
[10, 136, 82, 30, 95, 128, 73, 61, 138, 53, 144, 69, 123, 48, 125, 20, 121, 58, 170, 64, 162, 164, 4, 31, 3, 47, 35, 22, 142, 120, 84, 182, 29, 98, 80, 103, 173, 21, 25, 65, 122, 66, 104, 41, 45, 13, 11, 43, 56, 146, 50, 91, 24, 2, 18, 99, 28, 37, 70, 119, 193, 200, 131, 39, 12, 156, 19, 96, 7, 49, 17, 94, 93, 141, 44, 81, 124, 145, 16, 105, 102, 55, 33, 167, 71, 191, 155, 149, 133, 74, 77, 88, 184, 76, 159, 112, 68, 151, 107, 100, 126, 36, 165, 158, 92, 198, 115, 111, 15, 57, 34, 46, 83, 85, 174, 178, 89, 130, 14, 140, 147, 40, 62, 32, 8, 148, 23, 75, 38, 101, 109, 169, 166, 9, 27, 135, 114, 6, 163, 72, 97, 177, 51, 181, 192, 78, 5, 63, 86, 185, 1, 117, 160, 190, 60, 26, 129, 183, 199, 171, 150, 42, 143, 180, 67, 139, 79, 175, 108, 172, 132, 110, 127, 87, 54, 187, 153, 90, 161, 179, 116, 186, 197, 59, 137, 52, 154, 194, 195, 118, 113, 152, 176, 188, 106, 134, 157, 189, 196, 168]项目工期为：274.0；项目成本为：270631.4999999999
染色体结构为:
[28, 18, 38, 93, 45, 53, 82, 35, 46, 125, 14, 163, 95, 13, 136, 10, 138, 30, 11, 146, 56, 29, 43, 91, 41, 24, 50, 4, 37, 99, 69, 193, 73, 128, 70, 144, 39, 61, 76, 20, 96, 111, 15, 44, 184, 57, 58, 170, 34, 48, 121, 123, 162, 164, 142, 64, 21, 22, 3, 47, 31, 103, 120, 25, 98, 182, 173, 122, 104, 84, 7, 80, 66, 36, 65, 19, 68, 67, 81, 196, 191, 109, 85, 140, 27, 200, 40, 141, 94, 100, 155, 133, 1, 171, 105, 71, 17, 2, 149, 8, 75, 26, 102, 172, 72, 42, 181, 119, 156, 33, 12, 131, 115, 5, 166, 63, 16, 187, 83, 32, 185, 55, 101, 108, 23, 88, 49, 107, 113, 165, 127, 6, 9, 59, 175, 60, 130, 183, 147, 51, 87, 180, 152, 190, 78, 145, 114, 124, 77, 52, 151, 106, 174, 110, 158, 167, 116, 79, 97, 168, 117, 169, 154, 137, 195, 62, 112, 92, 199, 157, 129, 159, 178, 148, 86, 143, 160, 135, 198, 126, 90, 132, 89, 150, 179, 153, 54, 177, 118, 197, 139, 176, 74, 134, 194, 192, 161, 186, 188, 189]项目工期为：509.0；项目成本为：182298.70000000004
染色体结构为:
[28, 18, 93, 38, 45, 82, 53, 35, 46, 125, 14, 163, 95, 13, 136, 10, 138, 30, 11, 146, 56, 29, 43, 91, 41, 24, 50, 4, 37, 99, 69, 193, 73, 128, 70, 144, 39, 61, 20, 76, 96, 111, 15, 44, 184, 57, 58, 170, 48, 34, 121, 123, 162, 164, 142, 64, 21, 22, 3, 47, 103, 31, 120, 25, 98, 182, 173, 122, 84, 104, 7, 80, 36, 66, 65, 19, 68, 67, 81, 191, 196, 109, 140, 85, 27, 200, 40, 141, 100, 133, 94, 155, 1, 171, 71, 105, 17, 2, 149, 8, 75, 26, 102, 172, 42, 72, 181, 156, 33, 119, 12, 131, 5, 115, 63, 166, 16, 83, 187, 32, 185, 101, 55, 108, 23, 49, 88, 107, 113, 165, 127, 6, 9, 59, 175, 60, 130, 183, 147, 51, 87, 180, 152, 190, 78, 145, 114, 124, 52, 77, 151, 106, 174, 110, 158, 116, 167, 79, 97, 168, 169, 117, 137, 154, 62, 195, 112, 92, 199, 157, 129, 159, 148, 178, 86, 143, 160, 135, 126, 198, 90, 132, 150, 89, 179, 153, 177, 194, 197, 54, 118, 176, 139, 74, 189, 188, 134, 161, 186, 192]项目工期为：528.0；项目成本为：179978.80000000002
染色体结构为:
[18, 28, 93, 38, 35, 45, 53, 46, 125, 163, 82, 14, 138, 95, 13, 10, 136, 11, 30, 146, 56, 29, 43, 41, 91, 24, 50, 4, 69, 37, 99, 193, 73, 128, 144, 70, 39, 61, 96, 111, 76, 57, 15, 20, 44, 34, 184, 58, 121, 170, 48, 164, 123, 64, 162, 142, 22, 21, 103, 3, 31, 120, 47, 98, 182, 25, 173, 84, 104, 122, 7, 80, 66, 68, 36, 19, 67, 65, 81, 196, 109, 85, 140, 191, 27, 200, 141, 40, 100, 133, 94, 155, 1, 105, 71, 171, 17, 2, 149, 75, 8, 26, 172, 102, 72, 42, 181, 119, 33, 156, 12, 131, 5, 115, 63, 166, 16, 187, 83, 185, 32, 101, 23, 55, 88, 108, 49, 107, 165, 113, 127, 9, 59, 6, 175, 60, 130, 87, 183, 51, 180, 190, 147, 78, 152, 145, 124, 52, 77, 114, 151, 106, 110, 174, 167, 158, 97, 116, 168, 79, 137, 117, 154, 112, 169, 62, 199, 129, 195, 143, 92, 178, 135, 157, 86, 159, 160, 126, 148, 89, 90, 132, 150, 198, 179, 153, 197, 177, 194, 54, 118, 139, 176, 74, 189, 134, 161, 192, 186, 188]项目工期为：524.0；项目成本为：181897.0
染色体结构为:
[18, 93, 28, 45, 53, 38, 46, 35, 14, 125, 82, 163, 138, 13, 95, 136, 10, 30, 11, 146, 41, 56, 43, 29, 50, 24, 4, 37, 91, 69, 193, 128, 99, 73, 70, 144, 96, 39, 76, 61, 111, 20, 57, 44, 15, 34, 58, 121, 184, 48, 170, 123, 142, 164, 64, 162, 21, 22, 31, 3, 103, 120, 182, 47, 25, 98, 173, 84, 104, 122, 80, 66, 7, 19, 68, 36, 81, 67, 109, 65, 196, 85, 191, 141, 140, 27, 40, 94, 200, 100, 133, 155, 1, 105, 171, 71, 17, 8, 2, 149, 26, 75, 172, 72, 102, 42, 181, 119, 33, 156, 12, 131, 63, 5, 115, 16, 166, 187, 83, 32, 185, 101, 55, 108, 107, 23, 88, 165, 49, 113, 127, 59, 6, 9, 175, 51, 60, 130, 183, 147, 87, 180, 190, 152, 78, 145, 114, 124, 52, 151, 106, 77, 110, 174, 167, 158, 97, 168, 116, 79, 137, 117, 112, 169, 154, 129, 62, 199, 195, 92, 143, 135, 86, 157, 178, 148, 126, 160, 159, 90, 89, 132, 150, 177, 153, 198, 179, 197, 194, 54, 118, 74, 176, 139, 161, 189, 134, 192, 186, 188]项目工期为：423.0；项目成本为：206099.1000000001
染色体结构为:
[28, 18, 93, 38, 45, 35, 53, 46, 82, 163, 125, 138, 14, 95, 13, 136, 30, 10, 11, 56, 146, 41, 29, 43, 91, 24, 4, 50, 37, 69, 99, 193, 128, 73, 70, 144, 61, 39, 96, 76, 111, 20, 57, 15, 44, 184, 58, 170, 34, 48, 121, 164, 123, 64, 142, 162, 22, 3, 21, 31, 103, 47, 120, 98, 182, 173, 25, 122, 84, 104, 80, 7, 68, 66, 19, 36, 81, 65, 67, 196, 109, 85, 191, 141, 140, 27, 200, 40, 100, 94, 133, 155, 105, 1, 171, 71, 17, 2, 149, 8, 75, 26, 102, 172, 42, 72, 181, 119, 33, 156, 12, 63, 131, 5, 115, 166, 16, 187, 83, 32, 185, 55, 101, 108, 23, 88, 107, 165, 49, 113, 127, 59, 6, 9, 175, 60, 130, 51, 183, 87, 147, 190, 180, 78, 152, 145, 124, 114, 52, 77, 151, 106, 110, 174, 158, 116, 97, 167, 168, 79, 137, 117, 112, 169, 154, 62, 199, 129, 195, 92, 143, 178, 135, 86, 157, 159, 160, 126, 148, 90, 150, 198, 89, 132, 179, 177, 197, 54, 153, 118, 194, 74, 176, 139, 189, 134, 161, 188, 192, 186]项目工期为：496.0；项目成本为：182629.5
染色体结构为:
[18, 28, 93, 45, 38, 53, 35, 125, 163, 46, 82, 14, 95, 138, 13, 136, 10, 11, 30, 146, 56, 29, 41, 91, 24, 43, 4, 50, 69, 99, 37, 73, 193, 128, 70, 144, 39, 61, 96, 111, 76, 15, 57, 20, 44, 184, 34, 58, 48, 121, 170, 164, 123, 64, 142, 162, 21, 22, 3, 31, 140, 103, 47, 120, 84, 182, 173, 80, 98, 25, 81, 104, 200, 141, 119, 2, 12, 122, 156, 131, 66, 7, 68, 19, 65, 36, 67, 196, 85, 109, 191, 40, 27, 94, 100, 155, 133, 171, 1, 105, 71, 149, 17, 75, 26, 8, 172, 102, 42, 72, 181, 33, 63, 115, 16, 5, 166, 187, 83, 185, 32, 55, 108, 101, 88, 23, 49, 107, 113, 127, 165, 59, 6, 9, 175, 130, 60, 51, 183, 87, 180, 190, 147, 78, 152, 145, 124, 114, 77, 52, 106, 110, 151, 174, 167, 158, 116, 97, 168, 79, 137, 117, 112, 154, 199, 169, 62, 129, 195, 178, 92, 143, 135, 86, 160, 148, 157, 126, 159, 90, 89, 132, 150, 198, 177, 179, 153, 194, 54, 197, 118, 74, 176, 139, 134, 189, 192, 161, 188, 186]项目工期为：395.0；项目成本为：213006.60000000003
染色体结构为:
[18, 28, 38, 93, 45, 35, 46, 53, 82, 163, 125, 138, 14, 95, 13, 136, 30, 10, 11, 56, 146, 29, 41, 43, 91, 24, 4, 37, 50, 69, 99, 193, 128, 73, 70, 144, 61, 39, 96, 76, 20, 111, 57, 15, 44, 184, 58, 170, 34, 48, 121, 164, 64, 123, 142, 162, 22, 3, 21, 31, 103, 47, 120, 98, 182, 173, 25, 122, 84, 80, 104, 7, 68, 66, 36, 19, 81, 65, 67, 196, 109, 85, 191, 140, 141, 27, 40, 200, 100, 94, 155, 133, 1, 105, 171, 17, 71, 2, 149, 8, 75, 26, 102, 172, 42, 72, 119, 181, 33, 156, 12, 63, 131, 5, 115, 166, 16, 187, 83, 185, 32, 55, 101, 108, 23, 88, 107, 165, 49, 113, 127, 59, 6, 9, 175, 60, 130, 51, 183, 87, 147, 190, 180, 78, 152, 145, 124, 114, 52, 77, 151, 106, 110, 174, 158, 116, 97, 167, 168, 79, 137, 117, 169, 112, 154, 62, 199, 129, 195, 92, 143, 178, 135, 86, 159, 157, 126, 160, 148, 90, 150, 198, 89, 132, 179, 177, 54, 197, 153, 118, 194, 74, 176, 139, 189, 134, 161, 188, 192, 186]项目工期为：508.0；项目成本为：182563.5
染色体结构为:
[10, 136, 95, 30, 138, 41, 82, 56, 13, 11, 146, 45, 91, 18, 50, 29, 43, 24, 99, 37, 4, 69, 193, 28, 200, 35, 53, 70, 2, 123, 162, 119, 39, 131, 12, 19, 156, 7, 31, 20, 122, 96, 5, 125, 26, 63, 38, 141, 46, 14, 163, 1, 164, 73, 165, 170, 140, 128, 144, 61, 22, 121, 48, 58, 64, 47, 3, 84, 142, 120, 21, 182, 173, 98, 103, 100, 81, 44, 94, 93, 76, 111, 57, 15, 184, 65, 34, 88, 83, 85, 49, 115, 36, 71, 33, 178, 174, 89, 105, 40, 66, 147, 130, 16, 32, 8, 23, 62, 102, 60, 109, 79, 42, 155, 86, 17, 180, 196, 110, 114, 159, 132, 126, 78, 124, 113, 55, 104, 116, 171, 68, 67, 27, 149, 75, 191, 185, 190, 51, 133, 87, 175, 25, 145, 107, 80, 172, 166, 77, 151, 101, 52, 106, 158, 167, 183, 59, 97, 137, 187, 181, 112, 168, 72, 117, 154, 9, 169, 199, 153, 6, 127, 198, 194, 108, 92, 195, 129, 157, 148, 135, 143, 160, 54, 152, 177, 90, 179, 118, 139, 150, 197, 74, 192, 176, 134, 161, 189, 188, 186]项目工期为：273.0；项目成本为：272410.9999999999
染色体结构为:
[28, 45, 18, 93, 35, 38, 53, 46, 125, 82, 163, 138, 14, 10, 95, 136, 13, 30, 11, 146, 56, 43, 41, 29, 91, 50, 24, 37, 4, 69, 193, 99, 128, 70, 73, 61, 144, 39, 96, 76, 111, 20, 15, 57, 44, 184, 34, 170, 58, 121, 48, 164, 162, 64, 123, 31, 22, 142, 3, 103, 21, 120, 98, 182, 84, 47, 173, 104, 25, 80, 66, 122, 7, 68, 36, 67, 19, 81, 65, 196, 85, 27, 109, 191, 141, 140, 200, 40, 100, 94, 155, 133, 105, 1, 71, 171, 17, 2, 75, 26, 149, 8, 172, 102, 181, 72, 42, 12, 33, 156, 119, 115, 131, 63, 5, 187, 166, 83, 185, 16, 32, 55, 101, 23, 108, 88, 165, 107, 49, 113, 127, 59, 9, 175, 6, 60, 51, 183, 130, 87, 147, 180, 190, 78, 152, 114, 124, 77, 145, 151, 52, 174, 106, 110, 158, 116, 167, 97, 79, 168, 117, 137, 62, 157, 112, 169, 154, 195, 159, 199, 143, 92, 129, 135, 178, 86, 160, 148, 126, 89, 90, 150, 132, 198, 179, 177, 153, 194, 197, 118, 54, 176, 74, 134, 139, 161, 192, 189, 186, 188]项目工期为：435.0；项目成本为：202035.30000000008
染色体结构为:
[10, 82, 95, 30, 136, 138, 128, 73, 61, 53, 123, 18, 28, 45, 93, 38, 35, 125, 163, 46, 14, 11, 13, 146, 56, 29, 41, 24, 43, 91, 4, 50, 69, 99, 37, 193, 70, 144, 39, 96, 111, 76, 15, 57, 20, 44, 184, 34, 58, 121, 48, 170, 64, 164, 142, 162, 21, 22, 31, 3, 140, 103, 47, 120, 84, 182, 173, 80, 25, 98, 104, 81, 200, 141, 119, 2, 12, 122, 156, 131, 66, 7, 68, 19, 65, 36, 67, 196, 85, 109, 191, 40, 27, 94, 100, 155, 171, 133, 1, 105, 71, 149, 17, 75, 8, 26, 172, 102, 42, 72, 181, 33, 63, 115, 16, 5, 166, 187, 83, 185, 32, 55, 108, 101, 88, 23, 49, 107, 113, 127, 165, 59, 6, 9, 175, 130, 60, 51, 183, 87, 180, 190, 147, 78, 152, 145, 124, 114, 77, 52, 106, 110, 151, 167, 174, 158, 116, 97, 168, 79, 137, 117, 112, 154, 169, 199, 62, 129, 195, 178, 92, 143, 135, 86, 160, 148, 157, 159, 126, 90, 89, 132, 150, 177, 179, 198, 153, 194, 54, 197, 118, 74, 176, 139, 134, 189, 192, 161, 188, 186]项目工期为：402.0；项目成本为：211908.80000000005
染色体结构为:
[18, 93, 28, 45, 38, 53, 35, 125, 46, 82, 14, 163, 138, 13, 95, 136, 10, 11, 30, 56, 146, 41, 29, 43, 91, 50, 24, 4, 99, 37, 69, 193, 128, 73, 70, 39, 144, 96, 61, 76, 111, 20, 15, 44, 57, 184, 58, 34, 170, 121, 48, 123, 164, 64, 142, 162, 22, 3, 21, 31, 103, 98, 120, 47, 182, 25, 173, 84, 122, 104, 7, 80, 66, 68, 19, 81, 36, 65, 109, 67, 196, 85, 191, 141, 140, 27, 40, 200, 94, 100, 133, 1, 155, 105, 171, 71, 8, 17, 2, 149, 26, 75, 172, 102, 42, 72, 119, 181, 33, 156, 63, 12, 131, 5, 115, 16, 166, 187, 32, 83, 185, 55, 101, 108, 107, 23, 88, 165, 49, 113, 127, 59, 9, 175, 6, 60, 130, 183, 51, 87, 147, 180, 190, 78, 145, 152, 124, 114, 52, 151, 106, 77, 110, 174, 168, 167, 158, 97, 116, 79, 117, 137, 112, 154, 169, 199, 62, 195, 129, 92, 143, 135, 86, 157, 178, 126, 160, 148, 159, 90, 89, 132, 198, 150, 177, 153, 197, 179, 194, 118, 54, 176, 74, 139, 161, 189, 192, 134, 186, 188]项目工期为：430.0；项目成本为：204255.2000000001
染色体结构为:
[53, 140, 125, 128, 61, 73, 123, 144, 48, 121, 69, 164, 58, 45, 20, 18, 28, 38, 35, 93, 46, 138, 10, 64, 163, 4, 170, 162, 142, 136, 31, 3, 47, 22, 29, 120, 21, 173, 84, 103, 25, 98, 182, 65, 104, 122, 82, 80, 95, 30, 13, 56, 43, 41, 146, 91, 11, 24, 50, 37, 14, 193, 99, 70, 2, 119, 200, 39, 156, 12, 131, 19, 5, 7, 26, 96, 191, 141, 109, 63, 100, 155, 27, 133, 36, 40, 105, 71, 196, 68, 94, 44, 17, 67, 1, 85, 76, 81, 75, 102, 171, 149, 111, 8, 172, 57, 15, 72, 115, 181, 66, 33, 185, 42, 16, 166, 187, 83, 184, 55, 101, 32, 108, 49, 88, 23, 165, 9, 107, 34, 6, 59, 113, 175, 130, 127, 183, 147, 60, 152, 51, 180, 190, 87, 145, 114, 78, 124, 77, 110, 79, 52, 106, 151, 174, 167, 158, 116, 97, 117, 168, 112, 137, 169, 62, 129, 199, 154, 195, 143, 157, 178, 159, 135, 90, 148, 92, 86, 160, 132, 126, 179, 89, 54, 153, 198, 118, 150, 177, 74, 197, 192, 139, 194, 161, 188, 186, 134, 176, 189]项目工期为：308.0；项目成本为：248804.1
染色体结构为:
[18, 28, 93, 45, 38, 53, 125, 35, 163, 46, 82, 95, 14, 138, 13, 136, 10, 11, 30, 146, 56, 29, 91, 41, 24, 4, 43, 50, 69, 99, 73, 37, 193, 128, 70, 144, 61, 39, 96, 111, 15, 76, 57, 20, 184, 44, 34, 58, 48, 121, 170, 164, 123, 64, 142, 162, 21, 22, 3, 140, 31, 103, 47, 120, 84, 182, 173, 80, 98, 25, 81, 141, 104, 119, 2, 200, 12, 122, 156, 66, 7, 131, 68, 65, 19, 36, 67, 196, 85, 191, 109, 40, 27, 94, 100, 133, 155, 171, 1, 71, 105, 17, 149, 75, 26, 8, 172, 102, 42, 181, 72, 33, 63, 115, 16, 5, 166, 187, 83, 32, 185, 55, 108, 101, 88, 23, 49, 107, 113, 127, 165, 59, 6, 175, 9, 130, 60, 51, 183, 87, 180, 190, 78, 147, 152, 145, 114, 124, 52, 77, 106, 110, 167, 151, 116, 174, 158, 97, 168, 79, 137, 117, 112, 154, 199, 62, 169, 129, 195, 178, 92, 135, 86, 143, 160, 148, 157, 126, 159, 89, 132, 150, 90, 198, 177, 179, 153, 194, 54, 118, 197, 176, 139, 74, 189, 188, 134, 161, 186, 192]项目工期为：354.0；项目成本为：224997.3000000001
染色体结构为:
[18, 28, 38, 93, 45, 35, 46, 53, 82, 163, 125, 138, 14, 95, 13, 136, 30, 11, 10, 56, 146, 29, 41, 43, 91, 24, 4, 37, 69, 50, 99, 193, 128, 73, 70, 144, 61, 39, 96, 76, 111, 20, 57, 15, 44, 184, 58, 170, 48, 34, 121, 64, 123, 142, 162, 164, 22, 3, 21, 31, 103, 120, 47, 98, 182, 173, 25, 122, 84, 80, 104, 68, 7, 66, 36, 19, 81, 65, 67, 196, 85, 109, 191, 141, 140, 27, 40, 200, 100, 94, 155, 133, 1, 105, 171, 17, 71, 2, 149, 8, 26, 75, 102, 42, 172, 72, 119, 181, 33, 156, 12, 63, 131, 115, 5, 166, 16, 187, 83, 185, 32, 55, 101, 108, 23, 88, 107, 165, 49, 113, 127, 59, 6, 175, 9, 60, 130, 51, 183, 87, 147, 190, 180, 78, 152, 145, 124, 114, 52, 77, 151, 106, 110, 174, 158, 116, 97, 167, 79, 168, 117, 137, 169, 112, 62, 154, 199, 129, 195, 92, 143, 178, 135, 86, 159, 157, 126, 160, 148, 90, 150, 198, 89, 132, 179, 177, 54, 197, 153, 118, 194, 74, 176, 139, 134, 161, 188, 189, 192, 186]项目工期为：479.0；项目成本为：189077.20000000004
染色体结构为:
[18, 28, 93, 38, 45, 35, 53, 46, 125, 163, 82, 14, 138, 95, 136, 13, 10, 30, 11, 56, 29, 146, 41, 91, 24, 43, 50, 4, 69, 99, 37, 73, 193, 128, 70, 39, 144, 61, 96, 76, 111, 15, 20, 57, 44, 184, 34, 58, 48, 121, 170, 64, 164, 123, 142, 21, 162, 22, 3, 31, 140, 103, 47, 120, 84, 182, 173, 80, 98, 25, 81, 104, 200, 119, 141, 2, 12, 122, 156, 131, 66, 7, 68, 65, 19, 36, 67, 196, 85, 109, 191, 27, 94, 40, 100, 155, 133, 171, 1, 105, 71, 149, 17, 75, 26, 8, 172, 102, 42, 72, 181, 33, 63, 115, 16, 5, 166, 187, 83, 185, 32, 55, 108, 101, 23, 88, 49, 107, 113, 165, 127, 59, 6, 9, 175, 60, 130, 51, 183, 180, 190, 147, 87, 152, 78, 145, 124, 77, 114, 52, 110, 106, 151, 174, 158, 167, 116, 97, 168, 79, 137, 117, 112, 154, 169, 199, 62, 129, 195, 178, 92, 143, 135, 86, 160, 148, 157, 126, 159, 90, 89, 132, 150, 198, 177, 179, 153, 194, 54, 197, 118, 74, 176, 189, 139, 134, 192, 161, 188, 186]项目工期为：386.0；项目成本为：213659.00000000003
染色体结构为:
[18, 28, 38, 93, 45, 35, 46, 53, 82, 163, 125, 138, 14, 95, 13, 136, 30, 11, 10, 146, 56, 29, 41, 43, 91, 24, 4, 37, 50, 69, 99, 193, 128, 73, 70, 144, 61, 39, 96, 76, 20, 111, 57, 15, 44, 184, 58, 170, 34, 48, 121, 164, 64, 123, 142, 162, 22, 3, 21, 31, 103, 47, 98, 120, 182, 173, 122, 25, 84, 80, 104, 7, 68, 36, 19, 66, 65, 81, 67, 196, 109, 27, 85, 191, 141, 140, 200, 40, 94, 100, 133, 155, 105, 1, 71, 171, 2, 17, 75, 149, 8, 172, 26, 72, 102, 181, 33, 42, 119, 156, 12, 5, 131, 115, 166, 63, 16, 187, 83, 185, 32, 101, 23, 55, 88, 108, 49, 107, 113, 165, 127, 9, 59, 6, 175, 60, 87, 130, 183, 51, 180, 190, 147, 78, 152, 145, 124, 52, 77, 114, 151, 106, 110, 174, 167, 158, 97, 116, 168, 79, 137, 117, 112, 154, 62, 169, 199, 129, 195, 143, 92, 178, 135, 157, 159, 86, 160, 148, 126, 90, 89, 132, 150, 198, 179, 153, 197, 177, 194, 54, 118, 139, 74, 176, 189, 134, 161, 192, 186, 188]项目工期为：489.0；项目成本为：186538.30000000002
染色体结构为:
[28, 93, 18, 45, 38, 53, 35, 46, 125, 82, 14, 163, 138, 13, 95, 136, 10, 30, 11, 146, 56, 41, 29, 43, 91, 50, 24, 4, 37, 99, 69, 193, 128, 73, 70, 39, 144, 96, 61, 76, 20, 111, 57, 34, 184, 15, 44, 58, 170, 121, 48, 164, 64, 123, 162, 142, 22, 21, 3, 31, 103, 120, 47, 98, 182, 25, 173, 84, 122, 80, 104, 7, 66, 68, 19, 36, 81, 65, 67, 109, 191, 196, 85, 141, 27, 200, 140, 40, 100, 94, 133, 155, 1, 105, 171, 71, 17, 2, 149, 8, 75, 26, 172, 102, 72, 181, 42, 119, 156, 33, 12, 63, 131, 115, 5, 166, 16, 187, 32, 83, 185, 55, 101, 23, 108, 88, 49, 107, 165, 113, 59, 127, 6, 9, 60, 175, 130, 183, 51, 87, 147, 180, 190, 152, 78, 145, 52, 124, 77, 114, 151, 110, 106, 167, 174, 158, 116, 97, 168, 79, 137, 112, 117, 154, 169, 62, 199, 129, 195, 92, 143, 178, 135, 86, 157, 160, 159, 148, 89, 126, 150, 90, 132, 198, 179, 153, 177, 197, 54, 194, 118, 74, 192, 139, 161, 186, 188, 176, 189, 134]项目工期为：477.0；项目成本为：192131.59999999995
染色体结构为:
[18, 45, 38, 28, 93, 35, 53, 46, 125, 82, 163, 138, 14, 95, 136, 13, 10, 30, 11, 146, 29, 56, 41, 43, 24, 91, 50, 4, 69, 37, 99, 73, 193, 128, 144, 70, 39, 61, 96, 111, 76, 20, 57, 44, 15, 58, 34, 184, 48, 170, 164, 121, 123, 64, 162, 142, 21, 22, 3, 31, 140, 47, 103, 120, 182, 84, 80, 173, 25, 98, 81, 104, 200, 141, 119, 2, 156, 12, 131, 122, 19, 7, 63, 5, 26, 27, 191, 109, 100, 155, 36, 133, 71, 105, 40, 66, 68, 65, 67, 196, 94, 85, 8, 1, 17, 171, 149, 75, 102, 172, 42, 181, 72, 115, 33, 16, 166, 187, 83, 185, 32, 101, 88, 55, 108, 23, 165, 49, 107, 113, 127, 59, 6, 175, 9, 60, 130, 51, 183, 87, 147, 180, 190, 152, 124, 78, 145, 52, 114, 77, 151, 106, 110, 97, 174, 167, 158, 116, 168, 79, 137, 117, 154, 112, 62, 169, 129, 199, 195, 143, 92, 178, 135, 86, 157, 160, 148, 159, 126, 89, 90, 150, 132, 198, 153, 179, 197, 194, 177, 54, 176, 118, 74, 139, 189, 134, 161, 188, 192, 186]项目工期为：467.0；项目成本为：193616.2000000001
染色体结构为:
[18, 28, 38, 93, 45, 35, 46, 53, 82, 163, 125, 138, 14, 95, 13, 136, 11, 30, 10, 146, 56, 29, 41, 43, 91, 24, 4, 37, 50, 69, 99, 193, 73, 128, 70, 144, 61, 39, 76, 96, 20, 111, 57, 15, 44, 58, 184, 170, 34, 48, 121, 164, 64, 123, 142, 162, 22, 3, 21, 31, 103, 47, 98, 120, 173, 182, 122, 25, 80, 84, 104, 7, 68, 36, 19, 65, 66, 81, 67, 196, 109, 27, 191, 85, 141, 200, 140, 40, 94, 100, 133, 155, 105, 1, 71, 2, 171, 17, 75, 149, 8, 172, 26, 72, 102, 181, 33, 42, 119, 156, 12, 5, 131, 115, 166, 63, 16, 83, 187, 185, 32, 101, 23, 88, 55, 108, 107, 49, 113, 165, 127, 9, 59, 6, 60, 175, 87, 183, 130, 51, 180, 190, 147, 78, 152, 145, 124, 52, 114, 77, 151, 106, 110, 174, 167, 158, 97, 116, 168, 79, 137, 117, 112, 154, 62, 169, 199, 129, 195, 143, 92, 178, 135, 157, 159, 160, 86, 148, 126, 89, 90, 132, 150, 198, 179, 153, 197, 177, 194, 54, 118, 74, 139, 176, 189, 134, 161, 192, 186, 188]项目工期为：444.0；项目成本为：199735.00000000006
染色体结构为:
[140, 53, 125, 128, 61, 73, 123, 144, 48, 121, 69, 58, 164, 20, 45, 18, 28, 35, 38, 93, 46, 138, 163, 10, 64, 4, 170, 142, 136, 162, 31, 3, 47, 22, 29, 120, 21, 173, 84, 103, 25, 98, 182, 65, 104, 122, 82, 80, 95, 13, 56, 43, 30, 41, 146, 91, 11, 50, 24, 37, 193, 14, 99, 70, 119, 2, 200, 39, 156, 12, 131, 19, 5, 7, 26, 96, 191, 141, 109, 63, 100, 133, 27, 155, 36, 40, 105, 71, 68, 196, 94, 44, 17, 67, 1, 81, 85, 76, 102, 75, 171, 149, 111, 8, 172, 57, 15, 181, 72, 66, 115, 33, 185, 42, 16, 187, 166, 83, 184, 55, 101, 32, 49, 108, 88, 23, 165, 9, 107, 34, 6, 59, 113, 175, 130, 127, 183, 147, 60, 152, 51, 190, 180, 87, 145, 114, 78, 124, 77, 110, 79, 52, 106, 151, 174, 167, 158, 116, 97, 117, 168, 112, 137, 169, 62, 129, 195, 199, 154, 157, 143, 178, 159, 135, 92, 90, 148, 86, 160, 132, 126, 179, 89, 153, 54, 198, 150, 118, 177, 74, 197, 192, 139, 161, 194, 188, 186, 176, 134, 189]项目工期为：314.0；项目成本为：245883.2
染色体结构为:
[28, 93, 18, 38, 45, 35, 53, 46, 82, 163, 125, 138, 14, 95, 13, 136, 30, 10, 11, 56, 146, 41, 29, 43, 24, 91, 4, 50, 37, 69, 99, 193, 73, 128, 70, 144, 61, 39, 96, 76, 111, 20, 57, 15, 44, 184, 58, 170, 48, 34, 121, 164, 123, 64, 162, 142, 3, 22, 21, 31, 103, 47, 120, 98, 173, 182, 25, 122, 84, 104, 7, 80, 68, 66, 19, 36, 81, 65, 67, 196, 109, 85, 191, 140, 141, 27, 200, 40, 100, 94, 133, 155, 105, 1, 171, 71, 17, 2, 149, 75, 8, 26, 172, 102, 42, 181, 72, 119, 33, 12, 156, 131, 63, 5, 115, 166, 16, 187, 83, 32, 185, 55, 101, 108, 23, 88, 107, 165, 49, 127, 113, 59, 6, 9, 175, 60, 130, 51, 183, 87, 147, 180, 190, 152, 145, 78, 124, 114, 52, 77, 110, 106, 174, 151, 158, 167, 168, 116, 97, 79, 137, 117, 154, 169, 112, 62, 199, 195, 129, 92, 178, 143, 135, 86, 160, 157, 148, 126, 159, 90, 89, 132, 150, 177, 179, 198, 153, 197, 194, 54, 118, 176, 189, 74, 139, 134, 161, 192, 188, 186]项目工期为：447.0；项目成本为：198763.10000000006
染色体结构为:
[28, 18, 140, 53, 128, 125, 73, 144, 61, 121, 48, 123, 164, 58, 69, 64, 20, 4, 170, 162, 35, 136, 142, 3, 31, 22, 47, 29, 84, 120, 103, 21, 25, 173, 98, 182, 65, 122, 104, 82, 138, 80, 10, 95, 13, 56, 30, 41, 45, 146, 43, 91, 24, 11, 37, 50, 38, 163, 93, 46, 14, 193, 99, 70, 200, 2, 119, 39, 76, 96, 15, 111, 57, 44, 184, 34, 7, 66, 36, 68, 67, 19, 81, 196, 109, 85, 27, 191, 141, 40, 100, 155, 94, 105, 133, 1, 71, 17, 75, 171, 149, 26, 8, 172, 181, 102, 72, 33, 42, 12, 156, 131, 115, 63, 5, 16, 166, 187, 83, 185, 32, 55, 108, 101, 23, 88, 49, 107, 165, 113, 6, 127, 59, 9, 175, 130, 60, 51, 183, 87, 180, 190, 147, 152, 145, 78, 124, 114, 52, 77, 106, 110, 151, 174, 158, 167, 168, 116, 97, 79, 137, 117, 154, 169, 112, 62, 199, 195, 129, 92, 178, 143, 135, 160, 86, 148, 157, 126, 159, 90, 89, 132, 150, 177, 179, 153, 198, 197, 194, 54, 118, 176, 189, 74, 139, 134, 192, 188, 161, 186]项目工期为：398.0；项目成本为：212949.7000000001
染色体结构为:
[18, 28, 93, 45, 38, 35, 53, 46, 125, 163, 82, 14, 95, 138, 13, 136, 10, 30, 11, 146, 29, 56, 41, 91, 24, 43, 50, 4, 69, 37, 99, 193, 73, 128, 144, 70, 39, 61, 96, 111, 15, 76, 20, 57, 34, 44, 58, 184, 48, 121, 170, 164, 64, 142, 162, 21, 123, 22, 3, 31, 140, 103, 47, 120, 182, 84, 173, 80, 98, 25, 104, 81, 200, 119, 141, 2, 12, 122, 131, 7, 156, 66, 68, 65, 36, 19, 67, 196, 85, 109, 27, 40, 191, 94, 100, 155, 133, 171, 1, 71, 149, 105, 17, 75, 26, 8, 172, 42, 102, 72, 181, 33, 63, 115, 5, 16, 187, 166, 83, 185, 55, 32, 108, 88, 101, 23, 107, 49, 113, 127, 165, 59, 6, 9, 175, 60, 130, 51, 183, 180, 87, 147, 152, 190, 145, 78, 114, 124, 77, 52, 151, 110, 174, 106, 158, 116, 167, 97, 168, 79, 137, 117, 112, 154, 169, 199, 129, 62, 195, 178, 92, 143, 86, 135, 160, 157, 148, 126, 90, 159, 132, 89, 198, 150, 177, 179, 153, 194, 197, 54, 118, 74, 176, 189, 139, 134, 192, 161, 188, 186]项目工期为：379.0；项目成本为：217373.40000000008
染色体结构为:
[18, 28, 45, 93, 38, 35, 53, 46, 125, 14, 82, 163, 95, 13, 138, 136, 10, 11, 30, 146, 29, 56, 41, 91, 43, 24, 50, 4, 37, 99, 69, 73, 193, 128, 70, 144, 39, 61, 76, 96, 111, 44, 20, 57, 184, 15, 34, 58, 170, 121, 123, 48, 164, 162, 64, 142, 21, 22, 3, 31, 103, 47, 25, 120, 98, 182, 173, 122, 84, 104, 7, 66, 36, 80, 19, 68, 65, 196, 67, 81, 109, 191, 140, 85, 141, 27, 40, 200, 100, 133, 94, 1, 105, 155, 171, 17, 71, 2, 75, 8, 149, 172, 26, 102, 42, 72, 119, 181, 33, 156, 12, 131, 115, 166, 63, 5, 185, 88, 187, 16, 83, 32, 55, 49, 101, 108, 165, 107, 9, 23, 127, 59, 175, 113, 6, 60, 51, 130, 87, 147, 183, 190, 180, 78, 124, 152, 52, 114, 145, 106, 151, 77, 110, 174, 158, 116, 167, 97, 168, 79, 137, 169, 117, 154, 62, 195, 112, 92, 199, 157, 129, 148, 159, 178, 86, 160, 143, 135, 126, 132, 90, 198, 150, 89, 179, 177, 153, 194, 197, 54, 118, 176, 74, 139, 189, 188, 134, 161, 186, 192]项目工期为：654.0；项目成本为：172403.90000000008
染色体结构为:
[18, 28, 93, 45, 35, 53, 38, 46, 125, 82, 163, 138, 14, 95, 13, 30, 136, 10, 11, 146, 56, 29, 43, 41, 24, 91, 50, 4, 69, 37, 99, 193, 73, 128, 70, 144, 39, 61, 76, 111, 96, 20, 57, 15, 44, 34, 184, 58, 170, 121, 48, 164, 123, 64, 162, 142, 22, 3, 21, 31, 120, 103, 47, 98, 182, 173, 84, 25, 104, 122, 7, 80, 66, 68, 19, 36, 65, 67, 81, 196, 85, 109, 140, 191, 27, 200, 141, 133, 40, 100, 94, 155, 1, 105, 171, 71, 17, 2, 75, 149, 8, 26, 172, 102, 42, 72, 181, 119, 33, 156, 12, 131, 115, 63, 5, 16, 187, 83, 166, 185, 32, 101, 55, 108, 23, 88, 107, 49, 113, 127, 165, 59, 9, 6, 175, 130, 60, 51, 183, 180, 87, 147, 78, 190, 152, 124, 145, 52, 77, 114, 151, 110, 106, 174, 97, 167, 116, 168, 158, 79, 154, 137, 117, 112, 62, 169, 129, 199, 195, 143, 178, 92, 86, 135, 160, 157, 159, 148, 126, 89, 90, 132, 150, 198, 153, 197, 179, 177, 194, 54, 118, 176, 74, 139, 189, 188, 161, 134, 186, 192]项目工期为：566.0；项目成本为：175226.69999999998
染色体结构为:
[18, 28, 38, 93, 45, 35, 46, 53, 82, 163, 125, 138, 14, 13, 95, 136, 11, 30, 10, 146, 29, 56, 41, 43, 24, 91, 4, 37, 50, 69, 99, 193, 73, 128, 70, 144, 61, 39, 76, 96, 20, 111, 15, 57, 44, 58, 184, 170, 34, 48, 121, 164, 64, 142, 162, 123, 22, 3, 21, 31, 103, 47, 98, 120, 173, 182, 122, 25, 84, 80, 104, 7, 68, 36, 19, 66, 65, 81, 67, 196, 27, 109, 191, 85, 141, 200, 140, 40, 94, 100, 133, 155, 105, 1, 71, 2, 171, 17, 75, 149, 8, 26, 172, 72, 102, 181, 33, 42, 119, 156, 12, 5, 131, 115, 63, 166, 83, 16, 187, 185, 32, 101, 23, 88, 108, 55, 107, 49, 113, 165, 127, 9, 59, 6, 175, 60, 87, 183, 130, 51, 180, 190, 147, 78, 152, 145, 124, 52, 114, 151, 77, 110, 174, 106, 167, 158, 97, 116, 168, 79, 137, 117, 112, 62, 154, 169, 199, 195, 129, 143, 92, 178, 135, 157, 159, 160, 86, 148, 89, 126, 90, 132, 198, 150, 179, 153, 177, 197, 194, 54, 118, 74, 139, 176, 189, 134, 192, 161, 186, 188]项目工期为：433.0；项目成本为：202246.6000000001
MID=1.2360732181095542
DM=104219.10743505707
SNS=0.16227671154771312
SM=0.6775426391102379
1.1860332030571255E-5
89
共计用时：13秒
