染色体结构为:
[55, 38, 83, 76, 136, 13, 11, 172, 73, 130, 81, 37, 178, 19, 5, 57, 138, 24, 108, 56, 165, 195, 42, 173, 22, 2, 8, 80, 27, 149, 53, 167, 17, 70, 147, 194, 155, 148, 10, 113, 12, 66, 30, 199, 92, 82, 9, 62, 99, 25, 41, 78, 15, 121, 183, 79, 124, 33, 20, 119, 163, 158, 29, 40, 36, 1, 18, 85, 84, 49, 26, 34, 169, 87, 98, 14, 141, 31, 152, 111, 32, 120, 4, 45, 44, 23, 88, 64, 28, 91, 35, 90, 104, 16, 100, 59, 131, 122, 137, 65, 143, 102, 170, 116, 157, 132, 6, 7, 21, 171, 189, 160, 93, 46, 153, 150, 146, 107, 48, 61, 164, 69, 186, 184, 123, 177, 161, 67, 74, 63, 154, 97, 125, 95, 174, 114, 115, 68, 196, 77, 127, 117, 112, 86, 118, 71, 129, 168, 109, 103, 105, 151, 60, 181, 162, 191, 43, 3, 52, 47, 54, 180, 72, 193, 128, 190, 182, 188, 156, 133, 89, 50, 192, 94, 200, 134, 58, 166, 75, 106, 185, 198, 126, 39, 144, 142, 96, 179, 51, 197, 139, 140, 176, 159, 175, 101, 135, 145, 187, 110]项目工期为：323.0；项目成本为：198021.90000000005
染色体结构为:
[38, 55, 83, 76, 11, 73, 130, 172, 13, 136, 42, 81, 22, 19, 8, 138, 149, 173, 17, 80, 53, 167, 27, 70, 147, 113, 155, 10, 56, 194, 148, 12, 108, 66, 199, 30, 92, 9, 82, 178, 99, 62, 41, 25, 78, 15, 121, 79, 57, 183, 124, 33, 20, 158, 163, 119, 29, 40, 5, 18, 1, 85, 36, 84, 49, 34, 26, 14, 87, 169, 31, 98, 152, 32, 141, 120, 45, 111, 4, 44, 64, 23, 35, 88, 28, 91, 104, 90, 100, 16, 59, 131, 2, 65, 122, 137, 143, 170, 132, 157, 102, 6, 116, 160, 21, 7, 93, 171, 153, 189, 46, 146, 150, 48, 61, 195, 107, 164, 184, 165, 186, 69, 177, 37, 24, 123, 67, 63, 161, 154, 74, 125, 97, 114, 68, 95, 174, 115, 196, 127, 77, 86, 112, 117, 71, 118, 168, 129, 105, 109, 151, 103, 52, 60, 181, 191, 162, 43, 54, 47, 3, 180, 182, 128, 193, 72, 190, 188, 89, 156, 94, 133, 200, 192, 58, 50, 185, 134, 75, 106, 166, 198, 39, 126, 179, 142, 144, 197, 51, 96, 140, 176, 159, 175, 139, 135, 145, 101, 110, 187]项目工期为：383.0；项目成本为：175656.1000000001
染色体结构为:
[55, 83, 38, 136, 76, 13, 73, 11, 172, 130, 37, 81, 178, 19, 5, 138, 57, 108, 24, 165, 56, 195, 2, 22, 42, 173, 8, 80, 17, 27, 149, 53, 167, 70, 147, 155, 194, 148, 113, 10, 12, 30, 66, 199, 92, 9, 62, 99, 25, 82, 41, 78, 15, 121, 183, 124, 79, 20, 33, 163, 119, 158, 40, 29, 1, 36, 18, 85, 49, 26, 84, 34, 169, 87, 14, 31, 98, 141, 152, 111, 32, 120, 44, 45, 4, 88, 23, 64, 91, 35, 28, 90, 16, 100, 104, 131, 59, 122, 137, 65, 143, 170, 102, 132, 157, 116, 6, 7, 171, 21, 160, 46, 189, 93, 153, 146, 150, 48, 61, 107, 164, 184, 69, 186, 177, 123, 161, 63, 67, 154, 125, 74, 97, 114, 95, 174, 68, 115, 196, 127, 77, 112, 117, 118, 86, 71, 129, 168, 109, 105, 103, 181, 60, 191, 151, 43, 162, 3, 52, 47, 54, 180, 182, 72, 193, 128, 190, 188, 156, 89, 133, 94, 192, 200, 50, 58, 75, 185, 134, 166, 106, 126, 39, 198, 179, 142, 197, 139, 144, 51, 96, 140, 176, 135, 175, 159, 101, 110, 145, 187]项目工期为：339.0；项目成本为：186952.30000000005
染色体结构为:
[55, 136, 38, 83, 73, 76, 11, 13, 172, 130, 81, 19, 178, 37, 5, 108, 57, 56, 138, 24, 150, 195, 2, 165, 164, 171, 22, 82, 157, 67, 173, 53, 80, 42, 70, 8, 27, 149, 113, 17, 167, 147, 155, 194, 148, 199, 10, 12, 66, 62, 30, 92, 9, 121, 99, 25, 78, 15, 41, 183, 79, 124, 158, 33, 163, 20, 40, 161, 63, 44, 74, 98, 97, 114, 177, 29, 125, 154, 123, 4, 174, 111, 95, 68, 196, 93, 64, 16, 146, 21, 115, 127, 18, 91, 90, 137, 77, 49, 143, 117, 189, 35, 14, 160, 86, 141, 31, 112, 118, 119, 153, 84, 122, 129, 69, 71, 109, 105, 168, 181, 103, 60, 26, 52, 100, 43, 151, 191, 45, 54, 170, 169, 46, 162, 3, 132, 104, 6, 47, 182, 87, 23, 193, 61, 180, 32, 85, 72, 128, 36, 152, 156, 190, 184, 7, 188, 89, 94, 1, 133, 102, 116, 186, 58, 134, 75, 59, 192, 200, 120, 166, 34, 88, 39, 50, 198, 107, 65, 185, 144, 106, 28, 126, 142, 197, 96, 101, 48, 51, 187, 145, 140, 159, 110, 139, 131, 135, 175, 176, 179]项目工期为：307.0；项目成本为：203328.00000000012
染色体结构为:
[55, 76, 38, 83, 73, 11, 172, 136, 13, 81, 130, 19, 42, 8, 22, 80, 138, 173, 27, 149, 70, 53, 17, 167, 155, 194, 147, 10, 113, 56, 12, 66, 148, 199, 30, 108, 92, 82, 9, 62, 99, 25, 78, 178, 41, 15, 183, 121, 79, 57, 158, 33, 124, 163, 119, 40, 20, 29, 18, 5, 36, 34, 1, 85, 49, 26, 84, 14, 169, 87, 98, 31, 141, 152, 111, 32, 120, 45, 4, 64, 23, 35, 44, 88, 91, 90, 28, 100, 104, 59, 16, 2, 131, 137, 122, 65, 132, 143, 102, 116, 170, 157, 6, 7, 171, 21, 160, 189, 153, 46, 93, 146, 48, 150, 195, 61, 107, 164, 184, 186, 165, 177, 37, 69, 24, 123, 67, 161, 63, 154, 74, 97, 95, 114, 125, 174, 115, 196, 68, 117, 127, 86, 77, 112, 71, 118, 181, 168, 129, 109, 105, 103, 52, 60, 191, 43, 151, 162, 54, 47, 193, 3, 180, 182, 188, 128, 126, 72, 133, 166, 144, 134, 179, 50, 142, 106, 197, 96, 75, 39, 140, 58, 51, 156, 139, 176, 135, 159, 175, 89, 198, 101, 200, 190, 185, 94, 110, 187, 192, 145]项目工期为：453.0；项目成本为：157492.30000000002
染色体结构为:
[76, 55, 38, 83, 11, 73, 130, 136, 13, 81, 172, 19, 8, 22, 42, 173, 138, 149, 17, 80, 27, 167, 53, 70, 155, 147, 194, 10, 113, 56, 12, 66, 148, 108, 199, 30, 92, 9, 62, 82, 99, 178, 25, 78, 41, 15, 121, 79, 183, 57, 33, 158, 124, 163, 20, 40, 29, 18, 119, 5, 36, 85, 1, 49, 84, 34, 87, 26, 14, 31, 98, 169, 152, 141, 32, 120, 111, 4, 45, 44, 64, 35, 23, 90, 88, 28, 91, 100, 104, 59, 131, 16, 122, 65, 2, 137, 170, 102, 143, 132, 116, 7, 6, 157, 171, 160, 21, 153, 189, 46, 93, 146, 150, 61, 164, 48, 195, 107, 165, 184, 186, 177, 67, 69, 37, 24, 63, 123, 161, 154, 114, 74, 97, 125, 95, 68, 174, 115, 196, 77, 117, 127, 86, 118, 71, 129, 112, 168, 181, 109, 103, 105, 60, 52, 191, 162, 151, 43, 54, 47, 182, 193, 3, 128, 188, 180, 126, 72, 133, 166, 144, 134, 179, 50, 142, 106, 197, 96, 140, 75, 39, 51, 58, 156, 135, 139, 176, 159, 89, 198, 190, 101, 175, 185, 94, 200, 187, 110, 145, 192]项目工期为：538.0；项目成本为：145727.90000000002
染色体结构为:
[76, 73, 55, 38, 11, 83, 136, 130, 81, 13, 42, 19, 172, 8, 22, 173, 138, 149, 80, 27, 17, 70, 53, 167, 155, 147, 194, 113, 10, 148, 56, 12, 108, 66, 30, 199, 92, 9, 82, 62, 178, 25, 99, 15, 41, 79, 57, 121, 78, 183, 158, 124, 33, 20, 163, 119, 29, 40, 5, 18, 85, 84, 36, 34, 1, 49, 26, 87, 14, 31, 169, 98, 141, 32, 111, 152, 120, 45, 4, 44, 23, 35, 64, 88, 91, 28, 90, 104, 100, 16, 59, 131, 2, 65, 137, 122, 170, 143, 132, 102, 157, 116, 160, 6, 7, 21, 171, 189, 93, 153, 146, 46, 150, 48, 61, 195, 107, 164, 165, 184, 186, 69, 177, 24, 37, 67, 123, 161, 63, 154, 74, 97, 174, 114, 125, 95, 68, 115, 196, 77, 86, 127, 112, 117, 71, 118, 168, 129, 109, 105, 103, 181, 151, 191, 162, 60, 52, 43, 54, 3, 47, 180, 182, 193, 128, 190, 72, 188, 156, 89, 133, 94, 192, 58, 134, 200, 50, 166, 185, 75, 198, 106, 39, 142, 126, 144, 179, 197, 96, 51, 139, 176, 140, 159, 175, 135, 101, 145, 110, 187]项目工期为：364.0；项目成本为：180486.30000000002
染色体结构为:
[38, 55, 83, 13, 136, 73, 76, 11, 172, 130, 81, 19, 178, 37, 5, 57, 138, 24, 108, 195, 56, 165, 2, 164, 150, 171, 82, 67, 22, 157, 173, 8, 42, 80, 53, 70, 149, 27, 113, 17, 167, 155, 147, 194, 10, 148, 199, 12, 66, 9, 30, 92, 99, 62, 25, 121, 15, 79, 41, 78, 183, 158, 124, 33, 163, 20, 161, 63, 44, 40, 98, 97, 177, 74, 114, 125, 154, 123, 4, 111, 29, 174, 196, 95, 93, 68, 115, 18, 64, 146, 21, 16, 90, 127, 77, 137, 49, 117, 91, 36, 119, 85, 1, 34, 84, 26, 87, 14, 169, 141, 32, 120, 31, 45, 23, 50, 152, 86, 160, 103, 144, 100, 102, 43, 153, 181, 52, 39, 151, 189, 132, 101, 186, 72, 58, 47, 46, 168, 156, 3, 7, 200, 116, 96, 198, 28, 170, 128, 129, 191, 69, 180, 184, 105, 107, 61, 48, 6, 122, 185, 59, 35, 88, 109, 133, 104, 131, 197, 60, 134, 51, 112, 179, 89, 193, 166, 54, 143, 135, 71, 126, 65, 75, 182, 187, 110, 94, 190, 118, 175, 162, 159, 142, 192, 176, 139, 188, 106, 145, 140]项目工期为：293.0；项目成本为：215725.29999999996
染色体结构为:
[38, 55, 83, 136, 73, 76, 13, 11, 172, 130, 19, 81, 178, 37, 57, 5, 138, 108, 24, 56, 2, 195, 150, 165, 82, 164, 171, 67, 157, 22, 173, 42, 8, 53, 80, 70, 113, 149, 17, 167, 27, 147, 155, 194, 148, 12, 10, 199, 66, 9, 30, 92, 25, 62, 99, 15, 121, 41, 79, 78, 183, 158, 124, 33, 163, 20, 161, 63, 40, 44, 98, 177, 74, 97, 114, 125, 154, 123, 174, 111, 29, 4, 68, 196, 95, 93, 115, 64, 18, 146, 21, 16, 90, 137, 127, 77, 91, 49, 85, 119, 117, 36, 1, 34, 26, 84, 87, 14, 169, 32, 141, 120, 45, 31, 152, 23, 50, 144, 160, 86, 103, 102, 100, 43, 153, 181, 52, 189, 39, 151, 132, 101, 58, 47, 186, 72, 46, 3, 156, 168, 116, 7, 96, 200, 198, 28, 128, 170, 129, 69, 184, 191, 180, 107, 61, 122, 105, 48, 59, 6, 185, 35, 88, 109, 133, 104, 197, 131, 51, 60, 134, 89, 112, 193, 166, 143, 54, 179, 126, 135, 71, 182, 110, 65, 75, 187, 94, 118, 190, 175, 162, 159, 142, 176, 139, 106, 192, 188, 140, 145]项目工期为：304.0；项目成本为：204236.6
染色体结构为:
[76, 55, 83, 11, 130, 38, 73, 136, 172, 13, 19, 81, 8, 22, 42, 138, 173, 17, 80, 149, 27, 167, 53, 70, 147, 155, 194, 113, 10, 66, 56, 148, 108, 30, 12, 199, 92, 9, 82, 62, 178, 99, 25, 78, 41, 15, 79, 121, 183, 57, 33, 158, 20, 124, 40, 163, 29, 18, 119, 5, 36, 85, 49, 1, 84, 34, 87, 26, 14, 98, 31, 169, 141, 152, 32, 120, 4, 111, 45, 44, 64, 35, 90, 23, 88, 28, 91, 100, 104, 59, 16, 131, 65, 122, 2, 170, 137, 143, 132, 116, 102, 7, 6, 171, 157, 21, 160, 153, 93, 189, 46, 146, 164, 150, 48, 61, 195, 107, 184, 186, 165, 177, 69, 67, 37, 24, 63, 123, 161, 154, 114, 74, 125, 97, 95, 68, 115, 174, 77, 127, 196, 117, 86, 118, 129, 71, 181, 112, 168, 103, 109, 105, 60, 52, 191, 151, 43, 162, 54, 47, 3, 182, 193, 180, 128, 126, 188, 72, 133, 166, 144, 179, 134, 142, 50, 106, 197, 96, 140, 75, 39, 58, 51, 135, 156, 139, 176, 159, 89, 198, 101, 175, 190, 94, 185, 200, 187, 145, 110, 192]项目工期为：477.0；项目成本为：154443.09999999998
染色体结构为:
[55, 76, 38, 73, 11, 83, 136, 13, 130, 81, 172, 42, 19, 22, 8, 138, 173, 149, 80, 27, 70, 17, 53, 167, 155, 194, 147, 10, 113, 56, 148, 12, 108, 199, 66, 92, 9, 30, 62, 82, 178, 99, 25, 41, 78, 15, 79, 183, 121, 57, 158, 33, 124, 20, 119, 163, 40, 29, 5, 18, 85, 1, 84, 36, 34, 49, 26, 87, 169, 98, 14, 31, 141, 152, 32, 111, 120, 4, 45, 44, 23, 35, 64, 88, 104, 28, 91, 100, 90, 59, 16, 131, 2, 65, 122, 137, 170, 143, 132, 102, 157, 116, 6, 160, 7, 21, 171, 93, 153, 189, 146, 46, 48, 61, 150, 195, 107, 164, 184, 165, 186, 69, 177, 24, 37, 67, 123, 161, 63, 154, 97, 114, 74, 174, 125, 95, 115, 68, 77, 196, 86, 127, 112, 118, 117, 71, 129, 168, 109, 105, 103, 181, 151, 52, 191, 60, 43, 162, 54, 3, 47, 180, 182, 128, 193, 72, 190, 156, 188, 89, 192, 94, 133, 200, 58, 50, 134, 185, 198, 75, 166, 39, 126, 106, 142, 179, 144, 197, 96, 51, 139, 140, 176, 159, 175, 135, 145, 101, 110, 187]项目工期为：376.0；项目成本为：176464.70000000004
染色体结构为:
[55, 76, 38, 73, 83, 11, 136, 13, 130, 81, 172, 19, 42, 22, 8, 138, 173, 149, 80, 27, 70, 17, 53, 167, 155, 194, 10, 147, 113, 56, 148, 12, 108, 199, 66, 92, 30, 9, 62, 82, 178, 99, 25, 41, 78, 15, 79, 183, 121, 57, 158, 33, 124, 20, 119, 163, 40, 29, 5, 18, 85, 1, 84, 36, 34, 49, 26, 87, 169, 98, 14, 31, 141, 152, 32, 120, 111, 4, 45, 44, 23, 35, 64, 88, 104, 28, 91, 100, 90, 16, 59, 131, 2, 65, 137, 122, 170, 143, 132, 102, 157, 116, 6, 160, 21, 7, 171, 93, 153, 189, 146, 46, 48, 61, 150, 195, 164, 107, 184, 186, 165, 69, 177, 24, 37, 67, 123, 161, 63, 154, 97, 74, 114, 174, 125, 95, 115, 68, 77, 196, 86, 127, 112, 118, 117, 71, 129, 168, 109, 105, 103, 181, 151, 52, 191, 60, 43, 54, 162, 3, 47, 180, 182, 128, 193, 72, 190, 156, 188, 89, 192, 133, 94, 200, 58, 50, 134, 185, 198, 75, 166, 39, 126, 142, 106, 179, 144, 197, 96, 51, 139, 140, 176, 159, 135, 175, 101, 110, 145, 187]项目工期为：375.0；项目成本为：176935.10000000003
染色体结构为:
[55, 76, 38, 11, 83, 73, 130, 81, 13, 136, 172, 22, 19, 8, 42, 173, 138, 149, 80, 17, 27, 167, 70, 53, 155, 194, 147, 113, 56, 10, 66, 12, 148, 108, 199, 9, 92, 62, 30, 99, 82, 178, 25, 41, 15, 78, 79, 121, 183, 57, 33, 124, 163, 20, 158, 40, 29, 18, 119, 5, 85, 36, 49, 1, 84, 34, 87, 14, 26, 31, 169, 98, 152, 32, 141, 120, 111, 45, 4, 64, 35, 44, 90, 23, 88, 91, 28, 100, 59, 104, 131, 16, 122, 65, 2, 137, 102, 170, 132, 116, 143, 7, 157, 6, 171, 160, 21, 153, 189, 46, 93, 146, 61, 150, 164, 48, 195, 107, 165, 184, 177, 69, 186, 37, 67, 24, 63, 123, 161, 154, 114, 97, 125, 95, 74, 68, 174, 115, 77, 196, 86, 117, 118, 127, 129, 71, 112, 168, 181, 109, 103, 105, 52, 60, 191, 162, 151, 43, 54, 47, 193, 182, 3, 128, 188, 126, 180, 133, 72, 166, 144, 134, 179, 106, 50, 142, 197, 96, 75, 140, 58, 39, 51, 156, 139, 135, 176, 175, 159, 89, 198, 190, 101, 94, 200, 185, 187, 145, 110, 192]项目工期为：584.0；项目成本为：141472.10000000003
染色体结构为:
[55, 83, 76, 38, 73, 11, 130, 136, 172, 13, 81, 8, 19, 42, 138, 22, 173, 17, 149, 80, 27, 70, 53, 167, 155, 10, 147, 194, 56, 113, 12, 66, 148, 108, 30, 199, 92, 9, 62, 82, 99, 25, 78, 178, 41, 15, 121, 183, 79, 57, 124, 33, 158, 20, 163, 40, 29, 18, 119, 5, 36, 85, 1, 84, 34, 49, 87, 26, 169, 14, 31, 141, 98, 152, 32, 120, 111, 4, 45, 44, 64, 35, 23, 90, 88, 28, 91, 100, 104, 59, 16, 131, 122, 65, 2, 170, 137, 143, 102, 132, 7, 116, 6, 157, 171, 21, 160, 153, 189, 46, 93, 146, 150, 61, 164, 195, 48, 107, 165, 184, 186, 177, 69, 67, 37, 24, 161, 123, 63, 154, 114, 74, 97, 125, 68, 95, 115, 77, 196, 174, 127, 86, 117, 118, 71, 129, 181, 168, 112, 109, 105, 103, 60, 52, 191, 151, 162, 54, 43, 47, 3, 182, 193, 180, 128, 126, 72, 188, 133, 166, 134, 144, 179, 50, 142, 197, 106, 140, 96, 75, 39, 58, 51, 156, 135, 139, 176, 159, 89, 198, 175, 190, 101, 94, 185, 200, 187, 110, 145, 192]项目工期为：502.0；项目成本为：149066.80000000002
染色体结构为:
[55, 76, 38, 83, 73, 11, 13, 130, 136, 172, 19, 81, 42, 8, 22, 173, 138, 149, 80, 17, 27, 53, 167, 147, 70, 155, 194, 113, 10, 12, 56, 66, 108, 148, 199, 30, 92, 62, 82, 9, 99, 25, 178, 78, 79, 15, 41, 121, 57, 183, 33, 158, 124, 163, 20, 40, 29, 18, 119, 36, 1, 5, 85, 34, 84, 87, 49, 26, 14, 169, 31, 152, 98, 141, 32, 120, 111, 45, 44, 64, 4, 35, 23, 88, 90, 28, 91, 104, 100, 16, 59, 131, 2, 122, 65, 170, 137, 102, 132, 143, 116, 7, 171, 6, 21, 157, 160, 153, 189, 46, 93, 146, 61, 150, 164, 195, 48, 107, 165, 186, 184, 177, 69, 67, 37, 24, 63, 161, 123, 154, 114, 74, 97, 125, 95, 68, 174, 115, 77, 127, 117, 196, 86, 118, 71, 129, 181, 112, 109, 103, 168, 105, 60, 191, 52, 162, 43, 151, 3, 54, 47, 182, 193, 180, 128, 188, 126, 72, 133, 144, 166, 179, 134, 50, 142, 197, 106, 96, 140, 39, 75, 51, 58, 156, 135, 139, 176, 159, 89, 198, 175, 101, 185, 190, 200, 94, 192, 187, 145, 110]项目工期为：587.0；项目成本为：141260.5
染色体结构为:
[76, 55, 83, 38, 11, 73, 130, 13, 136, 81, 172, 19, 8, 42, 138, 149, 22, 173, 27, 80, 17, 70, 53, 147, 167, 155, 194, 113, 10, 148, 12, 56, 108, 199, 66, 30, 92, 9, 82, 178, 62, 25, 15, 99, 41, 78, 121, 79, 57, 183, 158, 124, 20, 33, 163, 119, 5, 40, 29, 18, 1, 85, 36, 84, 34, 49, 169, 26, 87, 98, 14, 141, 31, 32, 111, 152, 45, 120, 64, 23, 4, 44, 88, 35, 28, 90, 91, 100, 104, 59, 16, 131, 2, 122, 143, 65, 137, 132, 170, 102, 157, 116, 6, 7, 171, 160, 189, 21, 93, 153, 46, 146, 48, 61, 150, 107, 164, 186, 195, 165, 184, 177, 69, 37, 123, 24, 67, 161, 154, 63, 74, 114, 125, 97, 174, 95, 196, 115, 68, 127, 86, 117, 77, 118, 112, 71, 129, 109, 168, 105, 103, 60, 181, 151, 162, 52, 191, 47, 43, 182, 54, 180, 3, 193, 72, 128, 190, 188, 89, 156, 94, 133, 192, 58, 50, 134, 75, 200, 185, 166, 106, 126, 142, 198, 39, 179, 51, 144, 197, 96, 139, 140, 159, 135, 175, 176, 110, 145, 101, 187]项目工期为：447.0；项目成本为：157948.4000000001
染色体结构为:
[55, 38, 76, 73, 83, 11, 130, 172, 136, 13, 19, 81, 42, 8, 22, 173, 80, 138, 27, 149, 70, 17, 53, 167, 155, 194, 10, 147, 113, 56, 12, 66, 148, 199, 108, 30, 92, 9, 82, 62, 25, 99, 178, 78, 41, 15, 183, 121, 79, 57, 158, 33, 124, 163, 119, 40, 29, 20, 18, 5, 1, 36, 34, 85, 49, 26, 84, 14, 169, 98, 87, 141, 31, 152, 111, 32, 120, 45, 4, 64, 23, 35, 44, 88, 91, 100, 90, 28, 104, 59, 16, 131, 122, 2, 137, 65, 132, 143, 102, 170, 116, 157, 6, 7, 171, 21, 160, 189, 93, 153, 46, 146, 48, 150, 195, 107, 61, 164, 184, 186, 165, 177, 69, 37, 24, 123, 67, 161, 63, 154, 74, 97, 95, 114, 125, 174, 115, 196, 68, 117, 127, 86, 77, 112, 71, 118, 129, 168, 109, 105, 103, 60, 181, 151, 191, 162, 52, 47, 43, 54, 3, 182, 180, 72, 193, 128, 188, 190, 89, 94, 156, 133, 192, 50, 58, 134, 200, 75, 166, 106, 185, 126, 198, 39, 179, 144, 197, 142, 51, 96, 139, 176, 140, 135, 159, 175, 101, 110, 187, 145]项目工期为：412.0；项目成本为：167845.1
染色体结构为:
[55, 38, 83, 76, 11, 130, 172, 73, 13, 42, 136, 19, 81, 37, 178, 5, 57, 108, 138, 24, 195, 150, 56, 165, 2, 164, 171, 22, 82, 67, 173, 157, 8, 53, 70, 80, 149, 113, 27, 17, 147, 167, 194, 155, 148, 10, 199, 66, 12, 9, 30, 62, 99, 92, 25, 121, 15, 41, 183, 79, 78, 124, 33, 158, 20, 163, 40, 161, 63, 44, 74, 177, 97, 98, 114, 154, 123, 125, 111, 174, 4, 196, 29, 95, 68, 93, 64, 115, 146, 18, 16, 90, 21, 127, 137, 49, 77, 91, 117, 85, 36, 119, 1, 34, 84, 26, 87, 169, 32, 14, 120, 141, 31, 23, 152, 45, 50, 160, 144, 86, 103, 102, 100, 52, 43, 153, 181, 151, 39, 189, 186, 132, 58, 101, 72, 46, 168, 47, 156, 3, 7, 200, 96, 116, 170, 198, 28, 128, 191, 129, 184, 69, 107, 180, 61, 105, 122, 48, 6, 59, 185, 35, 88, 133, 109, 104, 197, 60, 131, 134, 51, 112, 179, 89, 193, 166, 143, 54, 126, 135, 71, 182, 65, 110, 75, 187, 118, 175, 94, 190, 142, 162, 159, 176, 139, 106, 192, 140, 188, 145]项目工期为：299.0；项目成本为：206789.89999999997
染色体结构为:
[55, 83, 76, 73, 130, 38, 11, 136, 172, 81, 42, 13, 8, 19, 22, 173, 138, 149, 17, 80, 167, 27, 70, 53, 147, 155, 194, 10, 56, 12, 113, 148, 66, 108, 199, 30, 92, 62, 9, 82, 99, 178, 78, 25, 15, 41, 79, 57, 121, 124, 183, 33, 158, 20, 163, 40, 29, 119, 18, 5, 36, 85, 84, 34, 49, 1, 87, 26, 14, 169, 141, 98, 31, 152, 32, 120, 111, 4, 45, 44, 23, 64, 35, 90, 88, 28, 91, 100, 59, 16, 104, 131, 122, 65, 2, 170, 137, 102, 143, 132, 116, 7, 6, 157, 21, 171, 160, 189, 153, 93, 46, 146, 150, 164, 195, 61, 48, 107, 165, 184, 186, 177, 69, 67, 24, 37, 63, 123, 161, 154, 114, 97, 74, 95, 125, 68, 174, 115, 77, 127, 196, 117, 86, 118, 181, 71, 168, 129, 112, 105, 109, 103, 60, 52, 191, 151, 43, 162, 47, 54, 182, 3, 193, 180, 128, 188, 126, 72, 133, 166, 144, 134, 179, 50, 142, 106, 197, 96, 75, 140, 39, 58, 51, 156, 139, 176, 135, 159, 175, 89, 190, 198, 101, 94, 185, 200, 187, 110, 192, 145]项目工期为：480.0；项目成本为：153494.50000000003
染色体结构为:
[55, 38, 83, 136, 13, 73, 76, 172, 130, 11, 19, 37, 81, 178, 5, 108, 57, 24, 150, 138, 56, 195, 165, 164, 2, 171, 82, 157, 22, 67, 53, 173, 42, 70, 8, 80, 149, 27, 113, 17, 167, 147, 148, 194, 155, 12, 10, 199, 66, 9, 92, 62, 30, 99, 25, 15, 121, 41, 79, 183, 124, 158, 33, 161, 78, 20, 40, 163, 74, 63, 44, 177, 98, 114, 97, 125, 154, 123, 111, 174, 4, 29, 95, 68, 196, 93, 115, 21, 64, 146, 77, 18, 137, 16, 127, 90, 117, 91, 85, 49, 119, 36, 34, 84, 1, 26, 87, 169, 14, 141, 32, 120, 31, 45, 23, 152, 50, 86, 160, 144, 103, 102, 52, 100, 43, 153, 39, 151, 181, 189, 132, 58, 186, 101, 72, 168, 47, 7, 46, 3, 156, 200, 116, 96, 198, 28, 170, 128, 129, 191, 184, 69, 107, 180, 105, 122, 61, 48, 6, 59, 185, 35, 88, 133, 104, 197, 109, 60, 131, 134, 51, 112, 179, 166, 193, 89, 54, 143, 135, 71, 65, 126, 182, 75, 187, 94, 110, 190, 162, 175, 159, 118, 176, 142, 192, 106, 188, 139, 145, 140]项目工期为：279.0；项目成本为：229974.0
染色体结构为:
[55, 83, 38, 136, 76, 13, 73, 11, 172, 130, 37, 81, 19, 178, 5, 138, 57, 108, 24, 165, 56, 195, 22, 2, 173, 42, 8, 80, 17, 27, 149, 167, 53, 70, 147, 155, 194, 113, 148, 10, 12, 30, 66, 199, 92, 9, 62, 99, 25, 82, 41, 121, 78, 15, 183, 124, 79, 20, 33, 163, 119, 158, 29, 40, 18, 36, 49, 1, 85, 26, 84, 34, 87, 169, 14, 98, 31, 141, 152, 111, 32, 120, 44, 45, 88, 4, 23, 64, 91, 35, 28, 90, 16, 100, 104, 59, 131, 122, 137, 65, 143, 170, 132, 102, 157, 116, 6, 7, 171, 160, 21, 46, 189, 93, 153, 146, 150, 48, 61, 107, 164, 184, 69, 186, 177, 123, 63, 161, 67, 154, 125, 74, 97, 114, 95, 174, 68, 115, 196, 127, 77, 112, 117, 118, 86, 71, 129, 168, 109, 105, 103, 181, 60, 191, 151, 162, 43, 3, 52, 47, 54, 180, 182, 72, 193, 128, 190, 188, 156, 89, 133, 94, 192, 200, 50, 58, 75, 185, 134, 166, 126, 106, 39, 198, 179, 142, 197, 144, 139, 96, 51, 140, 176, 175, 135, 159, 101, 145, 110, 187]项目工期为：332.0；项目成本为：193553.3
染色体结构为:
[55, 76, 38, 11, 73, 83, 136, 13, 130, 81, 172, 42, 19, 22, 8, 138, 173, 149, 27, 80, 70, 17, 53, 167, 155, 194, 147, 10, 113, 56, 148, 12, 108, 199, 66, 92, 9, 30, 62, 82, 178, 99, 25, 41, 78, 15, 183, 79, 121, 57, 158, 33, 124, 20, 119, 163, 40, 29, 5, 18, 85, 1, 84, 36, 34, 49, 26, 87, 169, 98, 14, 31, 141, 152, 32, 111, 120, 4, 45, 23, 44, 35, 64, 88, 104, 28, 91, 100, 90, 59, 16, 131, 65, 122, 2, 137, 170, 143, 132, 102, 157, 116, 6, 160, 21, 7, 93, 171, 153, 189, 146, 46, 48, 61, 150, 195, 107, 164, 184, 165, 186, 69, 24, 177, 37, 67, 123, 161, 63, 154, 97, 114, 74, 174, 125, 95, 115, 68, 77, 196, 86, 127, 112, 118, 117, 71, 129, 168, 109, 105, 103, 181, 151, 52, 191, 60, 43, 162, 54, 3, 47, 180, 182, 128, 193, 72, 190, 156, 188, 89, 94, 133, 192, 58, 200, 50, 134, 185, 198, 75, 166, 126, 39, 106, 142, 179, 144, 197, 96, 51, 139, 140, 176, 159, 175, 135, 145, 101, 110, 187]项目工期为：358.0；项目成本为：181716.80000000002
染色体结构为:
[38, 55, 83, 76, 73, 11, 130, 172, 136, 13, 42, 81, 22, 8, 19, 138, 149, 173, 17, 80, 27, 53, 70, 167, 147, 155, 113, 194, 12, 10, 56, 66, 108, 199, 148, 62, 30, 92, 82, 9, 178, 99, 25, 78, 79, 15, 41, 121, 33, 183, 57, 158, 163, 124, 40, 20, 29, 18, 119, 36, 5, 1, 84, 34, 85, 87, 26, 14, 49, 169, 31, 152, 141, 98, 32, 111, 120, 45, 4, 44, 23, 64, 35, 90, 88, 28, 91, 104, 100, 16, 59, 131, 2, 122, 137, 170, 65, 102, 132, 143, 116, 171, 7, 21, 6, 157, 160, 153, 189, 46, 93, 61, 150, 146, 164, 48, 195, 107, 165, 184, 186, 177, 69, 67, 24, 37, 63, 161, 123, 154, 114, 97, 74, 125, 95, 68, 174, 127, 115, 77, 117, 196, 86, 118, 71, 129, 181, 112, 109, 103, 168, 105, 52, 60, 191, 162, 151, 43, 3, 47, 54, 182, 193, 180, 128, 126, 72, 188, 133, 166, 144, 179, 134, 50, 142, 197, 96, 106, 140, 39, 51, 75, 58, 156, 139, 176, 135, 89, 159, 198, 101, 175, 190, 94, 185, 187, 200, 110, 145, 192]项目工期为：525.0；项目成本为：146900.90000000005
染色体结构为:
[55, 83, 38, 136, 76, 13, 172, 73, 130, 11, 37, 81, 178, 19, 5, 138, 57, 108, 56, 24, 165, 195, 2, 22, 42, 173, 8, 80, 27, 17, 149, 53, 167, 70, 147, 155, 194, 148, 113, 10, 12, 66, 30, 199, 92, 9, 62, 82, 25, 99, 41, 15, 78, 183, 121, 79, 33, 20, 124, 119, 163, 29, 158, 40, 1, 36, 18, 85, 84, 49, 26, 34, 169, 87, 14, 98, 141, 31, 152, 111, 32, 120, 44, 45, 88, 4, 23, 64, 35, 91, 28, 90, 16, 100, 104, 131, 59, 122, 137, 65, 170, 143, 102, 132, 157, 116, 6, 7, 21, 171, 160, 46, 93, 189, 153, 146, 150, 61, 48, 186, 107, 164, 69, 184, 177, 123, 63, 161, 67, 154, 74, 125, 97, 114, 95, 174, 68, 115, 196, 127, 77, 117, 112, 118, 86, 71, 168, 129, 109, 105, 103, 60, 191, 181, 151, 43, 162, 52, 47, 3, 54, 180, 72, 182, 128, 193, 190, 156, 188, 89, 192, 133, 94, 200, 50, 58, 75, 185, 134, 166, 106, 126, 39, 179, 198, 142, 144, 197, 139, 51, 96, 140, 176, 135, 175, 159, 101, 110, 145, 187]项目工期为：344.0；项目成本为：183508.8000000001
染色体结构为:
[55, 38, 76, 73, 11, 83, 130, 172, 136, 13, 19, 81, 42, 8, 22, 173, 80, 138, 27, 149, 17, 70, 53, 167, 155, 194, 10, 147, 113, 56, 12, 66, 148, 199, 108, 30, 92, 9, 82, 62, 25, 99, 178, 78, 41, 15, 183, 121, 79, 57, 158, 33, 124, 163, 119, 40, 29, 20, 18, 5, 1, 36, 85, 34, 49, 26, 84, 14, 98, 169, 87, 141, 31, 152, 111, 32, 120, 45, 4, 64, 23, 35, 88, 44, 91, 100, 90, 28, 59, 104, 16, 131, 122, 2, 137, 65, 143, 132, 102, 170, 116, 157, 6, 7, 21, 171, 189, 160, 93, 153, 46, 146, 48, 150, 107, 195, 61, 164, 184, 186, 165, 177, 69, 37, 24, 123, 67, 161, 63, 154, 74, 97, 95, 114, 125, 174, 115, 196, 68, 117, 127, 86, 77, 71, 112, 118, 129, 168, 109, 105, 103, 60, 181, 151, 191, 162, 52, 47, 43, 54, 3, 182, 72, 180, 193, 128, 188, 190, 89, 94, 156, 133, 50, 192, 58, 134, 200, 75, 166, 106, 185, 198, 126, 179, 39, 144, 197, 142, 51, 139, 96, 176, 140, 135, 159, 175, 101, 187, 110, 145]项目工期为：404.0；项目成本为：170689.30000000002
染色体结构为:
[76, 83, 55, 38, 11, 130, 73, 13, 136, 81, 172, 19, 8, 42, 138, 149, 22, 173, 27, 80, 17, 70, 147, 53, 167, 155, 194, 113, 10, 148, 12, 56, 108, 199, 66, 30, 92, 9, 82, 178, 62, 15, 25, 99, 41, 121, 78, 79, 57, 183, 158, 124, 20, 33, 163, 119, 5, 40, 29, 18, 1, 36, 85, 84, 34, 49, 169, 26, 87, 98, 14, 141, 31, 32, 111, 152, 45, 120, 64, 23, 4, 44, 88, 35, 28, 90, 91, 100, 104, 59, 16, 131, 2, 122, 143, 65, 137, 132, 170, 102, 157, 116, 6, 7, 171, 160, 189, 21, 93, 153, 46, 146, 61, 48, 150, 107, 164, 186, 195, 165, 184, 177, 69, 37, 123, 24, 67, 161, 154, 63, 74, 114, 125, 97, 174, 95, 196, 115, 68, 127, 86, 117, 77, 118, 112, 71, 129, 109, 168, 105, 103, 60, 181, 151, 162, 52, 191, 47, 43, 182, 54, 180, 3, 193, 72, 128, 190, 188, 89, 156, 94, 133, 192, 58, 50, 134, 75, 200, 185, 166, 106, 126, 142, 198, 39, 179, 51, 144, 197, 139, 96, 159, 140, 135, 175, 176, 110, 101, 145, 187]项目工期为：452.0；项目成本为：157646.90000000008
染色体结构为:
[38, 55, 76, 83, 73, 11, 130, 136, 172, 13, 81, 19, 42, 8, 22, 173, 80, 138, 149, 27, 17, 70, 53, 155, 167, 147, 194, 10, 56, 113, 12, 66, 148, 199, 108, 30, 92, 9, 82, 62, 99, 25, 78, 41, 178, 183, 79, 15, 121, 57, 158, 33, 124, 163, 119, 40, 29, 18, 5, 20, 34, 1, 36, 85, 49, 84, 169, 26, 14, 87, 141, 98, 31, 152, 111, 120, 32, 45, 4, 23, 64, 35, 44, 91, 90, 88, 100, 104, 59, 28, 131, 122, 16, 2, 137, 132, 143, 65, 102, 170, 116, 157, 7, 6, 171, 21, 189, 93, 160, 153, 46, 48, 146, 150, 195, 107, 61, 164, 184, 186, 69, 165, 177, 37, 24, 67, 123, 63, 161, 74, 154, 97, 95, 114, 125, 174, 115, 196, 68, 117, 127, 86, 77, 71, 112, 129, 118, 105, 168, 109, 103, 181, 60, 151, 191, 52, 162, 43, 47, 54, 3, 193, 126, 182, 180, 128, 188, 133, 72, 144, 166, 179, 50, 142, 134, 197, 106, 96, 75, 140, 39, 58, 156, 51, 135, 176, 139, 159, 89, 175, 198, 190, 185, 101, 94, 187, 110, 200, 145, 192]项目工期为：470.0；项目成本为：155098.69999999998
染色体结构为:
[55, 76, 38, 11, 83, 73, 81, 130, 13, 136, 172, 22, 42, 19, 8, 173, 138, 80, 149, 17, 27, 167, 70, 155, 53, 194, 113, 147, 56, 10, 66, 12, 148, 108, 199, 9, 92, 62, 30, 82, 25, 99, 178, 41, 78, 15, 79, 121, 183, 57, 33, 124, 163, 20, 158, 40, 29, 18, 119, 5, 36, 85, 49, 1, 84, 34, 87, 14, 26, 31, 98, 169, 152, 141, 32, 120, 111, 4, 45, 35, 64, 44, 90, 23, 91, 88, 28, 100, 59, 104, 16, 131, 122, 65, 137, 2, 102, 170, 143, 132, 116, 7, 157, 6, 171, 160, 153, 21, 189, 46, 93, 146, 150, 61, 164, 48, 195, 107, 165, 177, 184, 69, 186, 37, 67, 24, 63, 123, 161, 114, 154, 125, 97, 95, 74, 68, 174, 115, 196, 77, 86, 117, 118, 127, 129, 71, 112, 168, 181, 109, 103, 105, 52, 191, 162, 151, 60, 43, 54, 47, 193, 182, 3, 128, 188, 126, 180, 133, 72, 166, 144, 134, 179, 50, 106, 142, 197, 96, 75, 140, 58, 39, 51, 156, 139, 135, 176, 159, 175, 89, 198, 190, 101, 200, 94, 187, 145, 185, 110, 192]项目工期为：510.0；项目成本为：148169.70000000004
染色体结构为:
[55, 76, 11, 83, 38, 73, 130, 136, 13, 172, 19, 8, 81, 22, 42, 138, 173, 17, 80, 149, 27, 167, 53, 70, 147, 155, 194, 113, 10, 66, 56, 148, 30, 108, 12, 199, 92, 9, 82, 62, 178, 99, 25, 41, 78, 79, 15, 121, 183, 57, 33, 158, 20, 124, 40, 163, 29, 18, 5, 119, 85, 36, 1, 49, 84, 87, 34, 26, 14, 98, 31, 169, 141, 152, 32, 120, 4, 111, 44, 45, 64, 35, 90, 23, 88, 28, 91, 100, 104, 59, 16, 131, 65, 122, 170, 137, 143, 2, 132, 102, 116, 6, 7, 171, 157, 21, 153, 160, 93, 46, 189, 146, 164, 150, 48, 61, 107, 195, 184, 186, 165, 69, 177, 67, 63, 37, 24, 123, 161, 114, 125, 154, 97, 74, 95, 115, 68, 174, 127, 196, 77, 86, 117, 118, 129, 71, 181, 112, 103, 168, 109, 105, 52, 60, 191, 151, 43, 162, 54, 3, 47, 182, 193, 180, 128, 126, 188, 72, 133, 166, 144, 134, 179, 142, 106, 50, 197, 140, 96, 75, 58, 39, 51, 135, 156, 139, 176, 159, 198, 89, 175, 101, 190, 94, 185, 200, 187, 110, 145, 192]项目工期为：457.0；项目成本为：157431.9
染色体结构为:
[76, 55, 83, 38, 11, 73, 130, 13, 136, 81, 172, 19, 8, 42, 138, 149, 173, 22, 27, 80, 17, 70, 53, 147, 167, 155, 194, 113, 10, 148, 12, 56, 108, 199, 30, 66, 92, 9, 82, 178, 62, 25, 15, 99, 41, 78, 121, 79, 57, 183, 158, 124, 33, 20, 163, 119, 5, 40, 29, 18, 1, 85, 36, 84, 34, 49, 169, 26, 87, 98, 14, 141, 31, 32, 111, 152, 45, 120, 23, 4, 64, 44, 88, 35, 28, 90, 91, 100, 104, 59, 16, 131, 2, 122, 143, 65, 132, 137, 170, 102, 157, 116, 6, 7, 171, 160, 21, 189, 93, 153, 46, 146, 48, 61, 150, 107, 164, 186, 195, 165, 184, 177, 69, 37, 123, 24, 161, 67, 154, 63, 74, 114, 125, 97, 174, 95, 196, 115, 68, 86, 127, 117, 77, 112, 118, 129, 71, 109, 168, 105, 103, 60, 181, 162, 151, 52, 191, 47, 43, 182, 54, 180, 3, 193, 72, 128, 190, 188, 89, 156, 94, 133, 192, 58, 134, 50, 75, 200, 185, 166, 106, 126, 142, 198, 39, 179, 51, 144, 197, 96, 139, 140, 159, 135, 175, 176, 110, 145, 101, 187]项目工期为：413.0；项目成本为：165751.0000000001
染色体结构为:
[55, 38, 76, 83, 73, 172, 11, 136, 81, 13, 130, 19, 42, 8, 22, 80, 138, 27, 173, 149, 70, 17, 167, 53, 155, 194, 147, 10, 113, 56, 12, 66, 199, 148, 30, 92, 108, 82, 9, 62, 99, 25, 78, 41, 178, 15, 183, 121, 79, 57, 33, 158, 124, 163, 119, 40, 20, 29, 18, 36, 5, 34, 1, 49, 85, 26, 84, 14, 87, 169, 98, 31, 141, 152, 111, 120, 45, 32, 4, 64, 35, 23, 44, 88, 90, 91, 28, 100, 104, 16, 59, 2, 131, 122, 137, 65, 132, 143, 102, 116, 170, 157, 6, 7, 171, 160, 21, 189, 153, 93, 46, 146, 150, 48, 61, 195, 107, 164, 184, 186, 37, 177, 165, 69, 123, 24, 67, 161, 63, 154, 74, 95, 97, 114, 125, 174, 115, 196, 117, 68, 86, 127, 77, 112, 118, 71, 181, 109, 129, 168, 105, 103, 52, 60, 191, 151, 43, 54, 162, 47, 193, 3, 180, 182, 188, 128, 126, 72, 133, 166, 144, 134, 179, 50, 142, 106, 197, 96, 75, 39, 140, 58, 51, 156, 139, 176, 135, 175, 159, 89, 198, 200, 190, 101, 185, 94, 110, 187, 192, 145]项目工期为：424.0；项目成本为：163702.80000000002
染色体结构为:
[38, 55, 13, 83, 76, 136, 73, 11, 172, 130, 81, 19, 178, 37, 5, 57, 138, 24, 195, 108, 56, 2, 164, 165, 171, 150, 82, 67, 22, 8, 157, 173, 42, 80, 53, 70, 149, 113, 27, 17, 155, 147, 167, 10, 194, 148, 199, 66, 12, 9, 30, 92, 62, 99, 25, 15, 121, 79, 78, 183, 41, 158, 124, 163, 33, 20, 161, 63, 44, 40, 98, 177, 97, 74, 114, 125, 154, 123, 111, 4, 29, 174, 196, 95, 93, 68, 115, 146, 18, 64, 16, 21, 90, 77, 127, 49, 137, 117, 91, 36, 119, 85, 34, 84, 1, 26, 87, 14, 32, 169, 141, 120, 31, 23, 45, 50, 86, 152, 160, 103, 144, 100, 102, 43, 181, 153, 52, 39, 151, 189, 132, 101, 186, 72, 58, 46, 47, 168, 156, 3, 7, 200, 96, 116, 28, 198, 170, 129, 128, 69, 191, 180, 105, 184, 107, 61, 48, 122, 6, 59, 35, 109, 185, 88, 133, 104, 131, 197, 60, 51, 134, 112, 89, 179, 193, 54, 166, 135, 143, 71, 126, 65, 75, 182, 187, 110, 94, 118, 190, 175, 159, 162, 192, 142, 139, 188, 176, 106, 140, 145]项目工期为：281.0；项目成本为：224333.69999999995
染色体结构为:
[55, 76, 83, 38, 11, 73, 130, 173, 172, 81, 136, 13, 19, 42, 138, 22, 80, 167, 27, 8, 70, 149, 53, 17, 194, 155, 113, 147, 10, 12, 148, 56, 66, 199, 30, 82, 9, 92, 108, 62, 99, 178, 41, 25, 15, 78, 121, 79, 183, 57, 158, 124, 33, 163, 20, 5, 40, 85, 119, 29, 1, 36, 18, 34, 84, 87, 14, 49, 32, 26, 169, 141, 98, 152, 31, 120, 45, 4, 111, 64, 44, 23, 35, 104, 88, 91, 59, 28, 90, 100, 65, 16, 131, 143, 2, 122, 170, 132, 102, 137, 116, 171, 157, 6, 7, 160, 93, 21, 146, 189, 195, 150, 153, 61, 46, 107, 164, 165, 48, 186, 123, 184, 69, 177, 67, 127, 126, 151, 144, 191, 47, 128, 133, 60, 134, 24, 182, 71, 109, 179, 166, 50, 142, 125, 43, 154, 117, 72, 197, 106, 75, 162, 96, 68, 105, 54, 37, 115, 168, 97, 181, 39, 140, 77, 139, 51, 114, 63, 196, 74, 95, 161, 118, 174, 86, 112, 129, 52, 103, 180, 190, 3, 188, 193, 156, 89, 94, 58, 192, 185, 200, 198, 176, 175, 135, 159, 145, 187, 101, 110]项目工期为：298.0；项目成本为：210079.30000000013
染色体结构为:
[55, 38, 76, 83, 11, 73, 130, 13, 81, 136, 172, 22, 19, 8, 42, 173, 149, 138, 80, 17, 167, 27, 155, 70, 53, 194, 147, 113, 56, 66, 10, 12, 108, 148, 199, 92, 9, 62, 30, 99, 82, 178, 25, 41, 78, 79, 15, 183, 121, 33, 57, 124, 163, 158, 20, 40, 18, 29, 119, 5, 85, 36, 49, 84, 1, 34, 87, 14, 26, 31, 169, 98, 32, 141, 152, 120, 111, 4, 45, 64, 35, 23, 44, 88, 90, 100, 91, 28, 59, 104, 131, 122, 16, 65, 2, 137, 102, 170, 132, 116, 143, 7, 6, 160, 157, 21, 171, 46, 153, 189, 146, 93, 61, 150, 48, 164, 195, 107, 165, 184, 69, 177, 37, 186, 67, 24, 63, 123, 161, 154, 114, 125, 97, 74, 95, 174, 68, 115, 86, 77, 196, 117, 118, 129, 127, 112, 168, 181, 71, 103, 109, 105, 52, 191, 60, 162, 151, 43, 47, 54, 3, 193, 182, 188, 128, 126, 133, 180, 72, 166, 144, 106, 134, 179, 50, 96, 142, 197, 58, 140, 39, 75, 156, 51, 135, 139, 176, 175, 89, 159, 190, 198, 101, 200, 94, 185, 145, 187, 192, 110]项目工期为：550.0；项目成本为：143034.90000000002
染色体结构为:
[55, 83, 38, 76, 11, 73, 130, 81, 13, 136, 22, 172, 19, 8, 138, 42, 173, 149, 80, 17, 27, 167, 53, 70, 155, 194, 147, 113, 56, 10, 12, 148, 66, 108, 9, 199, 92, 62, 30, 99, 82, 25, 178, 41, 15, 78, 79, 121, 183, 33, 124, 163, 57, 20, 40, 158, 18, 29, 5, 119, 36, 85, 49, 1, 84, 34, 14, 87, 26, 31, 98, 169, 152, 32, 141, 111, 45, 120, 4, 64, 35, 44, 90, 88, 23, 91, 28, 100, 59, 104, 131, 16, 122, 65, 2, 137, 170, 102, 132, 116, 143, 7, 157, 6, 171, 160, 21, 153, 46, 93, 189, 146, 61, 150, 164, 48, 195, 107, 165, 184, 177, 69, 37, 186, 67, 24, 63, 123, 154, 161, 97, 114, 125, 74, 95, 68, 174, 115, 77, 86, 196, 117, 127, 118, 129, 71, 112, 181, 168, 109, 105, 103, 52, 60, 191, 162, 151, 54, 43, 47, 193, 182, 3, 128, 188, 126, 180, 133, 72, 166, 144, 134, 179, 106, 50, 142, 197, 75, 96, 140, 58, 39, 51, 156, 139, 176, 135, 175, 159, 198, 89, 190, 101, 94, 200, 185, 145, 187, 110, 192]项目工期为：540.0；项目成本为：145243.00000000003
染色体结构为:
[55, 76, 83, 73, 38, 11, 172, 13, 130, 81, 136, 22, 19, 42, 80, 138, 173, 17, 8, 149, 27, 70, 155, 147, 167, 53, 10, 56, 113, 194, 148, 66, 12, 30, 108, 92, 9, 62, 199, 82, 99, 178, 25, 78, 41, 15, 121, 183, 79, 57, 33, 124, 158, 163, 20, 40, 119, 18, 5, 29, 36, 85, 84, 34, 49, 87, 1, 169, 26, 14, 141, 98, 31, 152, 120, 111, 32, 4, 45, 44, 64, 23, 90, 35, 88, 28, 91, 100, 16, 59, 104, 122, 131, 65, 170, 2, 137, 102, 143, 132, 116, 7, 6, 157, 171, 21, 160, 189, 46, 153, 146, 93, 150, 61, 164, 48, 195, 107, 165, 184, 177, 69, 186, 67, 37, 24, 63, 161, 123, 154, 97, 114, 95, 74, 68, 125, 174, 115, 127, 196, 77, 117, 86, 118, 181, 71, 129, 168, 112, 105, 109, 103, 60, 52, 191, 151, 43, 54, 47, 162, 3, 182, 193, 180, 128, 126, 188, 72, 166, 133, 144, 134, 179, 50, 142, 106, 96, 75, 197, 140, 39, 58, 51, 156, 139, 176, 135, 175, 159, 89, 198, 190, 101, 185, 187, 94, 200, 110, 192, 145]项目工期为：491.0；项目成本为：150540.40000000002
染色体结构为:
[55, 76, 38, 73, 11, 136, 83, 130, 13, 81, 42, 172, 22, 8, 19, 173, 138, 80, 37, 178, 57, 5, 108, 24, 56, 195, 165, 2, 149, 27, 17, 53, 167, 147, 70, 155, 194, 113, 148, 10, 12, 66, 199, 30, 92, 9, 62, 82, 99, 25, 41, 15, 78, 183, 121, 79, 124, 20, 33, 119, 163, 40, 158, 29, 1, 36, 18, 85, 49, 84, 26, 34, 169, 87, 14, 98, 31, 141, 152, 32, 111, 120, 44, 45, 4, 88, 23, 64, 91, 28, 90, 35, 104, 100, 16, 131, 59, 122, 65, 137, 143, 170, 132, 116, 102, 6, 157, 7, 21, 171, 189, 160, 46, 93, 153, 146, 150, 48, 61, 107, 164, 186, 69, 184, 177, 161, 123, 63, 67, 154, 74, 97, 125, 114, 95, 174, 68, 115, 196, 127, 77, 117, 112, 118, 86, 71, 129, 168, 103, 109, 105, 181, 60, 151, 191, 162, 43, 52, 47, 54, 3, 180, 182, 72, 128, 193, 188, 190, 156, 89, 192, 133, 94, 58, 50, 200, 75, 185, 134, 166, 106, 126, 198, 39, 179, 142, 144, 197, 139, 51, 96, 140, 176, 135, 175, 159, 101, 110, 145, 187]项目工期为：379.0；项目成本为：175782.10000000015
染色体结构为:
[55, 83, 38, 76, 11, 73, 130, 81, 13, 136, 22, 19, 172, 8, 42, 173, 138, 149, 80, 17, 27, 167, 70, 53, 194, 155, 113, 147, 56, 10, 66, 148, 12, 199, 108, 9, 92, 62, 99, 30, 82, 178, 25, 15, 41, 78, 121, 79, 183, 33, 57, 124, 163, 20, 158, 29, 40, 18, 119, 5, 85, 36, 49, 1, 84, 34, 87, 14, 26, 169, 31, 152, 98, 32, 120, 141, 111, 45, 4, 64, 35, 23, 44, 88, 90, 28, 100, 59, 91, 131, 16, 122, 104, 65, 2, 137, 102, 170, 116, 132, 143, 157, 7, 6, 171, 160, 189, 153, 46, 21, 93, 146, 61, 164, 150, 48, 195, 107, 165, 184, 177, 69, 186, 37, 67, 24, 63, 161, 123, 154, 97, 114, 125, 74, 95, 68, 174, 115, 77, 196, 86, 118, 117, 127, 129, 112, 71, 168, 109, 181, 103, 105, 52, 60, 162, 191, 151, 43, 54, 47, 193, 182, 3, 128, 188, 126, 180, 133, 166, 144, 72, 134, 179, 106, 50, 197, 142, 96, 75, 140, 39, 156, 58, 51, 135, 139, 176, 159, 175, 198, 89, 101, 190, 200, 185, 94, 187, 110, 192, 145]项目工期为：558.0；项目成本为：142217.00000000003
染色体结构为:
[55, 76, 83, 73, 38, 11, 172, 13, 130, 81, 22, 136, 19, 42, 80, 173, 138, 17, 149, 8, 27, 70, 155, 147, 167, 53, 10, 56, 113, 194, 148, 66, 12, 30, 108, 92, 9, 62, 199, 82, 99, 178, 25, 78, 41, 15, 121, 183, 57, 79, 33, 124, 158, 163, 20, 40, 18, 5, 119, 29, 36, 85, 84, 34, 49, 87, 1, 169, 14, 26, 141, 98, 31, 152, 120, 111, 32, 4, 44, 45, 64, 23, 90, 35, 88, 28, 91, 100, 16, 59, 104, 122, 131, 65, 170, 137, 2, 143, 102, 132, 116, 6, 7, 157, 171, 21, 160, 46, 189, 153, 146, 93, 150, 61, 164, 195, 107, 48, 165, 184, 177, 69, 67, 186, 37, 24, 63, 161, 123, 154, 114, 95, 97, 74, 68, 174, 125, 115, 127, 196, 77, 117, 86, 118, 71, 181, 129, 168, 105, 112, 109, 103, 60, 52, 191, 151, 43, 54, 47, 162, 3, 182, 193, 128, 180, 126, 188, 166, 72, 133, 144, 134, 50, 179, 142, 106, 96, 75, 197, 140, 39, 58, 51, 156, 139, 176, 135, 175, 159, 89, 198, 190, 101, 185, 187, 94, 200, 110, 192, 145]项目工期为：485.0；项目成本为：153201.00000000006
染色体结构为:
[55, 76, 38, 11, 73, 83, 136, 13, 130, 81, 172, 42, 19, 22, 8, 138, 173, 149, 27, 80, 70, 17, 53, 167, 155, 194, 147, 10, 56, 113, 148, 12, 108, 199, 66, 92, 9, 30, 82, 62, 99, 178, 25, 41, 78, 183, 15, 79, 121, 57, 158, 33, 124, 20, 119, 163, 40, 29, 5, 85, 18, 1, 84, 36, 34, 49, 26, 87, 169, 98, 14, 31, 141, 32, 152, 111, 120, 4, 23, 45, 44, 35, 64, 88, 104, 28, 91, 100, 90, 59, 16, 131, 65, 122, 2, 170, 137, 132, 143, 102, 157, 116, 6, 21, 160, 7, 93, 171, 189, 153, 146, 46, 48, 61, 150, 195, 107, 164, 184, 165, 186, 69, 24, 177, 67, 37, 123, 161, 63, 154, 114, 97, 74, 174, 125, 95, 115, 68, 77, 196, 86, 127, 112, 118, 71, 117, 129, 168, 109, 105, 103, 181, 151, 52, 191, 60, 43, 162, 54, 3, 47, 180, 182, 128, 193, 72, 190, 156, 188, 89, 94, 133, 192, 58, 200, 50, 134, 185, 198, 75, 126, 166, 39, 106, 142, 179, 144, 197, 96, 51, 139, 140, 176, 159, 175, 135, 145, 101, 110, 187]项目工期为：361.0；项目成本为：181057.80000000002
染色体结构为:
[76, 55, 83, 11, 38, 73, 130, 136, 13, 81, 172, 19, 8, 42, 149, 138, 173, 22, 80, 27, 70, 17, 53, 167, 155, 147, 194, 113, 10, 148, 12, 56, 108, 199, 30, 66, 92, 82, 9, 178, 62, 25, 15, 41, 99, 78, 121, 79, 57, 183, 158, 124, 33, 20, 163, 119, 5, 40, 29, 18, 1, 85, 36, 84, 34, 49, 26, 169, 87, 98, 14, 141, 31, 32, 111, 152, 45, 120, 23, 64, 4, 44, 35, 88, 28, 90, 91, 100, 104, 59, 16, 131, 2, 122, 143, 65, 132, 170, 102, 137, 157, 116, 6, 7, 171, 160, 21, 189, 93, 153, 46, 146, 48, 61, 150, 107, 164, 186, 195, 165, 184, 177, 69, 37, 123, 24, 67, 161, 154, 63, 74, 114, 125, 97, 174, 95, 196, 115, 68, 86, 127, 117, 77, 112, 118, 129, 109, 71, 105, 168, 103, 60, 181, 162, 151, 52, 191, 47, 182, 43, 54, 180, 3, 193, 128, 72, 190, 188, 89, 156, 94, 133, 192, 58, 134, 50, 75, 200, 185, 166, 126, 106, 142, 198, 39, 179, 51, 144, 197, 96, 140, 139, 159, 135, 175, 176, 110, 145, 101, 187]项目工期为：391.0；项目成本为：172034.10000000006
染色体结构为:
[55, 38, 83, 136, 13, 76, 73, 172, 130, 11, 37, 81, 178, 5, 138, 19, 57, 108, 56, 24, 165, 195, 2, 42, 22, 173, 80, 8, 27, 149, 53, 17, 167, 70, 155, 147, 194, 113, 12, 148, 10, 30, 66, 199, 92, 62, 9, 82, 99, 41, 25, 78, 15, 183, 79, 121, 124, 20, 33, 119, 158, 163, 40, 29, 1, 36, 18, 85, 49, 84, 34, 26, 169, 87, 14, 31, 98, 141, 152, 111, 120, 32, 44, 45, 88, 23, 4, 64, 91, 35, 28, 90, 16, 104, 100, 59, 131, 122, 137, 65, 170, 143, 102, 132, 157, 116, 6, 7, 21, 160, 171, 46, 153, 189, 93, 146, 48, 61, 150, 107, 164, 186, 69, 184, 177, 123, 63, 161, 67, 154, 74, 125, 97, 114, 95, 174, 68, 115, 196, 77, 127, 117, 86, 112, 118, 71, 129, 109, 168, 105, 181, 103, 60, 191, 151, 43, 162, 52, 47, 3, 54, 180, 182, 72, 128, 193, 190, 156, 188, 89, 133, 94, 192, 200, 50, 58, 75, 134, 185, 166, 106, 126, 198, 179, 39, 142, 144, 197, 139, 51, 140, 96, 135, 176, 159, 101, 175, 187, 145, 110]项目工期为：336.0；项目成本为：189577.20000000004
染色体结构为:
[38, 55, 83, 13, 136, 76, 73, 11, 172, 130, 81, 19, 37, 178, 5, 57, 24, 138, 195, 108, 56, 2, 165, 164, 171, 82, 150, 67, 22, 8, 173, 157, 42, 80, 53, 70, 149, 113, 27, 17, 167, 155, 147, 194, 10, 148, 199, 66, 12, 30, 9, 92, 62, 99, 25, 121, 15, 79, 78, 41, 183, 158, 124, 163, 33, 20, 63, 161, 44, 40, 98, 97, 177, 74, 114, 125, 123, 154, 111, 29, 174, 4, 196, 93, 95, 68, 115, 18, 146, 64, 16, 21, 90, 127, 77, 49, 137, 117, 91, 36, 119, 85, 34, 1, 84, 26, 87, 14, 169, 32, 141, 120, 31, 45, 23, 50, 152, 86, 160, 103, 100, 144, 102, 43, 181, 153, 52, 39, 151, 189, 132, 101, 186, 72, 58, 47, 46, 168, 156, 3, 7, 200, 116, 96, 198, 28, 170, 128, 129, 69, 191, 180, 184, 105, 107, 61, 48, 122, 6, 185, 59, 35, 109, 88, 133, 104, 131, 197, 60, 51, 134, 112, 89, 179, 193, 54, 166, 143, 135, 71, 126, 65, 75, 182, 187, 110, 94, 118, 190, 175, 162, 192, 159, 142, 176, 139, 188, 106, 140, 145]项目工期为：283.0；项目成本为：222712.2
染色体结构为:
[83, 55, 38, 76, 73, 11, 172, 130, 136, 81, 173, 13, 19, 42, 138, 22, 8, 80, 149, 167, 27, 70, 53, 17, 155, 113, 194, 147, 12, 10, 56, 148, 66, 199, 9, 30, 92, 62, 82, 108, 99, 178, 25, 78, 41, 15, 121, 79, 57, 183, 124, 158, 163, 33, 20, 5, 40, 85, 119, 29, 1, 36, 18, 84, 87, 34, 49, 14, 26, 169, 32, 98, 141, 31, 152, 120, 4, 111, 45, 64, 23, 44, 35, 104, 88, 91, 28, 90, 100, 59, 16, 2, 65, 131, 143, 122, 132, 170, 102, 137, 157, 116, 6, 171, 7, 93, 160, 21, 189, 146, 150, 153, 61, 195, 46, 107, 164, 48, 165, 184, 123, 186, 177, 69, 67, 126, 151, 127, 128, 191, 144, 133, 60, 47, 134, 24, 182, 71, 109, 179, 166, 125, 50, 43, 142, 154, 117, 197, 106, 72, 96, 75, 162, 68, 168, 105, 54, 115, 97, 37, 39, 181, 139, 140, 51, 77, 114, 74, 63, 161, 95, 174, 86, 196, 118, 112, 52, 129, 103, 3, 180, 190, 193, 188, 156, 89, 94, 192, 185, 58, 198, 200, 176, 135, 175, 101, 159, 110, 145, 187]项目工期为：316.0；项目成本为：198369.5000000001
染色体结构为:
[55, 76, 38, 73, 83, 13, 11, 136, 130, 172, 42, 81, 19, 8, 138, 22, 173, 149, 27, 70, 80, 17, 53, 167, 155, 147, 113, 194, 10, 148, 56, 12, 108, 199, 66, 92, 9, 30, 62, 82, 178, 99, 25, 41, 78, 15, 79, 183, 121, 57, 158, 33, 20, 124, 163, 119, 29, 40, 85, 18, 5, 84, 1, 34, 36, 49, 26, 87, 169, 98, 14, 141, 31, 152, 32, 111, 120, 4, 45, 23, 44, 35, 64, 88, 28, 90, 104, 100, 91, 59, 16, 131, 65, 2, 137, 122, 143, 170, 132, 102, 157, 116, 6, 160, 7, 21, 171, 93, 153, 146, 189, 61, 46, 48, 195, 150, 107, 164, 184, 165, 186, 177, 69, 24, 37, 67, 123, 161, 97, 63, 154, 114, 74, 174, 125, 68, 115, 95, 77, 196, 86, 127, 118, 112, 117, 71, 168, 129, 109, 105, 103, 151, 181, 191, 60, 52, 162, 43, 3, 54, 180, 182, 47, 128, 193, 72, 190, 156, 89, 188, 133, 192, 94, 200, 50, 58, 134, 185, 166, 198, 75, 39, 106, 126, 142, 179, 144, 197, 51, 96, 139, 140, 176, 159, 175, 135, 101, 145, 110, 187]项目工期为：394.0；项目成本为：171496.1000000001
染色体结构为:
[38, 76, 55, 83, 11, 73, 130, 13, 81, 19, 8, 172, 136, 22, 138, 42, 149, 173, 80, 17, 27, 167, 53, 70, 155, 147, 10, 113, 194, 56, 66, 12, 148, 199, 108, 30, 92, 9, 82, 62, 99, 178, 25, 78, 15, 183, 41, 79, 121, 57, 158, 33, 163, 124, 20, 40, 29, 18, 119, 5, 1, 36, 34, 85, 49, 87, 84, 26, 14, 169, 31, 98, 32, 141, 152, 111, 4, 120, 45, 44, 23, 64, 88, 35, 28, 90, 91, 104, 100, 59, 16, 131, 122, 2, 65, 137, 170, 143, 132, 7, 102, 6, 116, 171, 21, 157, 153, 160, 189, 46, 150, 93, 146, 61, 195, 164, 107, 48, 165, 186, 184, 177, 37, 69, 63, 67, 24, 161, 123, 154, 114, 74, 97, 125, 95, 68, 115, 174, 77, 196, 127, 117, 118, 86, 71, 129, 181, 112, 168, 109, 103, 105, 60, 52, 191, 151, 162, 43, 3, 54, 47, 182, 193, 180, 128, 188, 126, 133, 72, 144, 166, 134, 179, 142, 50, 197, 106, 96, 140, 75, 58, 39, 51, 156, 135, 139, 159, 89, 198, 176, 175, 101, 185, 94, 190, 200, 110, 192, 145, 187]项目工期为：630.0；项目成本为：138048.5
染色体结构为:
[55, 38, 76, 83, 11, 73, 130, 13, 81, 136, 172, 22, 19, 42, 8, 173, 138, 149, 80, 17, 167, 27, 70, 155, 53, 194, 147, 113, 56, 66, 10, 12, 148, 108, 199, 9, 92, 62, 30, 99, 178, 82, 25, 41, 15, 78, 183, 79, 121, 57, 124, 33, 163, 20, 158, 18, 40, 29, 119, 5, 85, 36, 49, 84, 1, 34, 87, 14, 26, 31, 169, 98, 152, 32, 141, 120, 111, 45, 4, 64, 35, 44, 23, 90, 88, 91, 28, 59, 100, 104, 131, 16, 122, 65, 2, 137, 102, 170, 132, 116, 143, 7, 6, 157, 160, 171, 21, 153, 189, 46, 146, 61, 93, 150, 164, 48, 107, 195, 165, 184, 177, 69, 186, 37, 67, 24, 63, 123, 161, 154, 114, 97, 125, 74, 95, 68, 174, 115, 77, 86, 196, 117, 127, 129, 71, 118, 112, 168, 181, 109, 103, 105, 52, 60, 191, 162, 151, 43, 47, 54, 193, 182, 3, 180, 128, 126, 72, 188, 133, 166, 144, 134, 179, 50, 142, 197, 106, 140, 96, 75, 39, 58, 51, 156, 135, 139, 176, 159, 89, 198, 190, 175, 101, 94, 185, 200, 187, 110, 145, 192]项目工期为：590.0；项目成本为：138710.30000000002
染色体结构为:
[83, 55, 73, 38, 76, 130, 136, 172, 11, 13, 81, 8, 42, 19, 173, 22, 138, 17, 149, 80, 167, 27, 155, 70, 147, 194, 53, 10, 113, 56, 148, 12, 66, 199, 108, 30, 92, 9, 62, 82, 99, 178, 78, 25, 15, 41, 79, 57, 183, 121, 124, 158, 33, 20, 40, 29, 119, 18, 163, 5, 36, 84, 85, 34, 49, 1, 87, 169, 141, 14, 26, 98, 31, 152, 111, 32, 120, 4, 45, 44, 64, 90, 35, 23, 88, 28, 59, 100, 16, 104, 91, 131, 122, 65, 170, 2, 102, 137, 132, 143, 116, 7, 157, 6, 171, 21, 189, 160, 153, 46, 93, 146, 150, 61, 164, 48, 195, 107, 165, 184, 186, 37, 177, 69, 123, 67, 24, 63, 161, 154, 95, 74, 97, 114, 125, 115, 174, 117, 196, 68, 86, 127, 77, 112, 118, 181, 71, 109, 129, 168, 105, 103, 60, 52, 191, 151, 43, 54, 162, 193, 47, 3, 180, 182, 188, 128, 126, 72, 133, 166, 144, 179, 134, 50, 142, 106, 197, 96, 39, 75, 140, 58, 156, 51, 139, 176, 135, 159, 175, 89, 198, 200, 190, 101, 185, 94, 110, 187, 192, 145]项目工期为：496.0；项目成本为：150433.30000000002
染色体结构为:
[76, 55, 83, 38, 11, 73, 130, 13, 136, 81, 172, 19, 8, 42, 138, 22, 149, 173, 27, 80, 17, 70, 147, 53, 155, 167, 194, 113, 10, 148, 12, 56, 108, 199, 30, 66, 9, 82, 92, 178, 62, 15, 25, 99, 41, 121, 78, 79, 57, 183, 158, 124, 20, 33, 163, 5, 119, 40, 29, 18, 1, 85, 84, 36, 34, 169, 49, 26, 87, 98, 14, 141, 31, 32, 111, 45, 152, 120, 64, 23, 4, 44, 88, 28, 90, 35, 91, 100, 59, 16, 104, 131, 2, 122, 143, 65, 132, 137, 170, 102, 157, 116, 6, 7, 171, 160, 189, 93, 21, 153, 46, 146, 48, 61, 150, 107, 164, 195, 186, 165, 184, 177, 69, 37, 123, 67, 24, 161, 154, 74, 63, 114, 125, 97, 174, 95, 196, 115, 68, 86, 127, 117, 77, 118, 71, 129, 112, 109, 168, 105, 103, 60, 181, 151, 52, 191, 162, 47, 43, 182, 54, 180, 3, 193, 72, 190, 128, 89, 188, 94, 156, 133, 192, 58, 50, 75, 134, 200, 185, 166, 106, 126, 142, 39, 198, 179, 51, 144, 197, 96, 139, 140, 135, 159, 176, 175, 145, 101, 110, 187]项目工期为：467.0；项目成本为：156699.6000000001
染色体结构为:
[55, 83, 38, 13, 136, 76, 73, 172, 11, 130, 81, 19, 37, 5, 178, 57, 24, 138, 195, 108, 56, 2, 165, 164, 171, 82, 150, 67, 22, 8, 157, 173, 80, 42, 53, 70, 149, 113, 27, 17, 167, 155, 147, 194, 10, 148, 66, 199, 30, 12, 9, 92, 62, 99, 121, 25, 15, 79, 78, 41, 183, 158, 124, 163, 33, 20, 63, 44, 161, 98, 40, 97, 177, 74, 114, 125, 123, 154, 111, 29, 174, 4, 196, 93, 95, 68, 115, 18, 146, 64, 16, 21, 90, 127, 77, 49, 137, 117, 91, 119, 36, 85, 34, 1, 84, 26, 87, 14, 169, 32, 141, 120, 31, 45, 23, 50, 152, 86, 160, 103, 100, 144, 43, 102, 181, 153, 52, 39, 151, 189, 132, 101, 186, 72, 58, 47, 46, 168, 156, 3, 7, 200, 116, 198, 96, 28, 170, 128, 129, 69, 191, 180, 184, 105, 107, 61, 48, 122, 6, 185, 59, 35, 109, 88, 104, 133, 131, 197, 60, 51, 134, 112, 89, 179, 193, 54, 166, 143, 135, 71, 126, 65, 75, 182, 187, 110, 94, 118, 190, 175, 162, 192, 159, 142, 176, 139, 188, 106, 140, 145]项目工期为：291.0；项目成本为：218538.30000000005
染色体结构为:
[55, 38, 76, 11, 83, 73, 130, 13, 81, 136, 172, 22, 19, 42, 8, 173, 138, 149, 17, 80, 167, 27, 70, 155, 53, 194, 147, 113, 56, 66, 12, 10, 148, 108, 199, 92, 9, 62, 30, 99, 178, 82, 25, 41, 15, 183, 78, 79, 121, 57, 124, 33, 163, 20, 158, 18, 40, 29, 119, 5, 85, 36, 49, 84, 1, 34, 87, 14, 26, 31, 169, 98, 152, 32, 141, 120, 111, 45, 4, 64, 35, 44, 23, 90, 88, 91, 28, 59, 100, 104, 131, 16, 122, 65, 2, 137, 102, 170, 132, 143, 116, 7, 157, 160, 6, 171, 21, 153, 189, 46, 146, 61, 93, 150, 164, 48, 107, 195, 165, 184, 177, 186, 37, 69, 67, 24, 63, 123, 161, 154, 97, 114, 125, 74, 68, 95, 174, 115, 77, 86, 196, 117, 127, 129, 71, 118, 168, 112, 181, 109, 103, 105, 52, 60, 191, 162, 151, 43, 47, 54, 193, 182, 3, 180, 128, 126, 72, 188, 166, 133, 134, 144, 179, 50, 142, 197, 106, 140, 96, 75, 39, 58, 51, 156, 135, 139, 176, 159, 89, 198, 190, 101, 175, 94, 185, 200, 187, 110, 145, 192]项目工期为：618.0；项目成本为：138536.6
染色体结构为:
[55, 83, 38, 136, 76, 13, 73, 11, 130, 172, 37, 81, 178, 5, 19, 138, 57, 108, 24, 165, 56, 195, 2, 22, 42, 173, 8, 80, 17, 27, 149, 53, 167, 70, 147, 155, 194, 148, 113, 10, 12, 30, 66, 199, 92, 9, 62, 99, 25, 82, 41, 78, 15, 121, 183, 124, 79, 20, 33, 163, 119, 40, 29, 158, 1, 36, 18, 85, 49, 26, 34, 84, 169, 87, 14, 31, 98, 141, 152, 111, 32, 120, 44, 45, 4, 88, 23, 64, 91, 35, 28, 90, 16, 100, 104, 131, 122, 59, 137, 65, 143, 170, 102, 132, 157, 6, 116, 7, 171, 21, 46, 160, 189, 93, 153, 146, 150, 48, 61, 107, 164, 184, 69, 186, 177, 123, 161, 63, 67, 154, 125, 97, 74, 114, 95, 174, 68, 196, 115, 127, 77, 112, 117, 118, 86, 71, 129, 168, 109, 105, 103, 181, 60, 191, 151, 43, 162, 52, 3, 47, 54, 182, 180, 193, 72, 128, 190, 188, 156, 89, 133, 94, 192, 200, 50, 58, 75, 185, 134, 166, 106, 126, 198, 39, 179, 142, 197, 139, 144, 51, 96, 140, 176, 135, 175, 159, 101, 110, 145, 187]项目工期为：329.0；项目成本为：193566.9
染色体结构为:
[55, 83, 38, 136, 13, 76, 73, 11, 172, 130, 37, 81, 178, 19, 5, 138, 57, 108, 24, 165, 56, 2, 195, 22, 42, 173, 8, 80, 17, 27, 149, 53, 167, 70, 147, 194, 155, 148, 113, 10, 30, 12, 66, 199, 92, 9, 62, 99, 25, 82, 41, 78, 15, 121, 183, 124, 79, 20, 33, 163, 119, 158, 40, 29, 1, 36, 18, 85, 49, 26, 84, 169, 34, 87, 14, 31, 141, 98, 152, 111, 32, 120, 44, 45, 4, 23, 88, 64, 91, 28, 35, 16, 90, 100, 104, 131, 59, 122, 137, 65, 143, 170, 132, 102, 116, 157, 6, 7, 171, 21, 160, 189, 46, 153, 93, 146, 150, 48, 61, 164, 107, 184, 186, 69, 177, 123, 161, 63, 67, 154, 125, 74, 97, 114, 95, 174, 68, 115, 196, 127, 77, 112, 118, 117, 86, 71, 129, 168, 109, 105, 103, 181, 60, 191, 151, 43, 162, 3, 52, 54, 47, 180, 182, 72, 193, 128, 190, 188, 156, 133, 89, 94, 192, 200, 58, 50, 75, 134, 185, 166, 106, 126, 39, 198, 179, 142, 197, 139, 144, 51, 96, 140, 176, 135, 175, 159, 101, 110, 145, 187]项目工期为：338.0；项目成本为：188140.4
染色体结构为:
[55, 76, 38, 83, 73, 172, 11, 136, 13, 130, 81, 19, 42, 8, 80, 22, 138, 173, 27, 149, 70, 17, 53, 155, 167, 194, 10, 147, 113, 12, 56, 66, 148, 199, 108, 30, 92, 82, 9, 62, 99, 25, 178, 78, 15, 41, 183, 121, 79, 57, 158, 124, 33, 163, 119, 40, 20, 29, 5, 18, 36, 34, 1, 85, 49, 26, 84, 14, 169, 87, 98, 31, 141, 152, 32, 111, 120, 4, 45, 64, 23, 35, 44, 88, 90, 91, 28, 100, 104, 59, 16, 2, 131, 137, 122, 65, 132, 102, 143, 116, 170, 157, 6, 7, 171, 21, 189, 160, 153, 46, 146, 93, 48, 150, 195, 61, 107, 164, 184, 186, 165, 177, 37, 69, 24, 123, 67, 63, 161, 74, 154, 97, 95, 114, 125, 174, 196, 115, 68, 117, 127, 86, 77, 112, 71, 118, 181, 168, 129, 105, 109, 103, 52, 60, 191, 43, 151, 162, 47, 54, 193, 3, 180, 182, 188, 128, 126, 72, 133, 166, 144, 50, 134, 179, 142, 106, 197, 96, 140, 75, 39, 58, 51, 156, 139, 176, 135, 159, 175, 198, 89, 101, 190, 200, 94, 185, 110, 187, 192, 145]项目工期为：406.0；项目成本为：168277.19999999998
染色体结构为:
[55, 76, 83, 73, 38, 11, 172, 13, 130, 81, 136, 19, 22, 42, 80, 138, 173, 8, 17, 149, 27, 70, 155, 147, 167, 53, 10, 56, 113, 194, 148, 66, 12, 30, 108, 92, 9, 199, 62, 82, 178, 99, 25, 78, 41, 121, 15, 183, 57, 79, 33, 124, 158, 163, 20, 119, 40, 18, 5, 29, 36, 85, 84, 34, 49, 87, 1, 169, 26, 14, 141, 98, 31, 120, 152, 111, 32, 4, 45, 44, 64, 23, 90, 35, 88, 28, 91, 16, 100, 59, 104, 122, 131, 65, 170, 2, 137, 102, 143, 132, 116, 7, 6, 157, 171, 160, 21, 189, 46, 153, 146, 93, 150, 61, 164, 48, 195, 107, 165, 184, 177, 69, 186, 37, 67, 24, 63, 161, 123, 154, 97, 114, 95, 74, 68, 125, 174, 115, 127, 196, 77, 117, 86, 118, 71, 181, 168, 129, 105, 112, 109, 103, 60, 52, 191, 43, 54, 151, 47, 162, 3, 182, 193, 180, 128, 188, 126, 72, 166, 133, 144, 134, 179, 50, 142, 106, 96, 75, 197, 140, 39, 58, 51, 156, 139, 135, 176, 175, 159, 89, 198, 190, 101, 185, 187, 94, 200, 110, 192, 145]项目工期为：465.0；项目成本为：157286.20000000007
染色体结构为:
[76, 55, 73, 38, 11, 83, 130, 136, 81, 13, 19, 42, 172, 22, 8, 173, 138, 149, 80, 27, 17, 53, 70, 167, 155, 147, 113, 194, 10, 56, 148, 12, 108, 66, 30, 199, 9, 92, 62, 82, 178, 25, 15, 99, 41, 79, 121, 57, 78, 183, 158, 124, 20, 33, 119, 163, 40, 29, 5, 18, 85, 36, 84, 34, 1, 49, 26, 87, 169, 98, 14, 141, 31, 32, 152, 45, 111, 120, 23, 64, 44, 4, 35, 88, 28, 90, 91, 100, 59, 104, 16, 131, 122, 2, 65, 137, 143, 132, 102, 170, 116, 157, 6, 7, 171, 21, 160, 189, 93, 153, 46, 146, 61, 48, 195, 150, 164, 107, 165, 184, 186, 177, 69, 37, 123, 24, 67, 161, 63, 154, 114, 74, 97, 125, 174, 95, 196, 115, 68, 127, 117, 86, 112, 118, 77, 71, 129, 109, 168, 105, 60, 103, 181, 151, 52, 162, 191, 47, 43, 182, 3, 180, 54, 72, 193, 128, 190, 188, 156, 89, 94, 192, 133, 50, 58, 200, 134, 75, 166, 185, 106, 126, 198, 39, 142, 179, 144, 51, 197, 96, 139, 140, 159, 135, 175, 176, 110, 101, 187, 145]项目工期为：396.0；项目成本为：170768.8000000002
染色体结构为:
[55, 76, 38, 83, 73, 172, 11, 136, 13, 81, 130, 19, 42, 8, 22, 80, 173, 138, 27, 149, 53, 70, 167, 155, 17, 194, 147, 10, 113, 56, 12, 66, 199, 148, 108, 30, 92, 82, 9, 62, 99, 25, 78, 178, 15, 41, 183, 79, 121, 57, 158, 33, 163, 124, 119, 40, 29, 20, 18, 36, 34, 85, 5, 1, 49, 26, 84, 14, 87, 169, 98, 31, 111, 152, 32, 141, 4, 120, 45, 44, 23, 88, 64, 35, 28, 90, 91, 104, 100, 59, 16, 131, 122, 2, 65, 170, 137, 143, 132, 7, 102, 116, 6, 171, 21, 157, 153, 160, 46, 189, 150, 93, 146, 61, 195, 164, 48, 107, 186, 184, 165, 177, 37, 69, 63, 67, 24, 161, 123, 114, 154, 74, 97, 125, 95, 115, 68, 174, 77, 196, 127, 117, 118, 86, 71, 129, 181, 112, 168, 103, 109, 105, 60, 52, 191, 151, 162, 43, 3, 54, 47, 182, 193, 180, 128, 188, 133, 126, 144, 72, 166, 134, 142, 179, 50, 197, 106, 96, 140, 75, 58, 39, 51, 156, 135, 139, 159, 89, 198, 175, 176, 101, 94, 185, 190, 200, 110, 192, 145, 187]项目工期为：522.0；项目成本为：148089.8
染色体结构为:
[55, 38, 83, 136, 76, 13, 172, 11, 73, 81, 130, 37, 178, 19, 5, 138, 57, 24, 108, 56, 165, 195, 42, 173, 22, 8, 2, 80, 27, 149, 53, 167, 17, 70, 147, 155, 194, 148, 113, 10, 12, 66, 30, 92, 199, 82, 9, 62, 99, 25, 41, 78, 15, 183, 121, 79, 33, 124, 20, 119, 163, 158, 29, 40, 36, 1, 18, 85, 84, 49, 26, 34, 169, 87, 98, 14, 141, 31, 152, 111, 32, 4, 120, 45, 44, 23, 88, 64, 28, 91, 35, 90, 104, 16, 100, 59, 131, 122, 137, 65, 143, 170, 102, 116, 157, 132, 6, 7, 21, 171, 189, 93, 160, 153, 46, 150, 146, 48, 107, 61, 69, 164, 186, 184, 123, 177, 161, 67, 74, 63, 154, 97, 125, 95, 174, 114, 68, 115, 77, 127, 196, 117, 112, 86, 71, 118, 129, 168, 103, 109, 105, 151, 60, 181, 162, 191, 43, 3, 52, 47, 54, 180, 72, 193, 190, 128, 182, 188, 133, 156, 89, 50, 94, 200, 192, 134, 58, 166, 75, 106, 185, 198, 126, 39, 144, 142, 96, 179, 51, 197, 139, 140, 176, 159, 175, 101, 135, 145, 187, 110]项目工期为：326.0；项目成本为：195395.90000000008
染色体结构为:
[76, 55, 83, 38, 11, 73, 130, 13, 136, 81, 172, 19, 8, 42, 138, 149, 173, 22, 27, 80, 70, 17, 53, 147, 155, 167, 113, 194, 10, 148, 12, 56, 108, 199, 30, 66, 92, 9, 82, 178, 62, 25, 99, 15, 41, 78, 121, 79, 183, 57, 158, 124, 20, 33, 163, 119, 5, 40, 29, 18, 85, 1, 36, 84, 34, 49, 169, 26, 87, 98, 14, 141, 31, 32, 111, 152, 45, 120, 64, 23, 4, 44, 88, 35, 28, 90, 91, 100, 104, 16, 59, 131, 2, 122, 143, 65, 132, 137, 170, 102, 157, 116, 6, 7, 171, 160, 189, 21, 93, 153, 46, 146, 48, 61, 150, 107, 164, 186, 195, 165, 177, 184, 69, 37, 123, 24, 161, 67, 154, 63, 74, 114, 125, 97, 174, 95, 196, 115, 68, 86, 127, 117, 77, 118, 112, 71, 109, 129, 168, 105, 103, 60, 181, 151, 162, 52, 191, 43, 47, 182, 54, 180, 3, 193, 72, 128, 188, 190, 89, 156, 94, 192, 133, 50, 58, 134, 75, 200, 185, 166, 106, 126, 142, 198, 39, 179, 51, 144, 197, 96, 139, 159, 140, 135, 175, 176, 110, 145, 101, 187]项目工期为：422.0；项目成本为：164067.20000000016
染色体结构为:
[55, 38, 83, 13, 136, 73, 76, 11, 172, 130, 81, 19, 178, 37, 57, 138, 5, 24, 108, 195, 56, 165, 164, 2, 150, 171, 82, 67, 22, 157, 173, 8, 80, 42, 53, 149, 70, 113, 27, 17, 167, 155, 147, 10, 194, 148, 199, 12, 66, 9, 30, 92, 99, 62, 25, 121, 15, 79, 41, 78, 183, 158, 33, 124, 20, 163, 161, 63, 44, 40, 98, 97, 177, 74, 114, 125, 154, 123, 4, 111, 29, 174, 196, 95, 93, 68, 115, 18, 64, 146, 21, 16, 90, 127, 77, 137, 49, 117, 36, 91, 119, 85, 1, 34, 84, 26, 87, 14, 169, 141, 32, 120, 31, 45, 23, 50, 152, 86, 160, 144, 103, 100, 102, 43, 153, 181, 52, 39, 151, 189, 132, 101, 186, 72, 58, 47, 168, 46, 156, 3, 7, 200, 116, 96, 198, 28, 170, 128, 129, 191, 69, 180, 184, 105, 107, 48, 61, 6, 122, 185, 59, 35, 88, 109, 133, 104, 131, 197, 60, 134, 51, 112, 179, 89, 193, 166, 54, 135, 143, 71, 126, 75, 65, 182, 187, 110, 94, 190, 118, 175, 162, 142, 159, 176, 192, 139, 188, 106, 145, 140]项目工期为：292.0；项目成本为：216756.59999999995
染色体结构为:
[83, 38, 55, 76, 73, 11, 172, 130, 136, 81, 173, 19, 13, 42, 138, 22, 8, 80, 149, 167, 27, 70, 53, 17, 155, 113, 194, 147, 12, 10, 56, 148, 66, 199, 9, 30, 92, 62, 108, 82, 99, 178, 78, 25, 41, 15, 121, 79, 57, 183, 124, 158, 163, 33, 20, 5, 40, 85, 29, 119, 1, 36, 18, 84, 34, 87, 49, 14, 26, 169, 32, 98, 141, 31, 152, 120, 4, 111, 64, 23, 45, 44, 35, 88, 104, 91, 28, 90, 100, 16, 59, 2, 65, 131, 143, 132, 122, 170, 102, 137, 157, 116, 6, 171, 7, 93, 160, 21, 189, 146, 150, 61, 153, 195, 46, 107, 164, 48, 165, 184, 123, 186, 177, 69, 67, 126, 151, 127, 128, 191, 144, 133, 60, 47, 134, 24, 182, 71, 109, 179, 166, 125, 50, 43, 142, 154, 117, 197, 106, 72, 96, 75, 162, 68, 105, 168, 115, 54, 97, 37, 39, 139, 181, 140, 51, 77, 114, 74, 63, 161, 95, 174, 86, 196, 118, 112, 52, 129, 103, 180, 3, 190, 188, 193, 89, 156, 94, 192, 185, 58, 198, 200, 176, 135, 175, 101, 159, 110, 145, 187]项目工期为：324.0；项目成本为：196362.50000000006
染色体结构为:
[76, 83, 55, 73, 38, 11, 172, 13, 130, 136, 81, 22, 19, 42, 80, 173, 138, 17, 8, 149, 70, 27, 155, 147, 167, 53, 10, 113, 56, 194, 66, 148, 12, 30, 92, 108, 9, 62, 199, 82, 99, 178, 25, 78, 41, 15, 121, 79, 183, 57, 33, 124, 158, 20, 163, 40, 119, 29, 18, 5, 85, 36, 84, 34, 49, 87, 1, 26, 169, 14, 141, 31, 98, 152, 120, 111, 32, 4, 45, 44, 64, 23, 90, 88, 35, 28, 91, 100, 16, 59, 104, 131, 122, 65, 2, 170, 137, 102, 143, 132, 116, 7, 6, 171, 157, 21, 160, 46, 189, 153, 93, 146, 150, 61, 164, 48, 195, 107, 165, 184, 177, 186, 69, 67, 37, 63, 24, 161, 154, 123, 114, 97, 95, 74, 68, 125, 115, 174, 196, 127, 77, 86, 117, 118, 71, 181, 129, 168, 112, 105, 109, 103, 60, 52, 191, 151, 43, 47, 162, 54, 3, 182, 193, 128, 126, 180, 188, 72, 166, 133, 144, 179, 134, 50, 142, 106, 96, 197, 75, 140, 39, 58, 51, 139, 156, 135, 176, 175, 159, 89, 198, 190, 185, 101, 94, 187, 200, 110, 192, 145]项目工期为：487.0；项目成本为：152686.20000000004
染色体结构为:
[83, 76, 38, 55, 11, 130, 73, 13, 136, 172, 81, 19, 8, 42, 138, 149, 22, 173, 27, 17, 80, 70, 147, 53, 167, 155, 194, 113, 148, 10, 12, 56, 108, 199, 66, 30, 92, 82, 9, 178, 62, 15, 25, 99, 41, 121, 78, 79, 57, 183, 158, 20, 124, 33, 163, 119, 5, 40, 18, 29, 1, 36, 85, 84, 34, 49, 169, 87, 26, 98, 14, 141, 31, 32, 111, 152, 45, 120, 64, 23, 4, 44, 88, 35, 90, 28, 91, 100, 104, 16, 59, 131, 2, 143, 122, 65, 137, 132, 170, 102, 157, 116, 6, 171, 160, 7, 21, 93, 189, 153, 46, 146, 48, 150, 61, 107, 164, 186, 195, 184, 165, 177, 37, 69, 24, 123, 67, 161, 154, 63, 74, 114, 125, 97, 174, 95, 196, 115, 68, 127, 86, 117, 77, 118, 112, 71, 129, 109, 105, 168, 103, 60, 181, 151, 162, 52, 191, 47, 43, 182, 54, 180, 193, 3, 72, 128, 190, 188, 89, 156, 94, 133, 192, 58, 134, 50, 200, 185, 75, 166, 106, 126, 142, 39, 198, 179, 51, 144, 197, 139, 96, 159, 140, 135, 175, 176, 110, 101, 187, 145]项目工期为：428.0；项目成本为：160453.0000000001
染色体结构为:
[83, 76, 38, 55, 11, 130, 13, 73, 136, 172, 81, 19, 8, 42, 138, 22, 149, 173, 27, 17, 80, 70, 147, 53, 167, 155, 194, 113, 148, 10, 12, 56, 108, 199, 66, 30, 82, 92, 9, 178, 62, 15, 99, 25, 41, 78, 121, 79, 57, 158, 183, 20, 124, 33, 119, 163, 5, 40, 18, 29, 1, 36, 84, 85, 34, 169, 49, 87, 26, 98, 14, 141, 31, 32, 152, 111, 45, 120, 64, 4, 23, 44, 88, 90, 35, 28, 91, 100, 104, 16, 59, 131, 2, 143, 122, 65, 137, 132, 170, 102, 157, 116, 6, 171, 160, 7, 93, 21, 189, 153, 46, 146, 48, 150, 61, 107, 164, 186, 195, 165, 184, 177, 69, 37, 24, 67, 161, 123, 154, 63, 74, 114, 125, 97, 174, 196, 95, 115, 68, 127, 86, 117, 77, 118, 112, 71, 129, 109, 105, 168, 103, 60, 181, 151, 162, 191, 52, 47, 43, 182, 54, 180, 193, 3, 72, 128, 190, 188, 89, 94, 156, 133, 192, 58, 134, 50, 185, 200, 75, 166, 106, 126, 142, 39, 198, 179, 51, 144, 197, 139, 96, 159, 140, 135, 175, 176, 110, 101, 187, 145]项目工期为：444.0；项目成本为：160428.80000000005
染色体结构为:
[55, 38, 136, 83, 13, 76, 73, 172, 11, 130, 37, 81, 178, 138, 5, 19, 57, 108, 56, 24, 165, 195, 42, 2, 22, 8, 80, 173, 27, 149, 17, 53, 167, 70, 155, 194, 147, 113, 148, 12, 10, 30, 66, 199, 92, 9, 62, 99, 82, 41, 25, 78, 15, 79, 183, 121, 124, 20, 33, 119, 158, 163, 40, 29, 1, 36, 18, 85, 49, 84, 26, 34, 169, 87, 14, 31, 98, 141, 152, 111, 32, 120, 45, 44, 4, 88, 23, 64, 91, 35, 28, 90, 16, 104, 100, 59, 131, 122, 137, 65, 143, 170, 102, 157, 132, 116, 6, 7, 171, 21, 160, 46, 189, 153, 93, 146, 48, 61, 150, 107, 164, 186, 184, 69, 177, 123, 63, 161, 67, 154, 74, 97, 125, 95, 114, 174, 68, 115, 196, 77, 127, 117, 112, 86, 118, 71, 129, 168, 109, 105, 181, 103, 60, 191, 151, 43, 52, 162, 3, 47, 54, 180, 72, 182, 193, 128, 190, 156, 188, 133, 89, 94, 192, 200, 50, 58, 75, 134, 185, 166, 106, 126, 198, 179, 39, 142, 144, 197, 139, 51, 176, 96, 135, 140, 159, 175, 145, 187, 110, 101]项目工期为：333.0；项目成本为：193175.80000000002
染色体结构为:
[55, 38, 76, 73, 11, 83, 136, 13, 130, 172, 42, 81, 19, 8, 22, 138, 173, 80, 149, 27, 70, 17, 53, 167, 155, 194, 147, 10, 113, 56, 148, 12, 108, 199, 66, 92, 9, 30, 62, 82, 178, 25, 99, 41, 78, 15, 79, 183, 121, 57, 158, 33, 124, 20, 119, 163, 40, 29, 5, 18, 1, 84, 85, 36, 34, 49, 26, 87, 169, 98, 31, 14, 141, 152, 111, 32, 120, 4, 45, 23, 44, 35, 88, 64, 104, 91, 28, 100, 90, 16, 131, 2, 59, 65, 122, 170, 137, 143, 132, 102, 157, 116, 6, 160, 7, 21, 171, 93, 153, 189, 146, 46, 61, 48, 150, 195, 107, 164, 184, 165, 69, 186, 177, 24, 37, 67, 123, 161, 63, 154, 97, 114, 74, 174, 125, 95, 115, 77, 68, 196, 86, 127, 112, 118, 117, 71, 129, 168, 109, 105, 103, 181, 151, 52, 191, 60, 162, 43, 54, 3, 180, 47, 128, 182, 193, 190, 72, 156, 89, 188, 192, 133, 94, 200, 58, 50, 185, 198, 75, 134, 166, 39, 126, 106, 142, 179, 144, 96, 197, 51, 139, 140, 176, 159, 175, 135, 145, 101, 110, 187]项目工期为：367.0；项目成本为：177979.3000000001
染色体结构为:
[55, 38, 83, 76, 11, 130, 172, 73, 13, 42, 136, 19, 37, 81, 178, 5, 57, 108, 138, 195, 24, 150, 56, 165, 2, 164, 171, 22, 82, 67, 173, 157, 8, 53, 70, 149, 80, 113, 27, 17, 167, 147, 194, 155, 10, 148, 199, 66, 12, 9, 30, 62, 99, 92, 25, 121, 15, 41, 183, 79, 78, 33, 124, 158, 20, 163, 40, 161, 63, 44, 74, 177, 97, 98, 114, 123, 154, 125, 111, 174, 4, 196, 29, 95, 68, 93, 64, 115, 146, 18, 16, 90, 21, 127, 137, 49, 77, 91, 117, 85, 36, 119, 1, 34, 84, 26, 87, 169, 32, 14, 120, 141, 31, 23, 152, 50, 45, 160, 144, 86, 103, 102, 100, 52, 43, 153, 181, 151, 39, 189, 132, 186, 58, 72, 101, 46, 47, 168, 156, 3, 7, 200, 96, 116, 170, 198, 28, 128, 191, 184, 129, 69, 107, 180, 61, 105, 122, 48, 6, 59, 185, 88, 35, 133, 109, 197, 104, 60, 131, 134, 51, 112, 179, 89, 166, 193, 143, 54, 126, 135, 71, 182, 65, 75, 110, 187, 118, 175, 190, 94, 142, 162, 159, 176, 139, 106, 192, 140, 188, 145]项目工期为：303.0；项目成本为：206177.09999999998
染色体结构为:
[55, 83, 76, 11, 73, 38, 172, 130, 173, 136, 81, 13, 19, 138, 42, 22, 80, 8, 27, 167, 149, 53, 17, 70, 155, 194, 147, 113, 10, 148, 12, 56, 66, 199, 30, 9, 82, 92, 62, 108, 99, 25, 41, 178, 78, 15, 79, 121, 57, 183, 158, 124, 33, 163, 20, 40, 5, 85, 1, 119, 29, 36, 18, 34, 84, 14, 87, 26, 49, 32, 169, 141, 98, 31, 120, 152, 111, 4, 64, 45, 44, 23, 35, 104, 88, 91, 28, 90, 100, 59, 16, 65, 131, 2, 122, 143, 132, 170, 102, 116, 137, 157, 6, 171, 7, 160, 93, 21, 146, 189, 150, 61, 153, 195, 46, 107, 164, 48, 186, 123, 165, 184, 177, 67, 69, 151, 126, 127, 191, 128, 144, 47, 133, 134, 24, 60, 182, 109, 71, 179, 166, 125, 50, 142, 43, 154, 117, 197, 106, 72, 96, 75, 162, 68, 168, 105, 54, 37, 115, 97, 181, 39, 51, 140, 77, 139, 114, 63, 74, 95, 161, 196, 174, 118, 86, 112, 52, 129, 103, 180, 190, 3, 193, 156, 188, 89, 192, 94, 58, 200, 185, 176, 175, 135, 198, 101, 159, 145, 187, 110]项目工期为：315.0；项目成本为：201139.80000000002
染色体结构为:
[55, 38, 83, 76, 11, 73, 130, 81, 13, 136, 22, 172, 19, 8, 42, 138, 173, 149, 80, 17, 27, 167, 53, 70, 155, 194, 147, 113, 56, 10, 66, 12, 148, 199, 108, 30, 92, 9, 62, 82, 99, 25, 178, 78, 15, 183, 41, 79, 121, 158, 57, 33, 124, 163, 20, 40, 29, 18, 119, 5, 1, 36, 34, 85, 49, 87, 84, 26, 14, 169, 31, 98, 32, 141, 152, 111, 4, 120, 45, 44, 23, 64, 88, 35, 28, 90, 104, 91, 100, 59, 16, 131, 2, 122, 65, 137, 170, 143, 7, 132, 102, 6, 116, 171, 21, 157, 153, 160, 189, 46, 150, 93, 146, 61, 195, 164, 107, 48, 165, 186, 184, 177, 37, 69, 63, 67, 24, 161, 123, 154, 74, 114, 97, 125, 95, 68, 115, 174, 77, 196, 127, 117, 118, 86, 71, 129, 181, 112, 168, 109, 103, 105, 60, 52, 191, 151, 162, 43, 3, 54, 47, 182, 193, 180, 128, 188, 126, 133, 72, 144, 166, 179, 134, 142, 50, 197, 106, 96, 140, 75, 39, 58, 51, 156, 135, 139, 159, 89, 198, 176, 175, 101, 185, 94, 190, 200, 110, 192, 187, 145]项目工期为：639.0；项目成本为：137487.2
染色体结构为:
[76, 55, 83, 38, 11, 73, 130, 13, 136, 81, 172, 19, 42, 8, 138, 149, 173, 22, 80, 27, 17, 70, 53, 147, 167, 155, 194, 113, 10, 148, 12, 56, 199, 108, 66, 30, 92, 9, 82, 178, 25, 62, 15, 99, 41, 78, 121, 79, 57, 183, 158, 124, 33, 163, 20, 119, 5, 40, 29, 18, 1, 85, 36, 84, 49, 34, 169, 26, 87, 98, 14, 141, 31, 111, 32, 152, 45, 120, 23, 4, 64, 44, 88, 35, 28, 91, 90, 100, 104, 16, 59, 131, 2, 122, 143, 65, 132, 137, 170, 102, 157, 116, 6, 7, 171, 160, 21, 189, 93, 153, 46, 146, 61, 48, 150, 107, 164, 186, 195, 184, 165, 177, 37, 123, 69, 24, 161, 154, 67, 63, 74, 114, 97, 125, 174, 95, 196, 115, 86, 68, 127, 77, 117, 112, 118, 71, 129, 109, 105, 168, 103, 60, 181, 162, 151, 52, 47, 191, 43, 182, 54, 3, 180, 193, 72, 128, 190, 89, 188, 156, 94, 133, 192, 58, 134, 50, 75, 200, 185, 166, 106, 126, 142, 198, 39, 179, 51, 144, 197, 96, 139, 140, 159, 175, 135, 176, 145, 110, 101, 187]项目工期为：405.0；项目成本为：169280.90000000008
染色体结构为:
[55, 38, 76, 11, 83, 73, 130, 81, 136, 13, 22, 172, 8, 19, 42, 173, 138, 149, 80, 17, 27, 167, 70, 53, 155, 194, 147, 113, 10, 56, 66, 12, 148, 199, 108, 9, 92, 30, 62, 82, 99, 178, 25, 41, 15, 78, 79, 183, 33, 121, 57, 124, 163, 40, 20, 158, 18, 29, 119, 5, 36, 85, 49, 1, 34, 84, 14, 87, 26, 31, 98, 169, 152, 32, 111, 120, 141, 45, 64, 4, 35, 44, 23, 90, 88, 91, 28, 59, 100, 104, 16, 131, 122, 65, 137, 2, 102, 170, 132, 116, 143, 157, 7, 171, 6, 160, 21, 189, 153, 46, 93, 146, 61, 150, 195, 164, 48, 107, 177, 165, 184, 186, 69, 37, 24, 67, 63, 154, 123, 161, 114, 97, 95, 125, 74, 68, 115, 174, 77, 196, 86, 117, 118, 127, 129, 71, 112, 181, 168, 109, 105, 103, 60, 52, 191, 151, 162, 54, 43, 193, 47, 182, 3, 188, 128, 126, 180, 133, 166, 72, 134, 144, 179, 106, 142, 197, 50, 75, 96, 140, 58, 39, 51, 156, 139, 176, 135, 159, 175, 89, 198, 190, 94, 101, 185, 200, 187, 110, 192, 145]项目工期为：523.0；项目成本为：147827.40000000002
染色体结构为:
[55, 76, 38, 83, 11, 73, 130, 13, 81, 136, 172, 22, 19, 8, 42, 173, 149, 138, 80, 17, 167, 27, 70, 53, 155, 194, 147, 10, 113, 56, 66, 12, 148, 199, 108, 30, 92, 9, 82, 62, 99, 178, 25, 15, 78, 183, 41, 121, 79, 57, 158, 33, 163, 20, 124, 29, 40, 18, 119, 5, 1, 36, 34, 85, 49, 87, 84, 26, 14, 169, 31, 32, 98, 141, 152, 111, 4, 120, 45, 44, 23, 64, 88, 35, 28, 90, 104, 91, 100, 59, 16, 131, 122, 2, 65, 137, 170, 143, 132, 7, 102, 6, 116, 171, 21, 157, 153, 160, 189, 150, 46, 93, 61, 146, 195, 164, 107, 48, 165, 186, 37, 184, 177, 63, 69, 24, 161, 123, 67, 154, 74, 114, 97, 125, 95, 68, 115, 174, 77, 196, 117, 127, 118, 129, 86, 71, 181, 109, 112, 103, 168, 105, 60, 191, 52, 151, 162, 3, 43, 54, 47, 182, 193, 180, 128, 188, 126, 133, 144, 72, 134, 166, 142, 50, 179, 197, 106, 96, 140, 75, 58, 39, 156, 51, 139, 135, 89, 159, 198, 176, 175, 101, 185, 94, 190, 200, 192, 110, 145, 187]项目工期为：769.0；项目成本为：134652.1
染色体结构为:
[76, 55, 73, 38, 83, 11, 130, 136, 81, 13, 19, 42, 22, 172, 8, 173, 138, 149, 80, 27, 17, 53, 70, 167, 155, 147, 113, 194, 10, 148, 12, 56, 108, 66, 30, 9, 199, 62, 92, 82, 178, 25, 15, 99, 41, 79, 121, 57, 78, 183, 158, 124, 20, 33, 119, 163, 40, 29, 5, 18, 85, 36, 84, 34, 1, 49, 87, 26, 169, 98, 14, 141, 32, 31, 152, 45, 120, 111, 23, 64, 44, 4, 35, 88, 28, 90, 91, 100, 59, 104, 16, 131, 122, 2, 65, 137, 143, 132, 170, 102, 116, 157, 6, 7, 171, 160, 21, 153, 189, 46, 93, 48, 146, 61, 195, 150, 164, 107, 186, 165, 184, 177, 69, 24, 37, 123, 67, 161, 154, 63, 74, 114, 97, 125, 95, 196, 174, 115, 68, 86, 127, 117, 112, 118, 71, 77, 109, 129, 168, 60, 105, 181, 162, 103, 191, 47, 52, 151, 54, 43, 3, 182, 180, 72, 128, 193, 188, 156, 190, 89, 94, 133, 192, 58, 50, 200, 134, 75, 166, 198, 106, 185, 126, 39, 179, 144, 142, 51, 96, 197, 139, 140, 159, 135, 176, 175, 101, 145, 110, 187]项目工期为：366.0；项目成本为：178806.7000000001
染色体结构为:
[83, 55, 73, 38, 76, 13, 11, 130, 136, 42, 172, 81, 19, 8, 138, 22, 173, 149, 27, 70, 80, 17, 53, 167, 147, 155, 113, 194, 10, 56, 148, 12, 199, 108, 66, 92, 9, 30, 62, 82, 178, 99, 25, 41, 78, 15, 79, 183, 121, 57, 158, 33, 20, 124, 163, 119, 29, 40, 85, 18, 84, 1, 34, 5, 36, 49, 26, 169, 87, 98, 14, 141, 31, 152, 32, 111, 120, 45, 4, 23, 35, 44, 64, 88, 28, 90, 104, 100, 91, 59, 16, 131, 65, 2, 137, 122, 170, 143, 132, 102, 157, 6, 116, 160, 7, 21, 171, 93, 153, 146, 189, 61, 46, 48, 195, 150, 107, 164, 184, 165, 186, 177, 69, 24, 37, 67, 123, 161, 97, 63, 154, 74, 114, 125, 174, 68, 115, 95, 77, 196, 86, 127, 118, 112, 117, 71, 168, 129, 109, 105, 103, 151, 181, 191, 60, 52, 162, 3, 43, 54, 182, 180, 47, 128, 193, 72, 190, 156, 89, 188, 133, 192, 94, 200, 50, 134, 58, 166, 198, 75, 185, 106, 39, 126, 142, 144, 179, 197, 51, 96, 139, 176, 140, 159, 175, 135, 101, 110, 145, 187]项目工期为：369.0；项目成本为：177459.1000000001
染色体结构为:
[55, 76, 83, 38, 11, 73, 130, 173, 81, 136, 172, 13, 19, 42, 138, 22, 80, 167, 8, 27, 70, 149, 53, 17, 194, 155, 113, 147, 10, 12, 148, 56, 199, 66, 30, 82, 92, 9, 62, 99, 108, 178, 41, 25, 15, 78, 121, 79, 183, 158, 57, 124, 163, 33, 20, 5, 85, 40, 119, 29, 1, 36, 18, 84, 34, 87, 14, 49, 32, 26, 169, 141, 98, 152, 31, 120, 45, 4, 111, 44, 64, 35, 23, 104, 91, 88, 59, 28, 90, 100, 65, 16, 131, 143, 2, 122, 170, 132, 137, 102, 116, 171, 157, 6, 7, 160, 93, 21, 146, 195, 189, 150, 153, 61, 46, 107, 164, 165, 48, 186, 123, 184, 69, 177, 67, 127, 126, 151, 144, 191, 47, 133, 60, 128, 134, 24, 182, 71, 109, 179, 166, 50, 142, 125, 43, 117, 154, 72, 197, 106, 75, 96, 162, 68, 105, 54, 37, 115, 168, 97, 181, 39, 140, 77, 139, 51, 63, 114, 196, 74, 95, 161, 118, 86, 174, 112, 129, 52, 103, 180, 190, 3, 188, 193, 156, 89, 94, 58, 192, 200, 185, 198, 176, 135, 175, 159, 145, 187, 101, 110]项目工期为：295.0；项目成本为：211683.2000000001
染色体结构为:
[83, 55, 76, 38, 11, 73, 130, 13, 81, 136, 22, 19, 172, 8, 42, 138, 173, 80, 149, 17, 27, 167, 70, 53, 194, 155, 113, 147, 56, 10, 148, 66, 12, 199, 108, 9, 92, 62, 30, 99, 82, 178, 25, 15, 41, 78, 121, 79, 183, 33, 57, 124, 163, 20, 158, 40, 29, 119, 18, 5, 85, 36, 1, 49, 84, 34, 14, 87, 26, 169, 31, 152, 98, 32, 120, 141, 111, 4, 45, 64, 35, 23, 88, 44, 90, 28, 59, 100, 91, 131, 122, 16, 104, 2, 137, 65, 102, 170, 132, 116, 143, 157, 7, 6, 171, 160, 189, 153, 46, 21, 146, 61, 93, 164, 150, 48, 107, 195, 184, 165, 69, 177, 186, 37, 67, 63, 24, 123, 154, 161, 97, 114, 125, 95, 74, 68, 174, 77, 115, 196, 86, 118, 117, 129, 127, 112, 71, 109, 168, 181, 103, 105, 52, 60, 191, 162, 151, 54, 47, 43, 182, 193, 3, 128, 188, 126, 180, 133, 166, 144, 72, 179, 134, 50, 106, 197, 96, 142, 75, 140, 156, 39, 58, 51, 135, 139, 176, 159, 175, 198, 89, 101, 200, 190, 185, 94, 187, 110, 192, 145]项目工期为：535.0；项目成本为：145785.60000000003
染色体结构为:
[55, 38, 83, 13, 136, 73, 76, 11, 172, 81, 130, 19, 178, 37, 57, 5, 138, 24, 195, 108, 56, 165, 164, 2, 150, 171, 82, 67, 22, 157, 173, 8, 80, 53, 42, 149, 70, 113, 27, 17, 155, 167, 147, 194, 10, 148, 12, 199, 66, 9, 30, 92, 99, 25, 62, 15, 121, 79, 41, 78, 183, 158, 33, 124, 20, 163, 161, 44, 63, 40, 98, 97, 74, 177, 114, 125, 154, 4, 123, 111, 174, 29, 196, 95, 93, 68, 115, 18, 64, 146, 21, 16, 90, 127, 137, 77, 49, 36, 117, 91, 119, 85, 1, 34, 84, 26, 87, 14, 141, 169, 32, 120, 31, 45, 23, 50, 152, 160, 86, 144, 100, 103, 102, 43, 181, 153, 52, 39, 151, 189, 132, 101, 186, 72, 58, 47, 168, 46, 3, 156, 7, 200, 116, 96, 198, 28, 170, 128, 129, 191, 69, 180, 184, 105, 107, 61, 48, 6, 185, 122, 59, 35, 88, 109, 133, 104, 131, 197, 60, 134, 51, 179, 112, 89, 166, 54, 135, 193, 143, 71, 126, 75, 182, 65, 187, 110, 94, 190, 175, 118, 162, 142, 176, 159, 139, 192, 188, 106, 145, 140]项目工期为：286.0；项目成本为：219394.3
染色体结构为:
[76, 55, 73, 38, 11, 83, 130, 136, 81, 13, 19, 42, 172, 22, 8, 173, 138, 149, 80, 27, 17, 53, 167, 70, 155, 147, 113, 194, 10, 56, 148, 12, 108, 66, 30, 199, 9, 92, 82, 62, 178, 25, 15, 99, 41, 79, 121, 57, 78, 158, 183, 124, 20, 33, 119, 163, 40, 29, 5, 18, 85, 36, 84, 1, 34, 49, 26, 87, 169, 98, 14, 141, 31, 32, 152, 45, 111, 23, 120, 64, 44, 4, 35, 88, 28, 90, 91, 100, 59, 104, 16, 131, 122, 2, 65, 137, 132, 143, 102, 170, 116, 6, 7, 157, 171, 21, 160, 189, 93, 153, 46, 146, 61, 48, 195, 150, 164, 107, 165, 184, 186, 177, 69, 37, 123, 24, 67, 161, 63, 154, 114, 74, 97, 125, 174, 95, 196, 115, 127, 68, 117, 86, 118, 112, 77, 71, 109, 129, 168, 105, 60, 103, 181, 151, 52, 162, 191, 47, 43, 3, 182, 180, 54, 72, 193, 128, 190, 188, 156, 89, 192, 94, 50, 133, 58, 200, 134, 75, 185, 166, 106, 126, 39, 198, 142, 179, 144, 51, 197, 139, 96, 140, 159, 175, 135, 110, 176, 101, 187, 145]项目工期为：385.0；项目成本为：172225.00000000017
MID=0.8878835477113037
DM=95323.15940845644
SNS=0.14800077610764992
SM=0.7297676431967853
9.314457821385812E-6
78
共计用时：13秒
