染色体结构为:
[131, 107, 24, 42, 174, 198, 86, 124, 113, 71, 63, 53, 35, 152, 38, 90, 52, 143, 70, 176, 128, 115, 98, 10, 1, 200, 18, 109, 25, 30, 190, 23, 94, 125, 31, 104, 119, 28, 62, 11, 185, 147, 105, 145, 153, 111, 4, 162, 15, 186, 13, 130, 83, 112, 65, 67, 79, 106, 64, 60, 101, 97, 49, 20, 89, 22, 96, 39, 58, 146, 167, 12, 32, 59, 36, 100, 136, 142, 5, 194, 133, 161, 26, 175, 172, 135, 9, 195, 192, 102, 85, 69, 121, 181, 193, 164, 197, 91, 148, 75, 41, 2, 72, 123, 155, 137, 95, 21, 55, 99, 149, 132, 170, 77, 7, 118, 6, 141, 74, 46, 87, 151, 191, 43, 92, 19, 61, 196, 56, 126, 88, 37, 159, 117, 129, 93, 168, 177, 27, 45, 78, 73, 68, 139, 163, 29, 189, 199, 54, 8, 14, 34, 156, 103, 48, 51, 57, 16, 80, 171, 183, 66, 40, 114, 173, 50, 122, 33, 3, 178, 157, 144, 17, 44, 166, 120, 184, 127, 76, 81, 116, 165, 108, 154, 140, 160, 138, 84, 187, 47, 179, 169, 110, 182, 188, 82, 150, 158, 134, 180]项目工期为：169.0；项目成本为：289011.69999999995
染色体结构为:
[152, 65, 91, 24, 42, 86, 88, 174, 71, 198, 124, 35, 113, 143, 53, 63, 52, 38, 90, 107, 17, 11, 128, 176, 61, 131, 195, 171, 16, 12, 167, 7, 23, 9, 57, 104, 100, 19, 77, 4, 48, 139, 162, 161, 64, 170, 46, 97, 133, 144, 22, 101, 25, 74, 194, 55, 98, 18, 118, 94, 132, 59, 79, 115, 109, 197, 34, 32, 125, 75, 14, 8, 41, 130, 157, 36, 67, 33, 96, 80, 85, 136, 60, 102, 28, 21, 117, 200, 45, 114, 119, 15, 183, 62, 146, 153, 31, 54, 20, 72, 111, 83, 112, 159, 191, 135, 76, 126, 49, 13, 1, 95, 70, 5, 141, 10, 30, 92, 44, 121, 190, 6, 154, 87, 39, 123, 29, 149, 166, 186, 58, 147, 89, 164, 26, 105, 78, 172, 165, 68, 66, 192, 116, 106, 37, 108, 122, 27, 56, 103, 163, 69, 160, 43, 40, 140, 50, 145, 148, 184, 2, 142, 137, 173, 84, 151, 3, 168, 129, 155, 138, 156, 93, 187, 181, 51, 47, 81, 179, 182, 120, 169, 196, 99, 177, 127, 188, 189, 150, 185, 110, 158, 82, 175, 134, 193, 199, 178, 73, 180]项目工期为：213.0；项目成本为：236406.40000000008
染色体结构为:
[65, 61, 131, 11, 171, 9, 12, 16, 195, 17, 176, 107, 167, 42, 104, 23, 152, 174, 24, 198, 91, 86, 88, 71, 144, 124, 53, 64, 113, 30, 74, 20, 34, 6, 29, 77, 60, 149, 186, 79, 10, 36, 7, 57, 48, 100, 4, 46, 19, 170, 162, 133, 161, 139, 35, 25, 97, 22, 63, 55, 128, 194, 132, 18, 101, 94, 118, 109, 98, 115, 32, 59, 52, 197, 125, 14, 8, 75, 38, 41, 157, 67, 130, 96, 85, 33, 21, 45, 102, 80, 117, 114, 136, 28, 183, 15, 119, 153, 200, 143, 54, 146, 72, 111, 76, 112, 90, 62, 191, 83, 49, 13, 135, 126, 5, 70, 159, 95, 1, 44, 141, 92, 87, 121, 39, 190, 123, 154, 58, 166, 31, 89, 78, 147, 164, 105, 26, 172, 66, 68, 165, 116, 106, 122, 192, 108, 37, 103, 27, 50, 142, 2, 184, 173, 145, 137, 56, 163, 43, 69, 160, 40, 148, 151, 168, 155, 140, 84, 129, 3, 138, 93, 156, 187, 181, 179, 51, 81, 182, 196, 47, 177, 99, 110, 120, 169, 150, 185, 189, 127, 134, 188, 82, 158, 193, 199, 180, 175, 178, 73]项目工期为：266.0；项目成本为：202559.49999999997
染色体结构为:
[65, 61, 11, 131, 171, 9, 16, 17, 195, 12, 176, 23, 42, 107, 174, 167, 124, 104, 24, 152, 91, 86, 88, 198, 71, 113, 63, 53, 90, 143, 52, 38, 58, 35, 128, 96, 186, 31, 39, 7, 100, 146, 19, 57, 162, 170, 4, 161, 48, 46, 77, 97, 144, 133, 64, 6, 30, 74, 34, 20, 10, 60, 29, 149, 79, 139, 22, 25, 55, 98, 101, 194, 118, 18, 132, 94, 109, 59, 115, 75, 197, 41, 32, 8, 125, 130, 14, 157, 85, 67, 36, 33, 102, 136, 80, 21, 28, 15, 117, 45, 200, 183, 119, 153, 114, 54, 72, 111, 135, 83, 112, 76, 191, 62, 49, 159, 13, 126, 1, 5, 70, 95, 141, 44, 92, 87, 190, 121, 154, 123, 166, 26, 147, 89, 164, 105, 78, 165, 172, 116, 66, 106, 37, 68, 192, 122, 103, 108, 56, 69, 160, 27, 163, 40, 43, 148, 140, 50, 2, 184, 145, 151, 142, 137, 173, 168, 129, 3, 187, 138, 93, 156, 84, 155, 47, 181, 51, 179, 81, 120, 182, 169, 177, 196, 99, 127, 188, 110, 185, 189, 150, 82, 134, 158, 175, 178, 73, 199, 193, 180]项目工期为：247.0；项目成本为：212801.19999999995
染色体结构为:
[65, 91, 152, 24, 88, 174, 42, 198, 86, 53, 71, 124, 113, 63, 90, 143, 38, 52, 107, 35, 58, 176, 128, 96, 186, 31, 39, 167, 59, 146, 12, 32, 162, 111, 79, 100, 10, 147, 5, 36, 89, 9, 131, 46, 17, 61, 171, 11, 22, 195, 23, 104, 19, 7, 16, 102, 119, 62, 60, 50, 94, 106, 2, 18, 72, 75, 121, 117, 118, 172, 70, 184, 142, 122, 54, 132, 139, 170, 145, 137, 83, 77, 173, 66, 57, 4, 133, 161, 144, 64, 48, 74, 25, 101, 194, 97, 98, 115, 55, 197, 125, 34, 109, 8, 14, 67, 41, 130, 33, 80, 45, 157, 85, 21, 15, 28, 136, 153, 114, 6, 183, 29, 30, 20, 149, 200, 112, 76, 135, 159, 191, 13, 49, 123, 141, 190, 126, 92, 1, 95, 44, 166, 87, 154, 78, 26, 164, 105, 165, 192, 116, 108, 37, 103, 163, 68, 69, 56, 27, 43, 40, 140, 160, 151, 148, 168, 84, 3, 155, 129, 138, 93, 187, 51, 156, 47, 181, 179, 182, 81, 120, 99, 177, 196, 169, 127, 110, 188, 185, 189, 82, 158, 150, 175, 134, 193, 199, 180, 178, 73]项目工期为：192.0；项目成本为：256844.50000000006
染色体结构为:
[65, 152, 91, 42, 88, 24, 198, 174, 86, 71, 124, 35, 113, 143, 53, 63, 38, 52, 90, 107, 17, 11, 128, 176, 61, 195, 131, 16, 171, 12, 167, 7, 23, 9, 57, 104, 100, 19, 77, 4, 48, 139, 162, 161, 170, 64, 46, 97, 133, 22, 144, 101, 25, 74, 194, 55, 98, 18, 118, 94, 132, 59, 79, 115, 109, 197, 34, 32, 125, 75, 14, 8, 41, 130, 157, 36, 67, 33, 96, 80, 136, 85, 60, 102, 28, 21, 117, 200, 45, 119, 114, 15, 183, 62, 146, 153, 31, 54, 20, 72, 111, 83, 112, 159, 191, 135, 76, 126, 49, 13, 1, 95, 70, 5, 141, 10, 30, 92, 44, 121, 190, 6, 154, 87, 39, 123, 29, 149, 166, 186, 58, 147, 89, 26, 164, 105, 172, 78, 165, 68, 66, 192, 116, 106, 37, 108, 122, 27, 56, 103, 163, 69, 160, 43, 40, 140, 145, 50, 148, 2, 184, 142, 137, 173, 84, 151, 3, 168, 129, 155, 156, 138, 93, 187, 181, 51, 47, 81, 182, 179, 120, 169, 196, 99, 127, 177, 188, 189, 185, 150, 158, 110, 82, 175, 193, 134, 199, 73, 178, 180]项目工期为：211.0；项目成本为：238660.80000000013
染色体结构为:
[131, 171, 11, 107, 24, 42, 174, 198, 86, 113, 124, 63, 53, 71, 152, 35, 38, 90, 52, 143, 176, 115, 70, 128, 98, 1, 10, 200, 18, 109, 25, 30, 190, 23, 94, 125, 104, 119, 31, 28, 62, 185, 147, 105, 145, 153, 111, 4, 15, 162, 13, 186, 130, 83, 112, 65, 67, 106, 64, 79, 101, 60, 49, 97, 20, 89, 22, 96, 58, 39, 146, 167, 12, 32, 59, 36, 100, 142, 136, 194, 5, 133, 161, 26, 175, 172, 135, 9, 195, 102, 192, 85, 121, 69, 181, 193, 164, 197, 91, 148, 75, 41, 2, 72, 155, 123, 95, 55, 137, 99, 21, 132, 149, 170, 7, 77, 6, 118, 141, 74, 46, 87, 151, 191, 43, 19, 92, 61, 196, 56, 126, 88, 37, 159, 117, 129, 93, 168, 177, 27, 45, 78, 73, 68, 139, 163, 189, 199, 29, 8, 54, 14, 156, 34, 103, 48, 51, 57, 16, 80, 66, 183, 114, 40, 173, 50, 33, 122, 3, 178, 157, 144, 44, 17, 166, 120, 127, 76, 81, 184, 116, 165, 108, 154, 140, 160, 138, 187, 84, 47, 179, 169, 110, 188, 82, 182, 150, 158, 134, 180]项目工期为：170.0；项目成本为：286614.49999999994
染色体结构为:
[65, 61, 171, 131, 11, 9, 12, 16, 17, 176, 195, 23, 42, 167, 107, 174, 124, 104, 152, 86, 24, 88, 91, 198, 71, 53, 63, 113, 90, 143, 52, 38, 35, 128, 58, 96, 186, 31, 39, 146, 7, 100, 19, 57, 162, 4, 48, 161, 170, 77, 46, 97, 133, 64, 144, 6, 30, 74, 20, 34, 60, 29, 10, 149, 79, 25, 22, 139, 101, 55, 98, 194, 118, 18, 94, 132, 59, 109, 115, 75, 197, 32, 41, 8, 125, 14, 130, 157, 85, 36, 67, 33, 102, 136, 80, 21, 15, 28, 117, 45, 200, 183, 114, 119, 153, 72, 54, 111, 112, 83, 76, 135, 191, 62, 49, 159, 13, 126, 1, 5, 70, 95, 44, 141, 92, 190, 87, 121, 123, 154, 166, 147, 89, 26, 164, 78, 105, 172, 165, 116, 66, 106, 68, 122, 37, 192, 108, 103, 56, 160, 69, 163, 27, 40, 140, 43, 148, 50, 2, 184, 145, 142, 151, 137, 173, 168, 3, 129, 138, 187, 156, 93, 84, 155, 181, 51, 47, 179, 81, 182, 120, 169, 177, 99, 127, 188, 110, 196, 189, 150, 185, 82, 158, 134, 73, 178, 175, 199, 193, 180]项目工期为：245.0；项目成本为：213447.1
染色体结构为:
[65, 91, 152, 42, 24, 174, 88, 86, 198, 71, 124, 53, 90, 113, 143, 63, 38, 35, 52, 107, 176, 58, 128, 96, 186, 31, 167, 59, 146, 162, 39, 12, 32, 111, 100, 79, 36, 5, 10, 46, 147, 89, 61, 131, 9, 11, 22, 17, 23, 171, 195, 104, 19, 7, 16, 102, 62, 60, 119, 18, 50, 106, 94, 2, 72, 117, 70, 172, 75, 121, 184, 122, 118, 142, 170, 139, 132, 54, 83, 137, 145, 77, 173, 66, 133, 4, 48, 57, 144, 161, 101, 64, 25, 97, 74, 115, 98, 194, 34, 109, 55, 197, 125, 8, 14, 67, 80, 130, 41, 157, 85, 45, 136, 28, 33, 21, 153, 114, 15, 183, 200, 135, 191, 76, 20, 13, 49, 112, 159, 126, 95, 30, 1, 92, 141, 6, 44, 87, 190, 166, 78, 29, 123, 154, 26, 164, 116, 105, 68, 165, 37, 192, 103, 69, 108, 27, 56, 160, 43, 163, 151, 148, 40, 129, 140, 3, 84, 168, 155, 93, 187, 138, 156, 81, 181, 51, 47, 120, 182, 179, 99, 149, 169, 177, 196, 127, 110, 185, 189, 82, 150, 188, 175, 134, 158, 178, 193, 199, 73, 180]项目工期为：199.0；项目成本为：249281.1
染色体结构为:
[65, 61, 11, 131, 171, 9, 16, 12, 195, 17, 23, 176, 42, 107, 174, 167, 124, 104, 24, 152, 86, 91, 88, 71, 198, 113, 63, 53, 143, 90, 38, 35, 52, 128, 58, 96, 31, 186, 39, 7, 146, 100, 19, 57, 170, 162, 4, 48, 46, 161, 77, 97, 144, 64, 133, 6, 74, 30, 20, 10, 29, 34, 149, 139, 60, 79, 25, 55, 101, 194, 22, 98, 118, 132, 94, 18, 59, 109, 115, 197, 75, 41, 32, 8, 125, 14, 130, 85, 36, 67, 157, 33, 102, 80, 136, 15, 21, 117, 28, 45, 200, 119, 183, 114, 72, 153, 54, 111, 83, 76, 112, 135, 191, 49, 62, 13, 159, 5, 126, 1, 95, 44, 70, 92, 141, 190, 87, 121, 123, 154, 166, 147, 26, 89, 164, 78, 105, 165, 172, 66, 106, 116, 122, 68, 37, 192, 103, 108, 160, 56, 69, 163, 27, 43, 40, 140, 148, 184, 50, 2, 145, 142, 151, 137, 168, 173, 129, 3, 138, 187, 93, 84, 156, 155, 181, 51, 47, 179, 120, 81, 182, 169, 99, 177, 196, 127, 110, 189, 188, 185, 150, 134, 175, 82, 158, 73, 178, 193, 180, 199]项目工期为：221.0；项目成本为：224672.40000000005
染色体结构为:
[65, 131, 61, 11, 171, 9, 12, 16, 17, 195, 23, 176, 107, 42, 174, 124, 167, 104, 24, 152, 91, 86, 71, 88, 198, 113, 53, 63, 90, 143, 38, 52, 35, 128, 96, 58, 186, 31, 39, 7, 146, 100, 19, 57, 162, 170, 4, 48, 161, 46, 77, 97, 144, 133, 64, 6, 30, 74, 20, 29, 10, 34, 149, 139, 60, 79, 25, 55, 101, 194, 22, 98, 118, 18, 132, 94, 59, 109, 115, 197, 75, 32, 41, 8, 125, 14, 130, 85, 36, 67, 157, 33, 102, 80, 136, 21, 15, 117, 45, 28, 200, 119, 183, 114, 153, 54, 72, 111, 83, 112, 76, 135, 191, 49, 62, 13, 159, 5, 126, 95, 1, 44, 70, 92, 190, 141, 87, 121, 123, 154, 166, 147, 26, 89, 164, 78, 105, 165, 172, 116, 66, 106, 122, 68, 37, 192, 103, 108, 160, 56, 163, 69, 27, 40, 43, 140, 50, 148, 2, 184, 145, 142, 151, 137, 173, 168, 129, 3, 187, 138, 93, 84, 156, 155, 181, 51, 47, 179, 120, 81, 182, 99, 169, 177, 196, 127, 189, 110, 188, 185, 150, 82, 134, 175, 158, 73, 178, 199, 193, 180]项目工期为：227.0；项目成本为：220815.49999999997
染色体结构为:
[11, 61, 131, 171, 195, 17, 9, 16, 12, 42, 176, 107, 23, 167, 104, 24, 174, 198, 86, 124, 113, 63, 71, 53, 7, 100, 19, 57, 4, 162, 170, 48, 77, 46, 161, 97, 133, 139, 64, 144, 88, 22, 25, 101, 128, 35, 18, 74, 55, 98, 94, 194, 118, 132, 58, 186, 39, 96, 59, 31, 146, 32, 111, 10, 79, 36, 5, 89, 147, 136, 143, 153, 26, 20, 142, 175, 13, 135, 80, 37, 125, 62, 87, 109, 51, 70, 38, 90, 1, 52, 72, 85, 30, 149, 106, 152, 115, 34, 197, 14, 75, 41, 8, 130, 91, 157, 65, 33, 67, 60, 102, 21, 15, 28, 117, 200, 114, 45, 183, 112, 119, 54, 76, 83, 191, 49, 126, 159, 95, 141, 44, 6, 92, 121, 190, 2, 50, 172, 122, 184, 145, 137, 66, 173, 123, 29, 166, 154, 78, 105, 164, 165, 116, 68, 192, 103, 108, 56, 163, 69, 27, 43, 160, 148, 40, 140, 151, 168, 84, 3, 129, 138, 187, 156, 155, 93, 181, 47, 182, 179, 81, 196, 120, 99, 127, 110, 169, 177, 189, 185, 82, 188, 199, 150, 158, 134, 178, 180, 73, 193]项目工期为：197.0；项目成本为：249943.90000000005
染色体结构为:
[65, 61, 171, 131, 11, 9, 16, 12, 17, 195, 176, 42, 23, 107, 167, 174, 124, 104, 24, 152, 91, 86, 88, 198, 71, 113, 53, 63, 143, 90, 52, 38, 35, 128, 58, 96, 186, 31, 39, 146, 7, 19, 100, 57, 162, 170, 4, 48, 161, 46, 77, 97, 133, 64, 144, 6, 74, 30, 20, 34, 60, 10, 29, 149, 79, 139, 25, 22, 101, 55, 194, 98, 118, 18, 94, 132, 59, 109, 115, 197, 75, 32, 41, 125, 8, 130, 157, 14, 85, 67, 36, 33, 102, 136, 21, 80, 28, 15, 117, 200, 45, 183, 114, 119, 153, 72, 54, 111, 83, 135, 112, 76, 191, 62, 49, 159, 13, 126, 5, 1, 95, 70, 141, 44, 92, 87, 190, 121, 154, 166, 123, 147, 89, 164, 26, 172, 78, 165, 105, 116, 66, 106, 68, 37, 192, 122, 103, 108, 56, 160, 69, 27, 163, 140, 43, 40, 50, 148, 2, 184, 142, 145, 173, 151, 168, 137, 3, 129, 138, 187, 84, 156, 93, 155, 51, 181, 47, 179, 81, 182, 169, 120, 177, 99, 196, 127, 188, 189, 185, 110, 150, 82, 134, 193, 180, 158, 175, 199, 73, 178]项目工期为：238.0；项目成本为：215407.50000000003
染色体结构为:
[11, 171, 131, 176, 17, 195, 16, 61, 107, 12, 42, 104, 9, 23, 167, 152, 24, 65, 174, 198, 91, 86, 71, 124, 88, 144, 64, 113, 30, 53, 6, 20, 74, 34, 29, 77, 60, 186, 149, 10, 7, 36, 79, 48, 57, 100, 19, 4, 161, 133, 46, 170, 139, 162, 35, 25, 63, 22, 128, 101, 55, 97, 18, 194, 132, 94, 98, 118, 115, 32, 109, 59, 125, 52, 197, 8, 75, 38, 14, 157, 41, 130, 96, 67, 85, 33, 21, 80, 45, 114, 102, 200, 136, 117, 15, 183, 28, 143, 146, 153, 72, 119, 54, 112, 83, 111, 62, 76, 191, 13, 90, 49, 70, 126, 135, 5, 159, 1, 95, 44, 141, 92, 87, 190, 154, 58, 39, 121, 123, 31, 78, 147, 166, 89, 164, 105, 165, 26, 66, 68, 172, 116, 37, 122, 106, 142, 192, 27, 50, 108, 2, 173, 103, 137, 184, 145, 163, 56, 43, 69, 160, 148, 40, 84, 151, 140, 129, 187, 3, 168, 156, 155, 138, 181, 93, 47, 179, 81, 51, 182, 196, 110, 177, 99, 169, 120, 127, 150, 134, 185, 189, 188, 158, 82, 193, 199, 180, 178, 175, 73]项目工期为：288.0；项目成本为：192596.4
染色体结构为:
[65, 61, 131, 171, 9, 16, 11, 12, 17, 195, 176, 23, 42, 107, 167, 174, 124, 24, 104, 152, 91, 198, 86, 88, 71, 53, 113, 63, 143, 90, 52, 35, 38, 128, 58, 96, 31, 186, 146, 39, 100, 7, 19, 162, 57, 170, 4, 161, 46, 77, 48, 97, 133, 144, 64, 6, 30, 20, 74, 34, 60, 10, 29, 149, 79, 139, 25, 22, 55, 101, 98, 194, 118, 18, 132, 94, 59, 109, 197, 115, 75, 32, 125, 41, 8, 130, 14, 157, 85, 36, 67, 102, 80, 33, 15, 136, 21, 28, 117, 45, 200, 183, 119, 114, 72, 153, 54, 111, 83, 112, 135, 76, 191, 49, 159, 62, 13, 5, 126, 1, 92, 95, 70, 190, 44, 141, 121, 123, 87, 166, 26, 154, 89, 164, 147, 78, 105, 172, 165, 116, 66, 106, 122, 68, 192, 37, 103, 108, 56, 160, 69, 163, 27, 43, 140, 40, 148, 50, 2, 184, 142, 145, 151, 137, 168, 173, 3, 129, 187, 138, 156, 93, 84, 155, 51, 47, 181, 179, 81, 120, 182, 169, 99, 177, 196, 127, 110, 189, 185, 150, 188, 82, 134, 175, 158, 73, 199, 178, 193, 180]项目工期为：240.0；项目成本为：215142.99999999997
染色体结构为:
[65, 91, 42, 152, 24, 174, 88, 86, 198, 71, 124, 90, 113, 53, 63, 143, 38, 35, 52, 107, 176, 58, 128, 96, 167, 186, 31, 59, 146, 162, 39, 12, 32, 111, 100, 79, 36, 5, 10, 46, 147, 61, 89, 9, 131, 11, 22, 17, 23, 171, 195, 104, 7, 19, 16, 102, 62, 119, 60, 50, 18, 106, 2, 94, 117, 70, 72, 75, 172, 121, 118, 184, 122, 170, 142, 139, 132, 54, 83, 77, 137, 145, 66, 133, 173, 57, 4, 48, 161, 144, 64, 101, 25, 97, 74, 98, 194, 115, 34, 109, 55, 197, 125, 8, 67, 14, 80, 85, 130, 41, 157, 45, 136, 28, 33, 21, 153, 15, 114, 191, 183, 135, 200, 76, 13, 20, 112, 49, 159, 126, 95, 30, 92, 1, 141, 44, 6, 87, 190, 166, 29, 78, 154, 164, 26, 123, 105, 116, 68, 165, 192, 37, 69, 103, 108, 27, 56, 160, 43, 163, 151, 148, 40, 140, 129, 3, 84, 168, 187, 155, 93, 138, 156, 181, 81, 51, 47, 120, 182, 179, 99, 149, 177, 196, 169, 127, 185, 110, 189, 82, 150, 188, 175, 134, 178, 158, 193, 199, 180, 73]项目工期为：195.0；项目成本为：254712.20000000004
染色体结构为:
[61, 131, 65, 11, 171, 9, 16, 17, 176, 12, 195, 42, 23, 167, 107, 174, 124, 104, 24, 152, 86, 91, 198, 88, 71, 113, 63, 53, 143, 52, 90, 35, 128, 58, 38, 96, 186, 31, 39, 146, 7, 19, 100, 162, 57, 170, 48, 4, 161, 46, 77, 97, 133, 144, 6, 64, 30, 74, 20, 34, 10, 60, 29, 149, 139, 79, 22, 25, 101, 55, 194, 98, 118, 132, 18, 94, 59, 197, 109, 115, 32, 75, 8, 41, 130, 125, 85, 157, 14, 102, 36, 33, 67, 136, 80, 21, 15, 28, 117, 45, 200, 183, 119, 114, 54, 153, 83, 72, 111, 135, 112, 191, 62, 76, 49, 159, 126, 5, 13, 70, 1, 44, 95, 141, 92, 121, 154, 190, 87, 166, 123, 26, 147, 89, 78, 164, 165, 105, 116, 66, 172, 106, 68, 37, 122, 192, 108, 103, 160, 56, 69, 27, 163, 43, 40, 140, 50, 184, 148, 142, 2, 145, 151, 173, 137, 3, 168, 129, 138, 187, 93, 156, 155, 84, 181, 51, 179, 47, 81, 182, 120, 169, 177, 196, 127, 99, 188, 189, 110, 82, 150, 158, 185, 73, 175, 134, 199, 178, 180, 193]项目工期为：205.0；项目成本为：240309.20000000004
染色体结构为:
[65, 131, 61, 11, 171, 9, 12, 16, 17, 195, 176, 23, 42, 107, 174, 124, 167, 104, 24, 152, 91, 88, 198, 71, 86, 53, 63, 113, 90, 143, 38, 35, 58, 52, 128, 186, 96, 31, 7, 39, 146, 19, 100, 57, 162, 170, 4, 161, 48, 77, 46, 133, 97, 144, 64, 30, 6, 74, 20, 34, 60, 10, 29, 79, 149, 25, 139, 22, 55, 101, 98, 194, 118, 18, 59, 132, 109, 94, 115, 197, 32, 75, 41, 8, 125, 130, 14, 157, 85, 36, 67, 33, 136, 102, 80, 21, 28, 117, 45, 15, 200, 183, 119, 153, 114, 72, 54, 111, 135, 83, 112, 76, 191, 62, 49, 13, 159, 126, 5, 1, 95, 44, 70, 141, 92, 190, 87, 154, 166, 123, 121, 147, 26, 89, 164, 165, 78, 105, 116, 172, 66, 106, 68, 37, 122, 192, 108, 103, 160, 69, 27, 56, 163, 40, 43, 140, 148, 50, 2, 184, 145, 142, 151, 168, 173, 3, 137, 129, 187, 138, 93, 156, 155, 181, 84, 47, 51, 179, 81, 182, 120, 169, 177, 99, 196, 127, 188, 110, 189, 185, 150, 82, 134, 175, 158, 73, 178, 199, 193, 180]项目工期为：203.0；项目成本为：242970.5000000002
染色体结构为:
[61, 65, 11, 131, 9, 171, 12, 16, 195, 17, 23, 176, 42, 107, 167, 174, 124, 24, 86, 152, 104, 88, 91, 113, 198, 71, 63, 53, 90, 143, 38, 52, 128, 35, 58, 96, 39, 186, 31, 146, 7, 100, 19, 57, 170, 4, 162, 48, 161, 46, 77, 97, 144, 133, 6, 64, 30, 74, 20, 10, 29, 34, 149, 60, 139, 25, 79, 22, 55, 101, 194, 118, 98, 18, 132, 94, 59, 109, 75, 115, 197, 32, 41, 8, 14, 125, 85, 130, 36, 67, 157, 33, 102, 80, 15, 136, 21, 117, 45, 28, 119, 200, 183, 114, 72, 153, 54, 111, 83, 112, 76, 135, 191, 49, 62, 159, 13, 126, 5, 1, 95, 70, 92, 44, 190, 141, 87, 123, 166, 154, 121, 26, 89, 147, 164, 105, 78, 165, 172, 116, 66, 106, 122, 68, 192, 37, 103, 108, 56, 163, 160, 69, 40, 27, 43, 140, 50, 148, 184, 2, 142, 145, 137, 151, 168, 173, 3, 129, 187, 138, 93, 156, 84, 155, 181, 51, 47, 179, 81, 182, 120, 169, 99, 177, 196, 127, 110, 185, 189, 188, 150, 82, 134, 175, 158, 193, 180, 199, 178, 73]项目工期为：237.0；项目成本为：216374.40000000005
染色体结构为:
[65, 91, 42, 152, 24, 174, 88, 86, 198, 71, 124, 90, 53, 143, 113, 63, 38, 35, 52, 176, 107, 58, 128, 96, 167, 31, 186, 59, 146, 162, 39, 12, 111, 32, 100, 79, 36, 5, 10, 46, 61, 147, 89, 131, 9, 11, 22, 23, 17, 171, 195, 104, 19, 16, 102, 7, 62, 119, 60, 50, 18, 106, 94, 2, 72, 117, 70, 75, 121, 172, 184, 118, 122, 170, 142, 139, 54, 132, 83, 137, 77, 145, 66, 173, 133, 57, 4, 48, 161, 144, 64, 101, 25, 97, 74, 98, 115, 194, 34, 197, 109, 55, 125, 8, 67, 14, 80, 130, 85, 41, 157, 136, 45, 28, 33, 21, 153, 15, 114, 191, 183, 200, 135, 76, 20, 49, 13, 112, 159, 126, 95, 30, 92, 1, 6, 141, 44, 87, 190, 29, 166, 78, 154, 164, 123, 26, 116, 68, 105, 192, 165, 103, 37, 69, 27, 108, 56, 160, 43, 163, 148, 151, 140, 40, 129, 3, 168, 187, 84, 155, 93, 138, 156, 81, 181, 51, 47, 120, 182, 99, 179, 149, 177, 196, 169, 127, 185, 110, 189, 82, 150, 188, 175, 134, 178, 158, 193, 199, 73, 180]项目工期为：185.0；项目成本为：265253.2000000001
染色体结构为:
[65, 61, 11, 131, 171, 9, 16, 12, 195, 17, 23, 176, 42, 107, 174, 124, 167, 104, 152, 86, 24, 91, 88, 71, 198, 113, 63, 53, 90, 143, 38, 35, 52, 128, 58, 96, 186, 31, 39, 7, 146, 19, 100, 57, 170, 162, 4, 48, 46, 161, 97, 77, 144, 64, 133, 6, 30, 74, 20, 29, 10, 34, 149, 60, 139, 25, 55, 79, 101, 194, 22, 98, 118, 132, 94, 59, 109, 18, 197, 115, 75, 41, 8, 32, 125, 14, 130, 85, 36, 157, 67, 102, 80, 33, 15, 136, 21, 117, 28, 45, 200, 119, 183, 114, 72, 153, 54, 111, 83, 76, 112, 191, 135, 49, 62, 13, 5, 126, 159, 95, 44, 1, 70, 92, 190, 141, 121, 87, 123, 154, 166, 147, 26, 164, 89, 78, 105, 172, 66, 165, 106, 116, 122, 68, 37, 108, 192, 103, 160, 56, 163, 27, 69, 43, 40, 140, 184, 148, 2, 50, 145, 142, 137, 151, 168, 173, 3, 129, 187, 138, 93, 84, 156, 155, 47, 181, 51, 179, 81, 120, 182, 169, 99, 177, 196, 127, 110, 189, 188, 185, 150, 134, 175, 82, 158, 73, 178, 180, 193, 199]项目工期为：209.0；项目成本为：239983.19999999998
染色体结构为:
[131, 24, 107, 174, 42, 198, 86, 124, 113, 63, 71, 152, 53, 35, 38, 90, 52, 143, 176, 70, 115, 98, 10, 128, 1, 200, 18, 109, 25, 30, 190, 125, 23, 94, 104, 31, 119, 28, 62, 185, 11, 147, 105, 145, 153, 111, 4, 162, 13, 15, 186, 130, 112, 83, 65, 67, 106, 64, 79, 101, 60, 49, 97, 20, 89, 22, 96, 58, 39, 146, 167, 12, 59, 32, 100, 36, 136, 142, 194, 5, 133, 26, 161, 175, 172, 135, 195, 9, 192, 85, 121, 102, 69, 193, 181, 164, 197, 148, 91, 75, 41, 2, 123, 72, 155, 137, 55, 95, 99, 21, 149, 170, 7, 132, 77, 6, 118, 74, 141, 87, 46, 151, 191, 92, 43, 19, 61, 196, 56, 126, 37, 88, 159, 117, 129, 93, 168, 177, 45, 27, 78, 73, 68, 139, 163, 29, 189, 199, 54, 8, 14, 34, 156, 103, 48, 51, 57, 16, 171, 80, 66, 114, 183, 40, 173, 50, 33, 122, 3, 178, 157, 144, 44, 17, 166, 76, 154, 165, 160, 116, 108, 140, 184, 84, 187, 138, 179, 81, 47, 182, 110, 150, 120, 169, 127, 188, 134, 158, 180, 82]项目工期为：178.0；项目成本为：273546.70000000007
染色体结构为:
[65, 61, 131, 171, 11, 9, 16, 12, 17, 176, 23, 195, 42, 107, 174, 167, 124, 104, 24, 91, 152, 86, 88, 198, 71, 113, 53, 63, 90, 143, 52, 38, 35, 128, 58, 96, 7, 100, 162, 4, 19, 57, 170, 77, 48, 161, 46, 144, 133, 64, 97, 6, 30, 20, 74, 34, 60, 186, 29, 10, 149, 79, 36, 139, 22, 25, 101, 55, 18, 194, 94, 132, 98, 118, 115, 32, 109, 125, 59, 197, 75, 14, 8, 157, 67, 41, 21, 130, 85, 33, 80, 114, 45, 102, 136, 117, 200, 15, 183, 28, 153, 119, 54, 112, 146, 72, 83, 191, 62, 111, 76, 5, 135, 13, 49, 159, 70, 95, 126, 92, 1, 141, 87, 44, 121, 39, 190, 166, 154, 123, 31, 66, 89, 50, 106, 2, 147, 172, 122, 142, 145, 184, 137, 78, 173, 164, 26, 192, 68, 116, 165, 37, 105, 103, 69, 27, 108, 160, 163, 56, 43, 148, 140, 151, 168, 3, 40, 129, 84, 138, 155, 187, 93, 156, 181, 47, 179, 51, 81, 182, 196, 99, 177, 127, 120, 185, 169, 110, 189, 188, 82, 158, 134, 150, 175, 199, 178, 180, 73, 193]项目工期为：309.0；项目成本为：186925.09999999992
染色体结构为:
[11, 61, 171, 131, 195, 9, 17, 12, 16, 42, 107, 176, 23, 167, 104, 174, 24, 198, 86, 124, 113, 71, 63, 53, 100, 7, 19, 57, 162, 4, 170, 48, 77, 46, 133, 97, 161, 64, 139, 22, 144, 101, 88, 25, 128, 35, 18, 74, 55, 94, 98, 194, 132, 58, 118, 186, 39, 96, 31, 59, 146, 111, 32, 79, 10, 36, 5, 89, 136, 147, 153, 143, 20, 26, 142, 13, 175, 80, 135, 125, 62, 37, 87, 109, 51, 38, 70, 90, 52, 1, 85, 72, 149, 30, 106, 152, 115, 34, 197, 14, 75, 41, 8, 157, 91, 65, 130, 67, 33, 60, 102, 21, 15, 28, 117, 200, 45, 114, 112, 183, 119, 54, 76, 191, 83, 49, 126, 159, 141, 95, 6, 92, 44, 190, 121, 50, 2, 172, 122, 145, 184, 137, 66, 173, 29, 123, 166, 105, 154, 78, 164, 165, 116, 192, 68, 103, 108, 163, 56, 69, 27, 160, 43, 148, 40, 140, 151, 168, 84, 3, 129, 138, 156, 187, 155, 93, 181, 47, 182, 81, 179, 120, 196, 99, 169, 127, 177, 110, 185, 82, 189, 188, 199, 150, 134, 178, 180, 73, 158, 193]项目工期为：200.0；项目成本为：249236.4
染色体结构为:
[131, 11, 61, 195, 171, 17, 9, 42, 16, 12, 107, 23, 176, 104, 24, 167, 174, 198, 86, 124, 113, 71, 63, 53, 7, 100, 19, 4, 57, 162, 77, 170, 48, 46, 161, 97, 133, 139, 64, 144, 22, 88, 25, 101, 128, 35, 74, 18, 94, 55, 98, 194, 118, 132, 186, 58, 39, 96, 31, 59, 146, 32, 111, 10, 79, 36, 5, 89, 147, 136, 143, 26, 20, 153, 142, 175, 13, 135, 125, 80, 37, 62, 109, 87, 51, 70, 90, 1, 38, 52, 85, 72, 30, 149, 106, 152, 115, 34, 197, 14, 41, 75, 8, 91, 157, 130, 65, 33, 67, 60, 102, 21, 15, 28, 200, 117, 114, 45, 183, 112, 119, 76, 54, 83, 191, 49, 126, 159, 141, 95, 6, 44, 92, 190, 121, 2, 50, 172, 122, 184, 145, 66, 137, 173, 123, 29, 154, 166, 105, 78, 165, 164, 116, 68, 192, 103, 108, 56, 163, 27, 69, 43, 160, 40, 148, 151, 140, 84, 168, 3, 129, 138, 187, 155, 156, 93, 47, 181, 182, 179, 120, 196, 81, 99, 169, 127, 110, 189, 185, 177, 82, 199, 188, 150, 134, 158, 178, 180, 73, 193]项目工期为：193.0；项目成本为：256594.80000000002
染色体结构为:
[11, 171, 131, 195, 176, 17, 61, 107, 16, 12, 42, 104, 9, 23, 152, 167, 65, 24, 91, 174, 198, 86, 71, 88, 124, 144, 113, 64, 30, 53, 74, 6, 34, 20, 29, 60, 77, 186, 149, 10, 7, 36, 79, 57, 48, 4, 100, 170, 19, 161, 133, 46, 139, 162, 25, 35, 63, 128, 22, 101, 97, 55, 194, 18, 132, 94, 98, 118, 115, 109, 32, 59, 125, 52, 8, 197, 38, 75, 14, 157, 41, 130, 96, 85, 67, 21, 33, 80, 45, 114, 102, 136, 117, 200, 15, 183, 153, 28, 143, 119, 146, 72, 54, 112, 83, 62, 76, 111, 90, 191, 13, 49, 135, 126, 70, 5, 1, 159, 95, 44, 141, 92, 87, 121, 39, 190, 166, 154, 58, 123, 66, 31, 89, 50, 106, 2, 147, 172, 142, 122, 145, 78, 184, 137, 173, 164, 26, 116, 192, 68, 165, 105, 103, 37, 69, 27, 108, 160, 163, 56, 148, 43, 140, 151, 168, 3, 40, 129, 138, 84, 187, 93, 155, 156, 181, 47, 51, 179, 81, 182, 177, 196, 99, 127, 185, 120, 169, 110, 150, 134, 189, 188, 158, 180, 82, 193, 199, 175, 178, 73]项目工期为：317.0；项目成本为：185913.3
染色体结构为:
[91, 65, 42, 152, 174, 24, 88, 71, 86, 198, 124, 90, 53, 143, 113, 63, 38, 35, 52, 176, 107, 58, 128, 96, 167, 31, 186, 59, 146, 162, 39, 111, 12, 32, 79, 100, 36, 5, 10, 46, 61, 147, 131, 89, 9, 22, 11, 23, 17, 171, 195, 104, 19, 16, 102, 7, 62, 119, 60, 50, 18, 94, 106, 2, 117, 72, 70, 75, 121, 172, 184, 118, 122, 170, 139, 54, 142, 132, 83, 137, 77, 145, 66, 133, 173, 57, 4, 48, 161, 64, 144, 101, 25, 97, 74, 98, 115, 34, 194, 197, 109, 55, 125, 67, 8, 14, 80, 130, 85, 41, 157, 136, 45, 33, 28, 21, 153, 15, 114, 191, 200, 135, 183, 76, 49, 20, 13, 112, 159, 95, 126, 30, 92, 1, 6, 141, 190, 87, 166, 44, 29, 78, 154, 164, 123, 26, 116, 68, 105, 192, 165, 103, 37, 69, 27, 108, 160, 56, 43, 163, 148, 151, 140, 40, 129, 168, 3, 187, 84, 155, 93, 138, 156, 181, 81, 47, 51, 182, 120, 99, 179, 149, 177, 196, 127, 169, 185, 110, 189, 175, 199, 82, 188, 150, 134, 158, 178, 180, 73, 193]项目工期为：187.0；项目成本为：264389.3000000001
染色体结构为:
[61, 65, 131, 171, 11, 9, 12, 16, 195, 17, 176, 107, 167, 42, 104, 23, 152, 174, 24, 198, 91, 86, 144, 88, 71, 53, 124, 64, 113, 30, 74, 20, 34, 6, 29, 77, 149, 60, 186, 79, 10, 7, 36, 57, 100, 4, 48, 46, 170, 19, 162, 161, 133, 139, 25, 35, 97, 22, 63, 55, 194, 132, 128, 18, 101, 94, 118, 109, 115, 98, 32, 59, 52, 197, 125, 8, 14, 38, 75, 41, 157, 130, 67, 96, 85, 33, 21, 45, 102, 80, 117, 114, 136, 28, 183, 119, 15, 153, 200, 54, 143, 146, 111, 72, 76, 112, 90, 62, 191, 83, 49, 13, 135, 126, 5, 70, 159, 95, 1, 44, 92, 141, 87, 121, 190, 39, 123, 154, 58, 166, 31, 89, 147, 78, 26, 164, 105, 172, 66, 68, 165, 116, 106, 122, 192, 108, 37, 103, 27, 50, 142, 2, 184, 173, 145, 56, 137, 163, 43, 69, 160, 40, 148, 151, 168, 155, 140, 84, 129, 3, 138, 156, 93, 187, 181, 51, 179, 81, 182, 196, 47, 177, 110, 99, 120, 169, 150, 185, 189, 127, 188, 134, 82, 158, 199, 193, 180, 175, 178, 73]项目工期为：261.0；项目成本为：203068.90000000002
染色体结构为:
[65, 91, 152, 42, 24, 174, 88, 86, 198, 71, 124, 90, 113, 53, 143, 63, 38, 35, 52, 176, 107, 58, 128, 167, 96, 186, 31, 59, 146, 162, 39, 12, 32, 111, 100, 79, 36, 5, 10, 46, 147, 61, 89, 9, 131, 11, 22, 23, 17, 171, 195, 104, 7, 19, 16, 102, 62, 119, 60, 50, 18, 106, 94, 2, 72, 117, 70, 75, 172, 121, 184, 122, 118, 170, 142, 139, 54, 132, 83, 137, 77, 145, 133, 66, 173, 4, 57, 48, 161, 144, 64, 101, 25, 97, 74, 98, 115, 194, 34, 109, 197, 55, 125, 67, 14, 8, 130, 80, 85, 41, 157, 45, 136, 28, 33, 21, 153, 114, 15, 183, 191, 135, 200, 76, 13, 20, 49, 112, 159, 126, 95, 30, 92, 1, 6, 141, 44, 87, 190, 166, 29, 78, 154, 164, 123, 26, 116, 105, 68, 192, 165, 37, 103, 69, 108, 27, 56, 43, 160, 151, 163, 148, 40, 140, 129, 3, 168, 84, 187, 155, 138, 93, 156, 81, 181, 51, 47, 120, 182, 179, 99, 177, 149, 196, 169, 127, 185, 110, 189, 82, 150, 188, 175, 134, 178, 158, 193, 73, 199, 180]项目工期为：190.0；项目成本为：261614.2
染色体结构为:
[61, 65, 131, 171, 11, 9, 12, 16, 17, 195, 176, 107, 42, 167, 104, 23, 152, 174, 198, 24, 91, 86, 88, 144, 124, 53, 64, 71, 113, 30, 74, 20, 34, 6, 77, 29, 60, 149, 186, 79, 7, 10, 36, 57, 48, 100, 4, 46, 19, 170, 133, 161, 162, 139, 35, 97, 25, 63, 22, 55, 194, 132, 128, 18, 101, 94, 118, 109, 98, 115, 32, 52, 197, 125, 59, 14, 8, 38, 75, 41, 157, 130, 67, 96, 85, 33, 21, 45, 102, 80, 117, 114, 136, 28, 183, 119, 15, 153, 200, 143, 54, 146, 72, 111, 112, 76, 62, 90, 191, 83, 49, 135, 13, 126, 5, 70, 159, 95, 1, 44, 92, 141, 87, 121, 39, 190, 123, 58, 154, 166, 31, 89, 147, 78, 164, 26, 105, 66, 165, 172, 68, 116, 106, 122, 192, 108, 37, 103, 50, 27, 142, 184, 2, 173, 145, 137, 56, 163, 43, 69, 160, 40, 148, 151, 168, 155, 84, 140, 129, 3, 138, 156, 187, 93, 181, 179, 51, 81, 182, 196, 99, 47, 177, 110, 120, 169, 185, 150, 189, 127, 134, 188, 158, 193, 180, 82, 199, 178, 175, 73]项目工期为：275.0；项目成本为：197706.3
染色体结构为:
[65, 61, 11, 131, 171, 9, 16, 12, 195, 17, 23, 176, 42, 107, 174, 167, 124, 24, 104, 152, 86, 91, 88, 71, 198, 113, 63, 53, 143, 90, 38, 35, 52, 128, 58, 96, 31, 186, 39, 7, 146, 100, 19, 170, 57, 4, 162, 48, 46, 161, 77, 97, 144, 64, 133, 6, 30, 74, 20, 10, 29, 34, 149, 139, 60, 79, 55, 25, 101, 194, 22, 98, 132, 118, 94, 18, 59, 109, 115, 197, 75, 41, 32, 8, 14, 125, 130, 85, 36, 67, 157, 102, 33, 80, 15, 136, 21, 117, 28, 45, 200, 119, 183, 114, 72, 153, 54, 111, 83, 76, 112, 135, 191, 49, 62, 13, 159, 5, 126, 95, 1, 44, 70, 92, 141, 190, 87, 121, 123, 154, 166, 147, 26, 89, 164, 78, 165, 105, 172, 106, 66, 116, 122, 68, 37, 192, 103, 108, 160, 56, 69, 27, 163, 43, 40, 140, 148, 184, 50, 145, 2, 142, 151, 137, 168, 173, 129, 3, 138, 187, 93, 84, 156, 181, 51, 155, 47, 179, 120, 182, 81, 169, 99, 177, 196, 127, 110, 189, 188, 185, 150, 134, 175, 82, 158, 73, 178, 193, 199, 180]项目工期为：216.0；项目成本为：231411.40000000008
染色体结构为:
[195, 11, 171, 131, 61, 176, 107, 17, 16, 12, 42, 104, 9, 23, 167, 152, 65, 174, 24, 91, 198, 86, 88, 124, 71, 144, 113, 53, 64, 30, 74, 6, 29, 77, 20, 34, 186, 60, 149, 10, 79, 36, 57, 7, 4, 100, 170, 48, 19, 161, 46, 162, 139, 25, 22, 133, 35, 63, 128, 101, 55, 97, 18, 94, 194, 132, 98, 118, 115, 32, 109, 125, 197, 59, 52, 75, 14, 8, 157, 38, 41, 67, 96, 130, 21, 85, 33, 80, 45, 114, 102, 136, 117, 200, 15, 28, 183, 153, 143, 119, 54, 146, 112, 72, 83, 191, 62, 111, 90, 5, 76, 135, 13, 49, 159, 126, 92, 70, 1, 95, 87, 141, 44, 121, 190, 39, 154, 166, 123, 58, 31, 66, 89, 106, 50, 2, 147, 172, 122, 145, 142, 184, 137, 78, 173, 164, 26, 192, 116, 68, 165, 105, 103, 37, 27, 69, 108, 160, 163, 56, 148, 43, 151, 168, 140, 3, 40, 129, 84, 138, 155, 187, 93, 156, 47, 181, 179, 51, 81, 182, 196, 99, 177, 127, 120, 185, 110, 189, 169, 150, 188, 82, 134, 199, 158, 193, 180, 175, 178, 73]项目工期为：333.0；项目成本为：184988.69999999998
染色体结构为:
[65, 61, 131, 11, 9, 12, 171, 16, 17, 195, 107, 176, 167, 42, 104, 23, 152, 174, 24, 198, 91, 86, 88, 71, 124, 144, 53, 64, 30, 113, 20, 74, 34, 6, 29, 77, 60, 149, 79, 186, 10, 36, 7, 57, 48, 100, 4, 19, 46, 170, 162, 133, 161, 139, 35, 25, 97, 22, 63, 55, 194, 128, 132, 18, 101, 94, 118, 109, 98, 115, 32, 59, 52, 197, 125, 14, 8, 75, 38, 157, 41, 67, 130, 96, 85, 33, 21, 45, 102, 80, 117, 114, 136, 183, 28, 15, 119, 200, 153, 143, 54, 146, 72, 76, 111, 90, 112, 62, 191, 49, 83, 135, 13, 5, 126, 70, 95, 159, 1, 44, 141, 92, 87, 121, 39, 190, 123, 154, 58, 166, 31, 89, 78, 147, 164, 105, 26, 172, 66, 68, 116, 165, 106, 122, 108, 192, 103, 37, 27, 50, 142, 2, 184, 173, 145, 137, 56, 163, 43, 69, 160, 40, 148, 151, 168, 155, 140, 84, 3, 129, 138, 93, 156, 187, 181, 179, 51, 81, 182, 196, 47, 177, 110, 99, 120, 169, 150, 189, 185, 127, 134, 188, 82, 158, 199, 193, 175, 180, 178, 73]项目工期为：257.0；项目成本为：206765.19999999998
染色体结构为:
[65, 131, 61, 11, 171, 9, 12, 17, 16, 195, 23, 176, 42, 107, 174, 124, 167, 104, 24, 152, 91, 86, 88, 71, 198, 113, 53, 63, 90, 38, 143, 52, 35, 128, 96, 58, 186, 31, 39, 7, 146, 100, 19, 57, 162, 170, 4, 48, 161, 77, 46, 97, 144, 133, 64, 6, 30, 74, 20, 29, 10, 34, 149, 139, 60, 79, 25, 55, 101, 194, 22, 98, 118, 18, 132, 94, 109, 59, 115, 75, 197, 32, 41, 8, 14, 125, 130, 85, 36, 67, 33, 157, 102, 80, 21, 136, 15, 117, 45, 200, 28, 119, 183, 114, 153, 72, 54, 111, 83, 112, 135, 76, 191, 49, 62, 13, 159, 5, 95, 126, 1, 44, 70, 92, 190, 141, 87, 121, 123, 166, 154, 147, 26, 89, 78, 164, 105, 165, 172, 116, 66, 106, 122, 37, 68, 103, 108, 192, 160, 56, 163, 69, 27, 40, 43, 140, 50, 148, 2, 184, 145, 142, 137, 151, 173, 168, 129, 3, 187, 138, 93, 84, 155, 156, 181, 51, 47, 179, 120, 81, 182, 99, 169, 177, 127, 196, 189, 110, 188, 185, 150, 82, 134, 175, 158, 73, 178, 199, 193, 180]项目工期为：225.0；项目成本为：222592.1
染色体结构为:
[131, 24, 107, 174, 198, 42, 124, 86, 113, 71, 63, 152, 53, 35, 38, 90, 52, 143, 176, 70, 115, 98, 10, 128, 1, 200, 18, 109, 30, 25, 190, 125, 23, 94, 104, 31, 119, 28, 62, 11, 185, 147, 105, 145, 153, 111, 4, 162, 13, 186, 15, 130, 112, 83, 65, 67, 106, 64, 79, 60, 101, 49, 97, 89, 20, 22, 96, 58, 146, 39, 167, 12, 59, 32, 100, 36, 136, 142, 194, 5, 133, 26, 161, 172, 175, 135, 9, 195, 192, 85, 121, 102, 69, 193, 181, 164, 197, 91, 75, 148, 41, 2, 123, 155, 72, 137, 55, 95, 99, 149, 170, 21, 7, 132, 77, 118, 6, 74, 141, 87, 46, 151, 191, 92, 43, 19, 61, 196, 56, 126, 37, 88, 159, 117, 93, 129, 168, 177, 45, 27, 78, 73, 68, 139, 163, 29, 199, 189, 54, 8, 14, 34, 156, 103, 48, 51, 57, 16, 171, 80, 66, 114, 183, 40, 173, 50, 33, 122, 178, 3, 157, 144, 44, 17, 166, 76, 154, 165, 160, 116, 108, 140, 184, 84, 187, 138, 179, 81, 47, 182, 110, 150, 120, 169, 127, 188, 134, 158, 180, 82]项目工期为：181.0；项目成本为：272569.9
染色体结构为:
[61, 11, 131, 171, 195, 42, 17, 176, 9, 16, 12, 119, 23, 167, 143, 107, 146, 104, 79, 62, 36, 102, 31, 60, 186, 52, 94, 106, 39, 72, 50, 10, 59, 18, 2, 117, 75, 121, 70, 118, 124, 63, 172, 122, 139, 170, 184, 162, 142, 54, 132, 145, 147, 83, 66, 111, 137, 173, 53, 86, 19, 100, 161, 7, 57, 133, 4, 48, 77, 46, 97, 144, 64, 101, 88, 22, 174, 35, 74, 128, 25, 24, 198, 113, 90, 71, 115, 152, 98, 38, 200, 125, 109, 1, 30, 28, 190, 193, 185, 126, 123, 27, 37, 89, 49, 141, 112, 13, 5, 153, 43, 33, 81, 34, 82, 197, 51, 73, 65, 91, 58, 92, 105, 175, 14, 85, 135, 45, 55, 99, 15, 20, 67, 41, 29, 21, 96, 80, 8, 136, 114, 130, 183, 191, 76, 159, 32, 157, 95, 87, 6, 78, 166, 154, 26, 116, 44, 164, 194, 56, 192, 68, 108, 163, 103, 160, 165, 140, 69, 148, 40, 84, 196, 151, 3, 156, 182, 47, 181, 189, 127, 188, 134, 169, 129, 168, 177, 155, 93, 138, 149, 199, 178, 187, 179, 150, 158, 180, 120, 110]项目工期为：176.0；项目成本为：280311.8
染色体结构为:
[65, 61, 171, 131, 11, 9, 16, 12, 176, 17, 23, 195, 42, 107, 174, 167, 124, 104, 91, 152, 86, 24, 88, 198, 71, 113, 53, 90, 63, 143, 52, 38, 35, 58, 128, 96, 7, 100, 162, 4, 57, 19, 170, 48, 161, 77, 46, 144, 133, 64, 97, 6, 30, 20, 34, 60, 186, 74, 29, 10, 149, 79, 36, 139, 22, 25, 101, 55, 18, 94, 194, 132, 98, 115, 118, 32, 109, 59, 125, 197, 75, 14, 8, 157, 67, 41, 21, 130, 33, 85, 80, 114, 45, 102, 136, 117, 200, 15, 183, 28, 153, 119, 54, 112, 83, 72, 146, 191, 62, 76, 111, 135, 5, 13, 49, 159, 126, 70, 95, 92, 1, 141, 87, 44, 121, 39, 190, 166, 154, 31, 123, 66, 89, 106, 50, 2, 147, 172, 122, 142, 145, 184, 137, 173, 164, 78, 192, 26, 68, 116, 165, 105, 37, 103, 69, 27, 108, 160, 163, 56, 43, 148, 151, 140, 168, 3, 40, 129, 84, 138, 155, 187, 93, 156, 181, 47, 179, 51, 81, 182, 196, 99, 177, 120, 127, 169, 185, 189, 110, 188, 82, 158, 134, 150, 199, 175, 178, 180, 73, 193]项目工期为：285.0；项目成本为：195571.9
染色体结构为:
[171, 11, 131, 195, 176, 17, 61, 16, 107, 42, 9, 12, 104, 167, 23, 65, 152, 24, 174, 91, 86, 198, 71, 88, 124, 144, 30, 113, 64, 53, 74, 20, 6, 34, 29, 60, 77, 149, 186, 10, 36, 7, 79, 57, 48, 100, 4, 46, 19, 170, 133, 161, 162, 139, 35, 97, 25, 63, 22, 55, 194, 132, 128, 18, 101, 94, 118, 109, 98, 115, 32, 52, 197, 125, 59, 14, 8, 38, 75, 41, 157, 130, 67, 96, 85, 33, 21, 45, 102, 80, 117, 136, 114, 28, 183, 119, 15, 153, 200, 143, 54, 146, 72, 111, 112, 76, 62, 191, 90, 83, 49, 135, 13, 126, 5, 70, 159, 95, 1, 44, 92, 141, 87, 121, 190, 39, 123, 58, 154, 166, 31, 89, 147, 78, 164, 26, 105, 66, 165, 172, 68, 116, 106, 122, 192, 37, 108, 103, 50, 27, 142, 184, 2, 173, 145, 137, 56, 163, 43, 69, 160, 40, 148, 151, 168, 155, 84, 140, 129, 3, 138, 156, 187, 181, 93, 179, 51, 81, 196, 182, 99, 47, 177, 110, 120, 169, 185, 150, 189, 127, 134, 188, 158, 193, 180, 82, 199, 178, 175, 73]项目工期为：291.0；项目成本为：192405.5
染色体结构为:
[65, 91, 42, 152, 24, 174, 88, 86, 198, 71, 90, 124, 113, 143, 53, 63, 38, 35, 52, 176, 107, 58, 128, 167, 96, 186, 31, 59, 146, 162, 39, 12, 32, 111, 100, 79, 36, 5, 10, 46, 147, 61, 89, 9, 131, 11, 22, 23, 17, 171, 195, 104, 19, 7, 102, 16, 62, 119, 60, 50, 18, 106, 94, 2, 72, 70, 117, 75, 121, 172, 184, 122, 118, 170, 142, 139, 54, 132, 83, 77, 145, 133, 66, 137, 173, 57, 4, 48, 161, 144, 64, 101, 97, 25, 74, 115, 98, 194, 34, 109, 197, 55, 125, 67, 14, 8, 130, 80, 85, 41, 157, 45, 136, 28, 33, 21, 153, 114, 15, 183, 191, 200, 135, 76, 13, 20, 49, 112, 126, 159, 95, 30, 92, 1, 6, 141, 44, 87, 190, 166, 29, 78, 164, 154, 123, 26, 116, 105, 68, 192, 165, 37, 103, 69, 108, 27, 56, 160, 43, 151, 163, 148, 40, 140, 129, 168, 3, 84, 187, 155, 138, 93, 156, 81, 181, 51, 47, 120, 182, 179, 99, 177, 149, 196, 169, 127, 185, 110, 189, 82, 150, 188, 175, 134, 158, 178, 193, 73, 199, 180]项目工期为：191.0；项目成本为：259634.69999999998
染色体结构为:
[171, 11, 131, 195, 176, 17, 61, 16, 107, 42, 9, 12, 104, 167, 23, 65, 152, 24, 91, 174, 86, 198, 71, 88, 124, 144, 30, 113, 64, 74, 53, 6, 20, 34, 29, 60, 149, 77, 186, 10, 36, 79, 7, 57, 48, 100, 4, 19, 46, 170, 161, 133, 139, 162, 35, 97, 25, 63, 55, 22, 194, 132, 128, 18, 94, 118, 101, 109, 98, 115, 32, 52, 197, 125, 59, 14, 8, 38, 75, 41, 130, 157, 67, 96, 85, 21, 90, 143, 33, 58, 31, 39, 146, 102, 136, 80, 28, 15, 117, 45, 200, 183, 119, 114, 153, 72, 54, 111, 83, 135, 112, 76, 191, 62, 49, 159, 13, 126, 5, 1, 95, 70, 44, 141, 92, 87, 190, 121, 154, 123, 166, 147, 26, 89, 164, 78, 105, 172, 116, 165, 66, 106, 37, 68, 122, 192, 108, 103, 56, 160, 69, 27, 163, 43, 40, 140, 148, 50, 2, 184, 145, 142, 173, 151, 168, 3, 137, 129, 138, 156, 187, 93, 84, 155, 181, 51, 47, 179, 81, 182, 169, 120, 99, 177, 196, 127, 110, 188, 150, 189, 185, 82, 158, 134, 175, 73, 178, 193, 199, 180]项目工期为：267.0；项目成本为：202486.19999999992
染色体结构为:
[171, 11, 131, 195, 176, 17, 61, 16, 107, 42, 9, 12, 167, 104, 23, 65, 152, 24, 174, 91, 86, 198, 71, 88, 124, 144, 30, 64, 113, 53, 74, 20, 6, 34, 29, 60, 77, 149, 186, 10, 36, 7, 79, 57, 48, 100, 4, 46, 19, 170, 133, 161, 162, 139, 35, 97, 25, 22, 63, 55, 194, 132, 128, 18, 101, 94, 118, 109, 98, 115, 32, 52, 197, 125, 59, 14, 8, 38, 75, 41, 157, 130, 67, 96, 33, 21, 85, 45, 102, 80, 117, 136, 114, 28, 183, 119, 15, 153, 200, 143, 54, 146, 72, 111, 112, 76, 62, 191, 90, 49, 83, 135, 126, 13, 5, 70, 159, 95, 1, 44, 92, 141, 87, 121, 190, 123, 39, 58, 154, 166, 31, 147, 89, 78, 26, 164, 105, 66, 165, 172, 68, 116, 106, 122, 192, 37, 108, 103, 50, 27, 142, 2, 184, 173, 145, 137, 56, 163, 43, 69, 160, 40, 148, 151, 168, 155, 84, 140, 129, 3, 138, 156, 187, 181, 179, 93, 51, 81, 196, 182, 99, 177, 47, 120, 110, 169, 185, 150, 189, 127, 134, 188, 158, 180, 193, 82, 199, 178, 175, 73]项目工期为：293.0；项目成本为：191064.2
染色体结构为:
[65, 61, 131, 171, 11, 9, 16, 12, 17, 176, 23, 195, 42, 174, 167, 107, 124, 104, 24, 152, 91, 86, 88, 198, 71, 113, 53, 63, 90, 143, 52, 38, 35, 128, 58, 96, 100, 7, 162, 4, 19, 170, 57, 77, 48, 161, 46, 144, 133, 64, 97, 6, 30, 20, 74, 34, 60, 186, 29, 10, 149, 79, 36, 139, 22, 25, 101, 55, 18, 194, 94, 98, 132, 118, 115, 32, 109, 125, 59, 197, 75, 14, 8, 157, 67, 41, 21, 130, 85, 33, 80, 114, 45, 102, 136, 117, 200, 15, 183, 28, 153, 54, 119, 112, 146, 72, 191, 83, 62, 111, 76, 5, 135, 13, 49, 159, 70, 95, 92, 126, 1, 141, 44, 87, 121, 39, 190, 166, 154, 123, 31, 66, 50, 89, 106, 2, 147, 172, 122, 142, 145, 137, 184, 78, 173, 164, 192, 26, 68, 116, 165, 37, 105, 103, 27, 69, 108, 160, 163, 56, 43, 148, 151, 140, 168, 3, 40, 129, 138, 84, 155, 187, 93, 156, 181, 47, 179, 51, 81, 196, 182, 99, 127, 177, 120, 185, 169, 189, 110, 188, 82, 158, 134, 150, 175, 199, 178, 180, 73, 193]项目工期为：303.0；项目成本为：189908.69999999995
染色体结构为:
[65, 61, 11, 131, 171, 9, 16, 12, 17, 23, 195, 176, 42, 107, 167, 174, 124, 24, 86, 104, 152, 91, 198, 71, 88, 113, 63, 53, 90, 143, 38, 52, 128, 35, 58, 96, 186, 7, 39, 31, 146, 19, 57, 100, 4, 170, 162, 48, 46, 161, 77, 97, 144, 133, 64, 30, 6, 74, 20, 10, 29, 34, 60, 139, 149, 25, 79, 22, 55, 101, 118, 194, 98, 132, 18, 59, 109, 115, 94, 197, 75, 32, 41, 8, 125, 14, 85, 130, 36, 67, 157, 80, 102, 33, 117, 136, 15, 28, 21, 45, 200, 119, 183, 114, 72, 54, 111, 153, 76, 83, 112, 135, 49, 62, 191, 13, 159, 126, 5, 1, 95, 70, 92, 44, 190, 141, 87, 121, 166, 123, 154, 26, 89, 147, 164, 78, 105, 165, 172, 116, 66, 106, 122, 192, 68, 103, 37, 108, 56, 160, 163, 69, 40, 27, 43, 140, 148, 50, 2, 184, 145, 142, 137, 151, 173, 168, 3, 129, 138, 187, 156, 93, 84, 155, 181, 51, 47, 179, 81, 182, 120, 169, 99, 177, 127, 188, 110, 189, 196, 150, 185, 82, 158, 134, 73, 178, 175, 193, 199, 180]项目工期为：228.0；项目成本为：218023.6
染色体结构为:
[65, 131, 61, 11, 171, 9, 16, 12, 17, 195, 176, 23, 107, 42, 167, 174, 124, 104, 24, 152, 91, 88, 86, 198, 71, 113, 63, 53, 90, 143, 52, 38, 35, 128, 58, 96, 186, 39, 31, 7, 146, 100, 19, 57, 170, 162, 4, 48, 161, 46, 77, 97, 144, 133, 64, 6, 30, 20, 74, 34, 10, 60, 29, 149, 79, 139, 22, 25, 55, 101, 98, 194, 118, 18, 132, 94, 109, 59, 115, 197, 75, 32, 41, 125, 8, 130, 14, 157, 85, 36, 67, 102, 33, 136, 80, 21, 28, 15, 117, 45, 200, 183, 119, 114, 153, 72, 54, 111, 83, 135, 112, 76, 191, 62, 49, 159, 13, 126, 5, 1, 70, 95, 141, 44, 92, 87, 121, 190, 154, 123, 166, 147, 26, 89, 164, 78, 172, 105, 165, 116, 66, 106, 37, 68, 122, 192, 108, 56, 103, 160, 69, 27, 163, 40, 43, 140, 148, 50, 2, 184, 145, 142, 151, 137, 173, 3, 129, 168, 138, 187, 156, 93, 155, 84, 181, 51, 47, 179, 182, 81, 120, 177, 169, 99, 127, 196, 188, 110, 189, 150, 185, 158, 82, 134, 175, 73, 178, 193, 199, 180]项目工期为：256.0；项目成本为：208952.80000000002
染色体结构为:
[171, 131, 11, 17, 195, 176, 16, 12, 61, 107, 42, 9, 23, 104, 167, 152, 24, 65, 174, 91, 198, 86, 71, 88, 124, 144, 113, 30, 64, 53, 74, 6, 29, 77, 20, 34, 186, 60, 149, 10, 79, 36, 57, 7, 4, 100, 170, 48, 19, 161, 46, 162, 139, 25, 22, 35, 63, 133, 128, 101, 55, 97, 18, 94, 194, 132, 98, 118, 115, 109, 32, 125, 197, 52, 59, 75, 8, 14, 157, 38, 41, 96, 67, 21, 130, 85, 33, 80, 45, 114, 102, 136, 117, 15, 200, 28, 183, 153, 143, 54, 119, 146, 112, 72, 83, 191, 62, 111, 90, 5, 76, 135, 13, 159, 49, 126, 92, 70, 1, 95, 87, 141, 44, 190, 121, 154, 39, 166, 123, 58, 31, 66, 89, 106, 50, 2, 147, 172, 122, 142, 145, 184, 137, 173, 78, 164, 26, 192, 116, 68, 165, 105, 103, 37, 27, 69, 108, 160, 163, 148, 56, 43, 151, 168, 140, 3, 129, 40, 84, 138, 155, 187, 93, 156, 47, 181, 179, 51, 81, 182, 99, 196, 177, 127, 120, 185, 110, 189, 169, 150, 188, 82, 134, 199, 193, 158, 180, 175, 178, 73]项目工期为：354.0；项目成本为：176509.19999999998
染色体结构为:
[195, 11, 171, 131, 61, 176, 107, 17, 16, 42, 12, 104, 9, 23, 167, 152, 65, 174, 24, 91, 198, 86, 88, 124, 144, 71, 113, 53, 64, 30, 74, 6, 29, 77, 20, 34, 186, 60, 10, 149, 79, 36, 57, 7, 4, 100, 170, 48, 19, 161, 46, 162, 139, 25, 22, 133, 35, 63, 128, 55, 97, 101, 18, 194, 94, 132, 98, 118, 115, 32, 125, 109, 197, 59, 52, 75, 8, 14, 157, 38, 41, 67, 96, 130, 21, 85, 33, 80, 45, 114, 136, 102, 117, 200, 15, 28, 183, 153, 143, 119, 54, 146, 112, 72, 83, 191, 62, 111, 90, 5, 76, 135, 13, 49, 159, 126, 70, 92, 1, 95, 87, 141, 44, 121, 190, 39, 154, 166, 123, 58, 31, 89, 66, 106, 50, 2, 172, 147, 145, 142, 122, 184, 137, 78, 164, 173, 26, 192, 116, 68, 165, 105, 103, 37, 27, 108, 69, 160, 163, 56, 148, 43, 151, 168, 140, 3, 40, 129, 84, 138, 155, 187, 93, 156, 47, 181, 179, 81, 51, 182, 196, 99, 177, 127, 120, 185, 110, 189, 169, 150, 188, 82, 134, 199, 158, 193, 180, 175, 178, 73]项目工期为：296.0；项目成本为：190126.90000000005
染色体结构为:
[131, 107, 42, 174, 24, 198, 86, 124, 113, 63, 71, 53, 35, 152, 38, 90, 143, 52, 70, 176, 128, 115, 98, 10, 1, 18, 109, 200, 25, 190, 30, 23, 125, 94, 31, 104, 119, 28, 62, 11, 185, 147, 105, 145, 111, 4, 153, 162, 15, 186, 13, 83, 130, 112, 67, 65, 79, 106, 64, 60, 101, 97, 49, 20, 22, 89, 39, 96, 146, 167, 58, 32, 12, 59, 36, 100, 142, 5, 136, 194, 133, 161, 26, 172, 175, 135, 195, 9, 192, 102, 85, 69, 121, 181, 193, 197, 164, 75, 91, 148, 2, 41, 123, 72, 137, 21, 155, 55, 95, 149, 99, 132, 170, 77, 118, 6, 141, 7, 74, 46, 87, 151, 191, 43, 92, 19, 196, 56, 61, 126, 88, 37, 159, 129, 168, 117, 93, 177, 27, 45, 73, 78, 68, 139, 163, 189, 199, 54, 29, 8, 14, 34, 156, 103, 57, 48, 51, 80, 16, 171, 183, 66, 40, 173, 114, 122, 50, 3, 33, 178, 157, 144, 17, 44, 166, 120, 127, 184, 76, 81, 116, 108, 154, 165, 140, 160, 84, 138, 187, 47, 179, 169, 110, 182, 188, 82, 158, 150, 134, 180]项目工期为：174.0；项目成本为：284069.10000000003
染色体结构为:
[152, 91, 65, 24, 86, 42, 88, 71, 198, 174, 124, 35, 113, 143, 53, 63, 52, 90, 38, 17, 107, 11, 128, 176, 61, 195, 131, 171, 16, 12, 7, 167, 23, 9, 104, 57, 100, 19, 77, 4, 48, 162, 139, 161, 64, 46, 170, 133, 97, 144, 22, 101, 25, 74, 194, 55, 98, 118, 132, 18, 94, 59, 79, 115, 109, 34, 197, 32, 125, 75, 14, 8, 130, 41, 36, 67, 157, 96, 33, 80, 136, 85, 60, 102, 28, 117, 21, 45, 200, 114, 119, 183, 15, 62, 153, 146, 31, 20, 54, 72, 111, 83, 112, 159, 191, 76, 126, 135, 49, 1, 13, 95, 70, 5, 141, 10, 30, 92, 44, 121, 6, 87, 190, 154, 39, 123, 29, 149, 186, 166, 147, 58, 89, 164, 26, 105, 78, 172, 165, 68, 66, 116, 192, 106, 37, 108, 122, 103, 27, 56, 163, 69, 160, 43, 40, 140, 50, 145, 148, 184, 2, 142, 173, 137, 151, 84, 3, 168, 155, 129, 138, 156, 93, 187, 181, 81, 47, 51, 179, 182, 169, 120, 99, 196, 177, 127, 188, 189, 110, 150, 185, 82, 158, 175, 134, 199, 193, 178, 73, 180]项目工期为：215.0；项目成本为：233928.5000000001
染色体结构为:
[65, 91, 152, 42, 24, 174, 88, 86, 198, 71, 124, 90, 113, 53, 63, 143, 38, 35, 176, 52, 107, 58, 128, 167, 96, 186, 31, 146, 59, 162, 39, 12, 32, 111, 100, 79, 36, 5, 46, 10, 147, 61, 89, 9, 131, 11, 22, 23, 17, 171, 195, 104, 7, 19, 16, 102, 62, 60, 119, 50, 18, 106, 94, 2, 72, 117, 70, 75, 172, 121, 184, 122, 118, 170, 142, 139, 54, 132, 83, 137, 77, 145, 133, 66, 173, 4, 57, 48, 144, 161, 64, 101, 25, 97, 74, 98, 115, 194, 34, 109, 197, 55, 125, 67, 14, 8, 130, 80, 85, 41, 157, 45, 136, 28, 33, 21, 153, 15, 114, 183, 191, 200, 135, 76, 13, 20, 49, 112, 159, 126, 95, 30, 92, 1, 6, 141, 44, 87, 190, 166, 29, 78, 154, 164, 123, 26, 116, 105, 192, 68, 165, 37, 103, 69, 27, 108, 56, 43, 160, 151, 148, 163, 40, 140, 129, 3, 168, 84, 155, 187, 138, 93, 156, 81, 181, 51, 47, 120, 182, 179, 99, 177, 149, 196, 169, 127, 185, 110, 189, 82, 150, 188, 175, 134, 178, 158, 193, 199, 73, 180]项目工期为：183.0；项目成本为：271320.09999999986
染色体结构为:
[65, 61, 131, 171, 11, 9, 16, 17, 12, 195, 23, 176, 42, 107, 167, 174, 124, 104, 24, 152, 91, 88, 86, 198, 71, 113, 53, 90, 63, 143, 52, 38, 35, 128, 96, 186, 58, 31, 39, 146, 7, 100, 19, 57, 162, 4, 170, 48, 161, 46, 77, 133, 97, 144, 64, 6, 30, 74, 20, 34, 10, 60, 29, 149, 79, 139, 22, 25, 55, 101, 98, 194, 18, 118, 132, 59, 94, 109, 115, 197, 75, 41, 32, 125, 8, 130, 14, 157, 85, 36, 67, 33, 102, 136, 80, 21, 15, 28, 117, 45, 200, 183, 119, 153, 114, 72, 54, 111, 83, 135, 76, 112, 191, 62, 49, 159, 126, 13, 5, 1, 70, 44, 95, 141, 92, 87, 190, 121, 154, 123, 166, 147, 26, 164, 78, 105, 89, 172, 116, 165, 66, 106, 37, 68, 122, 192, 108, 56, 103, 160, 69, 27, 163, 40, 43, 140, 148, 50, 2, 184, 142, 145, 173, 137, 151, 168, 3, 129, 138, 156, 93, 187, 84, 155, 51, 181, 47, 179, 81, 182, 120, 169, 177, 99, 196, 127, 188, 110, 150, 189, 185, 82, 158, 175, 134, 73, 178, 199, 193, 180]项目工期为：250.0；项目成本为：209501.59999999992
染色体结构为:
[11, 171, 131, 176, 17, 195, 16, 61, 107, 12, 42, 104, 9, 23, 152, 167, 24, 65, 174, 198, 91, 86, 124, 71, 88, 144, 64, 113, 53, 30, 6, 20, 74, 34, 29, 77, 60, 149, 186, 10, 7, 79, 36, 48, 57, 19, 4, 100, 161, 133, 46, 170, 162, 139, 35, 25, 63, 22, 128, 101, 55, 18, 97, 194, 132, 94, 98, 118, 115, 32, 109, 59, 125, 52, 197, 8, 75, 14, 38, 157, 41, 130, 96, 85, 67, 33, 21, 80, 45, 114, 102, 200, 136, 117, 15, 183, 28, 143, 146, 153, 72, 119, 54, 112, 83, 62, 76, 111, 191, 13, 90, 49, 70, 135, 126, 5, 159, 1, 95, 44, 92, 141, 190, 154, 87, 58, 39, 121, 123, 78, 31, 147, 166, 89, 164, 105, 26, 165, 66, 68, 172, 116, 37, 122, 106, 192, 142, 27, 50, 108, 2, 173, 103, 184, 137, 145, 56, 163, 43, 69, 148, 160, 40, 84, 151, 129, 140, 187, 3, 168, 156, 155, 138, 181, 93, 47, 179, 81, 51, 182, 196, 110, 177, 99, 169, 120, 127, 150, 134, 189, 185, 188, 158, 82, 199, 193, 180, 178, 175, 73]项目工期为：274.0；项目成本为：199520.50000000003
染色体结构为:
[171, 131, 11, 17, 195, 176, 16, 12, 61, 107, 42, 9, 23, 104, 167, 152, 24, 65, 174, 91, 198, 86, 71, 88, 124, 144, 113, 30, 64, 53, 74, 6, 29, 77, 20, 34, 186, 60, 149, 10, 79, 36, 57, 4, 7, 170, 100, 48, 19, 161, 46, 162, 139, 25, 35, 22, 63, 133, 128, 101, 55, 97, 18, 94, 194, 132, 98, 118, 115, 109, 32, 125, 52, 197, 59, 8, 14, 75, 38, 157, 41, 67, 21, 96, 130, 85, 33, 80, 45, 102, 114, 136, 117, 15, 200, 28, 183, 153, 143, 54, 119, 146, 112, 72, 83, 191, 62, 111, 5, 90, 135, 13, 76, 159, 49, 126, 92, 70, 1, 95, 87, 141, 44, 190, 121, 154, 39, 166, 123, 58, 31, 66, 89, 106, 50, 2, 147, 172, 122, 142, 145, 184, 137, 173, 78, 164, 26, 192, 116, 68, 165, 105, 103, 37, 27, 69, 108, 160, 163, 148, 56, 43, 151, 168, 140, 3, 129, 40, 84, 138, 187, 155, 93, 156, 47, 181, 179, 51, 81, 182, 99, 177, 196, 127, 120, 110, 189, 169, 185, 150, 188, 82, 134, 193, 199, 158, 180, 175, 178, 73]项目工期为：339.0；项目成本为：182325.69999999998
染色体结构为:
[24, 131, 107, 42, 174, 86, 198, 113, 124, 63, 152, 71, 53, 38, 35, 90, 52, 143, 176, 70, 98, 115, 10, 128, 1, 200, 18, 109, 30, 25, 190, 125, 23, 94, 31, 104, 119, 28, 62, 185, 11, 147, 105, 145, 153, 111, 4, 162, 13, 15, 186, 83, 130, 112, 65, 67, 106, 79, 64, 101, 60, 49, 97, 20, 89, 22, 96, 58, 39, 146, 167, 32, 12, 59, 36, 100, 136, 142, 194, 5, 133, 26, 161, 175, 172, 135, 195, 9, 85, 102, 192, 121, 69, 181, 193, 91, 164, 197, 148, 41, 2, 75, 123, 72, 155, 137, 95, 55, 99, 149, 21, 170, 132, 7, 6, 77, 141, 118, 74, 46, 87, 151, 191, 92, 43, 19, 61, 196, 56, 126, 88, 159, 117, 37, 129, 93, 168, 177, 45, 27, 78, 73, 139, 68, 29, 163, 189, 199, 54, 8, 34, 14, 156, 103, 48, 51, 57, 16, 171, 80, 183, 66, 114, 40, 173, 50, 33, 3, 122, 178, 157, 144, 44, 17, 166, 76, 154, 165, 160, 116, 108, 140, 184, 84, 187, 179, 138, 81, 182, 47, 120, 110, 169, 150, 134, 127, 188, 158, 180, 82]项目工期为：171.0；项目成本为：284690.9
MID=1.1519390144629795
DM=112502.65210762809
SNS=0.22804441098244405
SM=0.6047480750846498
1.0239216524077603E-5
53
共计用时：13秒
