染色体结构为:
[124, 32, 146, 145, 187, 52, 75, 41, 13, 42, 44, 29, 189, 38, 2, 58, 102, 117, 96, 103, 153, 50, 121, 104, 101, 40, 88, 114, 136, 69, 27, 63, 25, 135, 24, 87, 71, 35, 54, 72, 23, 43, 159, 66, 91, 62, 47, 152, 61, 39, 83, 81, 70, 86, 11, 60, 4, 65, 185, 108, 64, 76, 125, 160, 9, 1, 37, 79, 20, 5, 162, 55, 34, 51, 150, 57, 178, 169, 115, 140, 151, 59, 8, 68, 181, 16, 134, 6, 166, 56, 21, 129, 195, 109, 82, 106, 48, 12, 180, 118, 107, 18, 171, 156, 3, 94, 122, 111, 175, 22, 126, 67, 138, 45, 78, 31, 15, 182, 123, 155, 99, 26, 14, 85, 7, 188, 147, 92, 113, 93, 120, 144, 77, 193, 17, 33, 127, 133, 89, 30, 168, 74, 116, 173, 174, 53, 158, 199, 200, 80, 84, 161, 10, 149, 49, 172, 132, 170, 194, 177, 197, 164, 100, 105, 176, 36, 110, 184, 131, 190, 90, 19, 196, 179, 191, 198, 46, 95, 28, 97, 157, 183, 167, 139, 154, 73, 141, 142, 137, 112, 165, 143, 119, 186, 98, 192, 163, 148, 130, 128]项目工期为：234.0；项目成本为：217708.00000000006
染色体结构为:
[146, 124, 32, 145, 187, 52, 41, 75, 42, 189, 44, 13, 29, 38, 2, 102, 40, 58, 117, 103, 96, 104, 153, 121, 50, 136, 88, 114, 24, 27, 69, 101, 87, 63, 135, 25, 54, 71, 35, 23, 91, 159, 72, 43, 47, 83, 66, 39, 62, 152, 108, 64, 76, 60, 61, 185, 160, 9, 11, 1, 79, 37, 162, 5, 34, 55, 20, 169, 150, 51, 107, 65, 134, 106, 82, 81, 59, 12, 6, 18, 180, 118, 156, 171, 122, 3, 94, 111, 175, 45, 151, 67, 126, 22, 181, 8, 48, 56, 138, 30, 57, 133, 15, 178, 168, 16, 74, 86, 70, 4, 68, 125, 115, 123, 147, 109, 31, 77, 140, 120, 174, 14, 193, 26, 158, 85, 176, 53, 89, 188, 195, 49, 93, 110, 170, 177, 155, 164, 99, 161, 183, 90, 28, 199, 21, 191, 73, 33, 98, 131, 182, 46, 100, 92, 10, 36, 127, 105, 80, 200, 186, 129, 165, 154, 167, 116, 78, 166, 144, 113, 7, 17, 173, 84, 149, 132, 172, 194, 197, 184, 196, 190, 19, 95, 179, 198, 157, 137, 142, 128, 130, 97, 143, 139, 192, 112, 141, 119, 163, 148]项目工期为：185.0；项目成本为：250629.40000000002
染色体结构为:
[124, 32, 145, 146, 75, 13, 187, 41, 52, 42, 189, 44, 38, 29, 102, 96, 103, 58, 2, 121, 40, 117, 104, 153, 88, 50, 27, 101, 114, 136, 63, 69, 25, 24, 87, 135, 35, 54, 72, 71, 159, 23, 66, 43, 91, 152, 47, 62, 61, 83, 70, 86, 39, 11, 81, 4, 65, 60, 185, 125, 64, 108, 76, 160, 1, 9, 37, 20, 79, 162, 5, 150, 55, 34, 51, 178, 169, 57, 151, 115, 140, 59, 8, 68, 181, 16, 134, 6, 129, 166, 56, 21, 195, 109, 82, 48, 12, 107, 106, 180, 18, 118, 171, 3, 94, 156, 175, 126, 122, 22, 45, 138, 15, 111, 182, 78, 67, 31, 155, 26, 123, 99, 14, 7, 85, 147, 92, 93, 188, 120, 144, 113, 77, 193, 17, 89, 127, 133, 30, 33, 168, 173, 74, 116, 199, 174, 158, 200, 53, 10, 80, 84, 161, 149, 172, 49, 132, 170, 177, 194, 197, 100, 176, 36, 105, 164, 110, 184, 190, 131, 90, 196, 19, 179, 191, 95, 198, 28, 46, 183, 97, 157, 167, 141, 154, 73, 139, 112, 186, 142, 130, 98, 128, 143, 137, 119, 192, 165, 163, 148]项目工期为：285.0；项目成本为：191820.00000000003
染色体结构为:
[145, 124, 32, 146, 187, 75, 52, 13, 29, 41, 42, 44, 189, 2, 38, 102, 96, 103, 117, 58, 153, 121, 40, 104, 50, 88, 114, 27, 136, 101, 69, 24, 63, 25, 87, 135, 54, 35, 71, 91, 159, 43, 23, 47, 72, 152, 83, 66, 62, 61, 81, 39, 11, 185, 86, 60, 70, 108, 4, 64, 65, 125, 76, 9, 160, 1, 79, 37, 162, 55, 34, 5, 150, 20, 51, 169, 115, 57, 59, 178, 140, 151, 68, 8, 134, 16, 129, 181, 6, 166, 109, 21, 195, 48, 56, 107, 99, 122, 92, 188, 15, 14, 113, 33, 171, 161, 12, 180, 168, 82, 67, 10, 7, 45, 19, 18, 144, 138, 31, 30, 174, 22, 106, 133, 77, 172, 93, 194, 89, 49, 120, 3, 183, 179, 127, 110, 116, 173, 73, 196, 170, 78, 182, 118, 156, 191, 94, 111, 126, 100, 177, 175, 123, 155, 97, 17, 167, 199, 198, 158, 186, 176, 80, 139, 131, 164, 95, 154, 147, 200, 28, 105, 157, 184, 112, 130, 74, 193, 85, 26, 46, 53, 98, 142, 197, 90, 36, 128, 84, 149, 132, 137, 143, 192, 190, 141, 165, 119, 163, 148]项目工期为：171.0；项目成本为：263078.09999999986
染色体结构为:
[124, 32, 145, 146, 75, 13, 187, 41, 52, 42, 189, 38, 44, 29, 102, 96, 58, 2, 121, 103, 117, 40, 104, 153, 88, 50, 27, 101, 114, 136, 63, 69, 25, 24, 87, 135, 54, 35, 72, 71, 159, 23, 66, 91, 43, 152, 47, 62, 83, 61, 86, 70, 39, 11, 81, 4, 65, 60, 185, 125, 64, 108, 76, 160, 1, 9, 37, 20, 79, 162, 5, 55, 150, 34, 51, 178, 169, 57, 151, 115, 59, 140, 8, 181, 68, 16, 134, 6, 129, 166, 56, 195, 21, 109, 82, 12, 48, 107, 106, 180, 18, 118, 171, 3, 94, 156, 126, 175, 122, 22, 138, 45, 15, 111, 182, 78, 67, 31, 155, 123, 26, 99, 7, 85, 147, 14, 92, 93, 120, 188, 144, 113, 77, 193, 17, 127, 89, 133, 30, 33, 168, 173, 74, 116, 199, 174, 158, 200, 53, 10, 80, 161, 84, 149, 172, 49, 132, 170, 194, 177, 197, 100, 176, 36, 105, 164, 110, 184, 190, 131, 90, 196, 19, 179, 191, 95, 198, 28, 183, 46, 97, 157, 167, 141, 154, 73, 139, 112, 186, 142, 130, 98, 128, 143, 119, 137, 165, 192, 163, 148]项目工期为：257.0；项目成本为：198386.0000000001
染色体结构为:
[145, 124, 32, 146, 187, 75, 52, 13, 29, 41, 42, 44, 189, 38, 2, 102, 96, 103, 117, 153, 58, 121, 40, 104, 50, 88, 114, 27, 136, 101, 69, 24, 63, 25, 87, 135, 54, 35, 71, 91, 159, 43, 23, 47, 72, 152, 83, 66, 62, 61, 81, 39, 11, 185, 86, 60, 70, 108, 4, 64, 65, 125, 76, 9, 160, 1, 79, 37, 162, 55, 34, 5, 150, 51, 20, 169, 115, 59, 57, 178, 140, 151, 68, 8, 134, 16, 129, 181, 6, 166, 109, 21, 195, 48, 56, 107, 99, 122, 92, 188, 15, 14, 113, 33, 171, 161, 12, 180, 168, 82, 67, 7, 10, 45, 19, 18, 144, 138, 31, 30, 174, 22, 106, 133, 172, 77, 93, 194, 89, 49, 120, 3, 183, 179, 127, 110, 116, 173, 73, 196, 170, 78, 182, 118, 156, 191, 94, 126, 111, 100, 177, 175, 123, 155, 97, 17, 167, 199, 158, 198, 186, 176, 80, 139, 131, 164, 95, 154, 147, 200, 28, 105, 157, 184, 112, 130, 74, 193, 85, 26, 46, 53, 142, 98, 197, 90, 36, 128, 84, 149, 132, 137, 143, 192, 190, 141, 119, 165, 163, 148]项目工期为：165.0；项目成本为：269288.69999999995
染色体结构为:
[146, 32, 145, 124, 52, 41, 187, 75, 42, 13, 29, 44, 189, 38, 2, 103, 102, 58, 96, 117, 121, 40, 88, 104, 153, 27, 50, 69, 136, 114, 101, 63, 24, 25, 135, 87, 54, 71, 23, 35, 43, 159, 91, 72, 66, 62, 152, 47, 83, 39, 86, 61, 70, 81, 60, 4, 11, 185, 65, 108, 76, 64, 125, 9, 160, 79, 1, 5, 37, 162, 150, 34, 55, 51, 169, 134, 20, 82, 107, 6, 106, 12, 59, 180, 118, 18, 3, 156, 171, 111, 175, 122, 151, 94, 126, 67, 8, 45, 22, 48, 181, 138, 56, 178, 30, 57, 168, 133, 15, 16, 74, 68, 115, 109, 140, 166, 129, 21, 195, 31, 78, 182, 155, 123, 99, 14, 26, 7, 85, 147, 188, 120, 92, 17, 144, 93, 127, 77, 193, 113, 89, 33, 116, 173, 199, 158, 200, 174, 80, 53, 161, 84, 10, 132, 170, 149, 172, 49, 131, 176, 194, 196, 36, 110, 167, 154, 128, 139, 73, 183, 19, 100, 197, 164, 28, 143, 191, 142, 90, 137, 198, 177, 98, 179, 192, 46, 95, 112, 184, 157, 186, 165, 97, 105, 119, 141, 163, 130, 148, 190]项目工期为：230.0；项目成本为：219727.80000000013
染色体结构为:
[124, 32, 145, 146, 75, 187, 13, 41, 52, 42, 189, 44, 38, 29, 102, 103, 96, 2, 58, 121, 40, 117, 104, 88, 153, 50, 27, 114, 101, 63, 69, 136, 24, 135, 25, 71, 54, 87, 43, 35, 66, 23, 72, 159, 91, 62, 47, 152, 61, 39, 83, 86, 11, 81, 70, 4, 185, 60, 65, 76, 125, 108, 160, 64, 9, 1, 5, 79, 34, 37, 162, 51, 150, 20, 55, 169, 57, 151, 59, 178, 115, 68, 140, 181, 134, 8, 129, 6, 166, 16, 56, 109, 21, 82, 195, 48, 12, 180, 118, 106, 107, 171, 3, 18, 156, 94, 175, 122, 111, 22, 126, 138, 67, 15, 45, 182, 78, 31, 155, 26, 123, 7, 99, 14, 85, 147, 92, 188, 120, 93, 193, 77, 144, 17, 113, 89, 133, 127, 30, 33, 168, 74, 116, 173, 199, 174, 158, 200, 80, 53, 161, 10, 84, 172, 49, 149, 132, 177, 170, 100, 194, 164, 197, 176, 105, 36, 184, 131, 110, 190, 19, 90, 196, 191, 179, 198, 28, 95, 157, 97, 183, 46, 141, 73, 167, 112, 154, 139, 165, 186, 142, 143, 98, 130, 137, 163, 148, 128, 119, 192]项目工期为：333.0；项目成本为：181556.19999999998
染色体结构为:
[32, 124, 145, 146, 75, 13, 187, 52, 41, 42, 44, 189, 29, 102, 38, 103, 96, 2, 121, 58, 40, 117, 104, 88, 153, 50, 27, 114, 101, 69, 63, 136, 24, 135, 25, 71, 54, 87, 43, 35, 66, 23, 72, 159, 91, 62, 47, 152, 61, 39, 83, 86, 11, 81, 70, 4, 185, 60, 65, 125, 76, 108, 160, 64, 9, 1, 5, 79, 34, 37, 162, 51, 20, 150, 55, 169, 57, 151, 59, 178, 115, 140, 68, 181, 134, 8, 129, 6, 166, 16, 56, 109, 21, 82, 195, 48, 12, 180, 118, 107, 106, 171, 3, 18, 156, 94, 175, 122, 111, 22, 126, 138, 15, 67, 45, 78, 182, 31, 155, 26, 123, 99, 7, 14, 85, 147, 188, 92, 120, 93, 77, 113, 193, 144, 17, 127, 89, 133, 30, 33, 168, 74, 116, 173, 199, 158, 200, 174, 80, 53, 161, 10, 84, 172, 49, 149, 132, 170, 177, 194, 164, 100, 197, 105, 176, 36, 184, 131, 110, 190, 90, 196, 19, 179, 191, 198, 95, 28, 97, 157, 46, 183, 141, 73, 167, 112, 154, 139, 165, 186, 142, 143, 98, 130, 137, 163, 128, 148, 119, 192]项目工期为：319.0；项目成本为：181766.4
染色体结构为:
[146, 145, 124, 32, 52, 41, 187, 75, 13, 44, 42, 189, 29, 2, 38, 96, 103, 58, 102, 117, 121, 104, 88, 40, 50, 153, 114, 27, 69, 101, 136, 24, 25, 63, 135, 87, 54, 71, 35, 91, 159, 43, 72, 23, 47, 83, 66, 152, 62, 39, 61, 81, 11, 86, 60, 185, 70, 65, 108, 4, 64, 76, 125, 9, 160, 1, 79, 162, 37, 55, 34, 5, 51, 20, 150, 169, 115, 57, 178, 59, 140, 151, 68, 8, 134, 16, 129, 181, 6, 109, 166, 21, 195, 48, 56, 107, 99, 14, 122, 188, 92, 113, 15, 171, 33, 180, 161, 168, 12, 67, 10, 82, 7, 45, 18, 19, 138, 144, 31, 174, 30, 106, 133, 22, 77, 172, 89, 93, 194, 49, 120, 3, 183, 179, 110, 173, 116, 127, 196, 73, 78, 170, 118, 182, 156, 191, 94, 111, 126, 175, 100, 123, 177, 155, 97, 17, 167, 198, 199, 176, 186, 158, 80, 139, 131, 154, 164, 95, 147, 200, 157, 28, 105, 112, 184, 74, 130, 26, 193, 85, 46, 53, 98, 142, 36, 197, 90, 137, 143, 128, 84, 192, 149, 132, 165, 119, 141, 163, 190, 148]项目工期为：177.0；项目成本为：254516.50000000003
染色体结构为:
[124, 146, 187, 32, 75, 52, 145, 41, 13, 42, 44, 189, 29, 58, 38, 103, 102, 2, 117, 96, 121, 40, 153, 104, 88, 101, 50, 136, 27, 114, 63, 69, 87, 25, 24, 135, 54, 35, 71, 72, 23, 159, 66, 91, 43, 47, 83, 152, 62, 61, 86, 70, 39, 81, 11, 4, 65, 60, 185, 125, 64, 108, 76, 1, 160, 9, 37, 79, 20, 5, 162, 150, 55, 34, 178, 51, 169, 57, 115, 151, 140, 59, 68, 181, 8, 16, 134, 6, 166, 129, 56, 21, 195, 82, 48, 109, 12, 106, 107, 180, 118, 18, 171, 3, 156, 94, 126, 122, 175, 22, 45, 111, 138, 15, 182, 78, 67, 31, 26, 155, 123, 7, 14, 85, 99, 147, 188, 92, 93, 120, 144, 113, 77, 193, 17, 89, 133, 127, 33, 30, 168, 74, 199, 116, 173, 174, 158, 200, 53, 80, 10, 161, 84, 149, 172, 132, 170, 194, 49, 197, 177, 100, 176, 105, 164, 36, 190, 110, 184, 90, 196, 131, 179, 95, 19, 28, 191, 46, 198, 183, 97, 167, 157, 141, 154, 73, 139, 112, 186, 130, 142, 98, 128, 137, 143, 165, 119, 192, 148, 163]项目工期为：290.0；项目成本为：190928.0
染色体结构为:
[124, 146, 32, 145, 52, 187, 41, 75, 189, 42, 44, 13, 29, 38, 2, 58, 102, 40, 117, 103, 96, 104, 121, 50, 153, 88, 136, 114, 24, 69, 27, 63, 25, 87, 101, 135, 54, 71, 35, 23, 159, 91, 72, 43, 47, 83, 66, 152, 62, 39, 108, 64, 61, 76, 60, 185, 160, 9, 1, 11, 37, 162, 79, 5, 34, 55, 20, 169, 150, 107, 51, 65, 134, 81, 106, 82, 59, 12, 180, 6, 118, 18, 156, 171, 122, 3, 94, 175, 111, 151, 67, 126, 45, 22, 181, 8, 48, 138, 56, 30, 57, 178, 133, 15, 168, 16, 74, 70, 4, 86, 68, 115, 125, 109, 123, 77, 147, 31, 140, 120, 14, 193, 174, 26, 53, 158, 85, 176, 188, 89, 49, 195, 93, 170, 177, 110, 99, 161, 155, 90, 164, 183, 199, 21, 28, 191, 73, 33, 98, 131, 182, 92, 46, 10, 127, 100, 36, 105, 80, 200, 165, 186, 167, 129, 154, 116, 78, 144, 166, 7, 113, 17, 173, 84, 149, 132, 172, 194, 197, 196, 184, 19, 190, 95, 179, 198, 157, 137, 128, 142, 130, 97, 143, 139, 192, 141, 112, 148, 119, 163]项目工期为：182.0；项目成本为：252149.20000000007
染色体结构为:
[145, 124, 32, 146, 187, 75, 13, 52, 29, 41, 42, 44, 189, 2, 38, 102, 96, 103, 117, 58, 153, 121, 104, 40, 50, 88, 114, 27, 136, 101, 69, 24, 63, 25, 87, 135, 54, 35, 71, 91, 159, 43, 47, 72, 152, 23, 83, 66, 62, 61, 81, 11, 185, 39, 86, 60, 70, 4, 64, 108, 65, 125, 76, 9, 160, 1, 79, 37, 162, 55, 34, 5, 150, 20, 51, 169, 115, 57, 59, 178, 140, 151, 8, 68, 134, 16, 129, 181, 6, 166, 109, 21, 195, 48, 56, 107, 99, 122, 92, 188, 15, 14, 113, 33, 161, 171, 12, 180, 82, 168, 67, 10, 7, 45, 19, 18, 138, 144, 30, 31, 22, 174, 106, 133, 172, 77, 93, 194, 89, 49, 120, 3, 183, 179, 127, 110, 173, 116, 73, 170, 196, 78, 182, 118, 156, 191, 94, 111, 126, 100, 175, 177, 123, 155, 97, 17, 199, 167, 198, 158, 186, 176, 80, 139, 131, 164, 95, 154, 147, 28, 200, 105, 157, 184, 112, 130, 74, 193, 85, 26, 46, 53, 98, 142, 197, 36, 90, 128, 84, 132, 149, 137, 143, 192, 190, 141, 165, 119, 163, 148]项目工期为：169.0；项目成本为：268642.79999999993
染色体结构为:
[146, 32, 145, 124, 52, 187, 41, 42, 75, 29, 13, 44, 38, 2, 189, 102, 58, 103, 96, 117, 40, 121, 88, 104, 153, 27, 50, 69, 136, 101, 24, 114, 63, 25, 135, 54, 87, 71, 23, 43, 35, 159, 91, 66, 62, 72, 152, 47, 39, 83, 61, 81, 86, 70, 60, 4, 11, 65, 108, 185, 76, 64, 125, 160, 9, 1, 79, 37, 5, 162, 150, 55, 34, 51, 169, 20, 134, 107, 82, 6, 106, 59, 12, 180, 18, 118, 3, 156, 171, 175, 111, 151, 122, 67, 8, 94, 45, 126, 22, 48, 181, 56, 178, 57, 138, 30, 168, 133, 15, 74, 68, 16, 115, 140, 109, 166, 21, 129, 195, 182, 31, 155, 99, 123, 78, 14, 26, 7, 85, 147, 120, 188, 92, 17, 144, 93, 127, 77, 193, 113, 89, 33, 116, 199, 173, 158, 80, 200, 53, 84, 174, 161, 10, 170, 132, 149, 172, 49, 131, 194, 36, 176, 110, 196, 167, 154, 128, 139, 183, 73, 100, 19, 197, 143, 191, 28, 164, 90, 142, 137, 198, 177, 98, 192, 179, 95, 184, 157, 46, 112, 186, 165, 97, 105, 119, 141, 130, 190, 163, 148]项目工期为：215.0；项目成本为：229231.70000000007
染色体结构为:
[124, 32, 145, 146, 13, 75, 187, 41, 52, 42, 189, 38, 44, 29, 102, 96, 58, 2, 121, 103, 117, 40, 104, 153, 88, 27, 50, 101, 114, 136, 63, 69, 24, 25, 87, 135, 54, 35, 72, 71, 159, 66, 23, 91, 43, 152, 47, 62, 83, 61, 86, 70, 39, 11, 81, 4, 65, 60, 185, 125, 108, 64, 160, 76, 1, 9, 37, 20, 79, 162, 5, 55, 150, 34, 51, 178, 169, 57, 151, 59, 115, 140, 8, 68, 181, 16, 6, 134, 129, 166, 56, 195, 21, 109, 82, 12, 48, 107, 106, 180, 18, 118, 171, 3, 94, 156, 126, 175, 122, 22, 138, 45, 15, 111, 182, 78, 67, 31, 155, 123, 26, 99, 7, 85, 14, 147, 92, 93, 120, 188, 113, 144, 193, 77, 17, 127, 89, 133, 30, 33, 168, 173, 116, 74, 199, 158, 174, 200, 53, 10, 161, 80, 84, 149, 172, 49, 132, 170, 194, 177, 197, 100, 36, 176, 105, 164, 184, 110, 131, 190, 90, 196, 19, 179, 191, 95, 198, 28, 183, 46, 97, 157, 167, 141, 154, 73, 139, 112, 142, 186, 130, 128, 143, 98, 119, 137, 165, 192, 163, 148]项目工期为：256.0；项目成本为：204375.10000000003
染色体结构为:
[124, 32, 146, 145, 75, 13, 41, 187, 52, 42, 38, 189, 44, 29, 96, 102, 2, 58, 121, 103, 117, 40, 104, 153, 88, 101, 50, 27, 114, 136, 63, 69, 25, 87, 24, 135, 35, 54, 72, 71, 23, 159, 66, 91, 43, 152, 47, 83, 61, 62, 86, 70, 39, 11, 65, 81, 4, 185, 60, 125, 64, 108, 76, 9, 160, 1, 20, 37, 79, 162, 55, 150, 5, 34, 51, 169, 178, 57, 151, 115, 59, 140, 8, 181, 68, 16, 134, 6, 129, 56, 166, 109, 21, 82, 195, 48, 12, 118, 106, 180, 107, 171, 18, 3, 175, 156, 94, 122, 111, 22, 126, 138, 67, 45, 15, 182, 78, 31, 123, 155, 26, 99, 14, 7, 85, 92, 188, 93, 147, 120, 77, 144, 113, 17, 127, 193, 133, 89, 33, 30, 168, 116, 74, 199, 173, 158, 200, 174, 80, 10, 53, 84, 161, 149, 49, 177, 132, 172, 170, 194, 164, 100, 197, 176, 105, 131, 36, 184, 110, 190, 90, 19, 196, 179, 191, 97, 28, 198, 95, 46, 157, 183, 141, 167, 73, 154, 112, 139, 186, 142, 98, 165, 143, 128, 137, 130, 163, 148, 119, 192]项目工期为：286.0；项目成本为：191055.39999999997
染色体结构为:
[124, 32, 146, 145, 75, 13, 41, 187, 52, 42, 38, 189, 44, 29, 96, 102, 2, 58, 121, 103, 117, 40, 104, 153, 88, 101, 50, 27, 136, 114, 69, 25, 87, 63, 24, 135, 35, 54, 72, 71, 23, 159, 66, 91, 43, 152, 47, 83, 61, 62, 86, 70, 39, 11, 65, 81, 4, 185, 60, 125, 64, 108, 76, 9, 160, 1, 20, 37, 79, 55, 162, 150, 5, 34, 51, 178, 57, 169, 115, 151, 59, 8, 140, 181, 68, 16, 134, 6, 129, 56, 166, 109, 21, 82, 195, 48, 106, 12, 107, 180, 118, 18, 3, 171, 122, 156, 94, 175, 111, 126, 45, 22, 67, 78, 15, 155, 138, 31, 182, 123, 26, 14, 99, 147, 85, 7, 92, 188, 113, 77, 93, 120, 144, 193, 127, 133, 17, 89, 168, 33, 30, 74, 174, 173, 116, 199, 158, 53, 200, 80, 10, 161, 84, 149, 172, 132, 170, 49, 194, 197, 177, 164, 105, 176, 110, 100, 184, 36, 190, 90, 131, 19, 196, 191, 179, 97, 28, 95, 198, 157, 167, 46, 183, 141, 154, 73, 139, 186, 137, 142, 112, 165, 98, 119, 143, 163, 148, 192, 130, 128]项目工期为：282.0；项目成本为：193746.29999999993
染色体结构为:
[124, 32, 145, 146, 75, 187, 13, 52, 41, 42, 189, 44, 29, 38, 102, 103, 96, 2, 58, 121, 117, 40, 104, 153, 88, 50, 27, 114, 101, 69, 63, 136, 135, 24, 25, 71, 87, 54, 43, 35, 66, 23, 72, 159, 91, 62, 152, 61, 47, 39, 83, 86, 11, 81, 70, 4, 185, 65, 60, 76, 125, 108, 160, 64, 9, 1, 5, 79, 34, 37, 162, 150, 51, 20, 55, 169, 57, 151, 59, 178, 115, 68, 181, 140, 134, 8, 129, 6, 166, 16, 109, 56, 21, 82, 195, 48, 180, 12, 118, 106, 107, 171, 3, 18, 156, 175, 94, 122, 111, 22, 126, 138, 15, 67, 45, 182, 31, 78, 155, 26, 123, 7, 99, 14, 147, 92, 120, 85, 188, 93, 113, 77, 127, 17, 193, 144, 89, 30, 133, 33, 74, 168, 173, 199, 116, 174, 158, 80, 200, 53, 84, 10, 172, 161, 49, 132, 149, 177, 170, 100, 194, 164, 197, 36, 176, 105, 131, 184, 110, 190, 90, 179, 196, 19, 191, 198, 97, 95, 28, 183, 157, 46, 73, 112, 154, 141, 167, 139, 186, 142, 165, 98, 143, 130, 163, 137, 128, 148, 119, 192]项目工期为：297.0；项目成本为：185644.29999999996
染色体结构为:
[124, 146, 32, 145, 187, 52, 75, 41, 42, 189, 44, 13, 29, 38, 2, 58, 96, 102, 117, 103, 121, 40, 88, 153, 104, 50, 27, 136, 69, 114, 101, 63, 24, 87, 25, 135, 54, 23, 71, 35, 159, 43, 72, 91, 66, 62, 152, 47, 39, 83, 86, 61, 70, 81, 60, 4, 11, 185, 65, 108, 76, 125, 64, 9, 160, 1, 79, 5, 37, 162, 34, 150, 51, 55, 169, 20, 134, 82, 107, 6, 106, 12, 59, 180, 18, 118, 3, 156, 171, 111, 175, 122, 151, 94, 126, 67, 8, 22, 45, 181, 48, 138, 178, 56, 30, 57, 15, 168, 133, 74, 16, 68, 109, 140, 166, 115, 129, 21, 195, 182, 31, 78, 155, 123, 14, 99, 26, 7, 85, 188, 147, 120, 92, 17, 144, 93, 127, 193, 77, 113, 89, 33, 173, 199, 116, 158, 174, 200, 53, 80, 161, 84, 149, 10, 132, 170, 172, 49, 131, 194, 176, 196, 36, 110, 167, 154, 139, 128, 73, 183, 19, 100, 164, 197, 28, 143, 191, 90, 142, 198, 137, 177, 98, 192, 179, 46, 95, 112, 184, 186, 157, 165, 97, 119, 105, 141, 163, 130, 190, 148]项目工期为：239.0；项目成本为：214011.50000000015
染色体结构为:
[124, 32, 145, 146, 75, 13, 41, 187, 52, 42, 38, 189, 44, 29, 102, 96, 2, 58, 121, 103, 40, 117, 104, 153, 88, 101, 50, 27, 136, 114, 69, 25, 63, 87, 24, 35, 135, 54, 72, 71, 23, 159, 66, 91, 43, 152, 47, 61, 83, 62, 86, 70, 39, 11, 65, 81, 4, 185, 60, 125, 64, 108, 76, 9, 160, 20, 1, 37, 79, 55, 162, 150, 5, 34, 51, 178, 57, 169, 115, 151, 8, 59, 140, 181, 68, 16, 6, 134, 129, 56, 166, 109, 82, 21, 195, 48, 12, 106, 107, 180, 118, 18, 3, 171, 122, 156, 94, 111, 175, 126, 22, 45, 67, 78, 15, 155, 138, 182, 31, 123, 26, 14, 99, 147, 85, 7, 92, 188, 113, 77, 93, 120, 193, 144, 127, 133, 17, 89, 168, 33, 30, 74, 174, 173, 116, 199, 158, 53, 200, 80, 10, 84, 161, 149, 172, 132, 170, 49, 194, 197, 177, 164, 105, 176, 110, 100, 184, 36, 190, 90, 131, 19, 196, 191, 179, 28, 97, 95, 198, 157, 167, 46, 183, 154, 141, 73, 186, 139, 137, 142, 112, 165, 98, 119, 143, 163, 148, 192, 128, 130]项目工期为：267.0；项目成本为：197373.79999999996
染色体结构为:
[146, 145, 32, 124, 52, 187, 75, 41, 42, 13, 29, 44, 189, 38, 2, 103, 58, 102, 96, 40, 117, 121, 104, 88, 153, 50, 27, 114, 136, 69, 101, 24, 25, 87, 63, 54, 135, 35, 71, 91, 23, 43, 72, 159, 66, 83, 47, 152, 62, 39, 61, 81, 86, 60, 11, 185, 70, 108, 65, 4, 125, 64, 76, 1, 9, 79, 160, 162, 34, 37, 20, 55, 5, 51, 150, 169, 115, 57, 59, 178, 140, 151, 68, 134, 8, 129, 16, 181, 6, 166, 109, 21, 56, 195, 107, 48, 122, 99, 188, 14, 113, 15, 92, 171, 33, 12, 161, 180, 168, 67, 7, 82, 10, 45, 18, 144, 31, 19, 138, 30, 22, 174, 106, 172, 133, 77, 194, 89, 93, 120, 49, 3, 183, 179, 110, 116, 127, 173, 170, 73, 196, 182, 78, 156, 191, 94, 118, 126, 111, 100, 175, 123, 155, 177, 167, 97, 198, 17, 199, 176, 186, 158, 80, 139, 131, 154, 95, 164, 28, 200, 147, 157, 105, 112, 184, 74, 193, 130, 26, 46, 85, 53, 142, 98, 197, 36, 90, 84, 128, 149, 132, 137, 192, 143, 190, 141, 165, 119, 148, 163]项目工期为：191.0；项目成本为：246587.80000000008
染色体结构为:
[124, 32, 146, 145, 75, 13, 41, 187, 52, 42, 38, 189, 44, 29, 96, 102, 2, 121, 103, 58, 117, 40, 104, 88, 153, 101, 50, 27, 136, 114, 69, 87, 25, 63, 24, 135, 35, 54, 72, 23, 71, 159, 66, 91, 43, 152, 83, 47, 62, 61, 86, 39, 70, 11, 65, 81, 4, 185, 60, 125, 64, 76, 108, 9, 1, 20, 160, 79, 55, 37, 150, 162, 5, 34, 51, 169, 178, 57, 115, 59, 151, 8, 140, 181, 16, 68, 134, 6, 129, 56, 109, 166, 21, 82, 195, 48, 106, 12, 107, 180, 118, 18, 3, 171, 122, 94, 156, 175, 111, 126, 45, 22, 67, 15, 78, 138, 155, 31, 182, 123, 26, 14, 99, 147, 85, 7, 92, 188, 93, 113, 77, 120, 193, 144, 127, 133, 89, 17, 168, 30, 33, 74, 174, 116, 173, 158, 199, 53, 200, 80, 84, 161, 10, 149, 172, 132, 170, 194, 49, 177, 164, 197, 110, 105, 176, 100, 184, 36, 190, 90, 19, 131, 196, 179, 191, 97, 28, 95, 198, 157, 167, 46, 183, 141, 154, 139, 73, 186, 137, 112, 142, 165, 119, 143, 98, 163, 148, 192, 128, 130]项目工期为：250.0；项目成本为：207175.30000000005
染色体结构为:
[124, 32, 145, 146, 75, 187, 41, 13, 52, 42, 44, 38, 189, 103, 29, 102, 58, 117, 96, 2, 153, 121, 104, 40, 50, 88, 114, 136, 27, 101, 69, 87, 63, 135, 24, 25, 54, 23, 71, 43, 66, 91, 35, 159, 152, 72, 83, 62, 108, 47, 60, 64, 9, 160, 76, 185, 1, 11, 79, 37, 162, 5, 55, 34, 20, 169, 150, 107, 51, 134, 65, 106, 82, 59, 12, 6, 81, 18, 180, 118, 156, 3, 171, 94, 122, 175, 151, 111, 45, 67, 22, 126, 138, 8, 181, 61, 48, 57, 56, 15, 30, 178, 133, 168, 16, 39, 74, 4, 86, 70, 125, 115, 123, 68, 147, 109, 77, 140, 14, 31, 174, 120, 26, 85, 193, 158, 53, 176, 49, 188, 89, 177, 93, 170, 195, 110, 99, 161, 155, 164, 90, 183, 199, 21, 28, 191, 131, 73, 182, 33, 98, 10, 46, 92, 127, 36, 100, 80, 105, 165, 200, 116, 186, 129, 167, 154, 78, 144, 166, 7, 113, 84, 17, 173, 149, 132, 172, 197, 194, 184, 190, 19, 179, 196, 198, 95, 157, 137, 142, 128, 130, 143, 97, 139, 141, 112, 192, 148, 119, 163]项目工期为：220.0；项目成本为：225030.80000000008
染色体结构为:
[124, 146, 32, 145, 187, 52, 75, 41, 42, 13, 44, 29, 189, 2, 38, 102, 58, 117, 103, 96, 153, 121, 50, 104, 101, 40, 88, 114, 136, 27, 69, 25, 63, 24, 135, 87, 71, 35, 54, 72, 23, 43, 159, 66, 91, 62, 47, 152, 61, 39, 83, 70, 86, 81, 4, 11, 60, 185, 65, 108, 64, 76, 125, 160, 9, 37, 1, 79, 20, 5, 162, 55, 34, 150, 51, 57, 178, 169, 115, 140, 151, 59, 68, 8, 181, 16, 134, 6, 166, 56, 21, 129, 109, 82, 195, 48, 12, 106, 180, 118, 107, 171, 18, 156, 94, 3, 111, 122, 175, 22, 126, 67, 138, 78, 45, 31, 15, 182, 123, 99, 155, 14, 26, 85, 7, 188, 147, 92, 113, 93, 120, 144, 77, 193, 17, 33, 127, 89, 133, 30, 168, 74, 173, 116, 174, 53, 158, 199, 200, 80, 84, 10, 161, 149, 49, 172, 132, 194, 170, 177, 197, 164, 100, 105, 176, 36, 110, 131, 184, 90, 190, 19, 196, 179, 191, 198, 46, 95, 28, 97, 157, 183, 167, 154, 139, 141, 73, 137, 142, 112, 165, 186, 143, 119, 98, 192, 163, 148, 130, 128]项目工期为：227.0；项目成本为：220194.90000000002
染色体结构为:
[124, 32, 145, 146, 75, 187, 41, 13, 42, 52, 189, 44, 38, 29, 103, 102, 96, 58, 2, 121, 117, 40, 153, 104, 88, 27, 50, 114, 101, 69, 63, 136, 135, 24, 25, 71, 54, 87, 43, 35, 66, 72, 23, 159, 91, 62, 152, 61, 39, 47, 83, 11, 86, 70, 81, 4, 185, 60, 65, 76, 125, 160, 108, 64, 1, 5, 9, 34, 37, 79, 162, 20, 51, 55, 150, 57, 59, 169, 151, 178, 115, 68, 140, 8, 181, 134, 129, 6, 166, 56, 16, 109, 21, 82, 48, 12, 195, 180, 118, 106, 107, 171, 18, 3, 156, 175, 94, 111, 122, 22, 126, 67, 138, 15, 45, 182, 78, 31, 155, 123, 26, 99, 7, 85, 14, 188, 147, 92, 120, 93, 77, 144, 113, 17, 193, 127, 89, 133, 33, 168, 30, 74, 199, 116, 173, 158, 174, 200, 80, 10, 53, 84, 161, 149, 49, 172, 132, 177, 170, 194, 164, 100, 197, 105, 176, 36, 131, 184, 90, 110, 190, 196, 19, 28, 198, 191, 95, 179, 157, 97, 46, 183, 167, 141, 73, 112, 154, 139, 186, 142, 165, 98, 143, 130, 137, 128, 148, 163, 119, 192]项目工期为：340.0；项目成本为：176775.00000000006
染色体结构为:
[124, 32, 145, 146, 75, 13, 187, 52, 42, 44, 41, 189, 29, 102, 38, 103, 96, 2, 58, 121, 40, 117, 104, 88, 153, 27, 50, 114, 101, 69, 63, 136, 24, 135, 25, 71, 54, 87, 35, 43, 23, 66, 72, 159, 62, 91, 47, 152, 61, 39, 83, 11, 86, 70, 81, 4, 185, 60, 65, 76, 125, 108, 160, 64, 9, 1, 5, 79, 34, 37, 162, 51, 20, 55, 150, 169, 57, 151, 59, 178, 115, 140, 68, 181, 134, 8, 129, 6, 166, 16, 56, 21, 109, 82, 195, 48, 12, 180, 118, 107, 171, 106, 3, 18, 156, 94, 175, 111, 122, 22, 126, 138, 15, 67, 45, 182, 78, 31, 26, 155, 123, 99, 7, 14, 147, 85, 188, 120, 92, 93, 113, 193, 77, 144, 17, 89, 127, 133, 33, 30, 168, 74, 116, 199, 200, 173, 158, 80, 174, 53, 161, 10, 84, 172, 149, 49, 170, 132, 177, 194, 164, 100, 197, 105, 176, 184, 36, 131, 110, 190, 196, 90, 179, 19, 191, 198, 95, 28, 157, 97, 46, 183, 141, 73, 112, 154, 167, 139, 165, 186, 142, 143, 98, 130, 137, 148, 163, 128, 119, 192]项目工期为：312.0；项目成本为：184714.80000000002
染色体结构为:
[124, 145, 32, 146, 187, 13, 75, 41, 42, 52, 189, 29, 38, 44, 58, 2, 103, 102, 96, 121, 117, 40, 104, 153, 88, 50, 27, 69, 63, 114, 101, 24, 135, 136, 25, 71, 54, 87, 23, 43, 91, 35, 72, 66, 47, 159, 62, 61, 39, 152, 86, 11, 70, 83, 4, 81, 185, 60, 65, 125, 76, 160, 64, 108, 9, 1, 37, 79, 5, 162, 55, 150, 20, 34, 57, 169, 51, 178, 115, 151, 68, 140, 59, 8, 181, 129, 134, 16, 6, 56, 166, 109, 195, 21, 82, 48, 106, 107, 12, 118, 18, 180, 3, 94, 156, 171, 122, 175, 111, 126, 22, 45, 138, 67, 15, 78, 182, 155, 31, 123, 26, 99, 7, 85, 92, 14, 147, 188, 120, 93, 77, 144, 193, 113, 17, 127, 89, 133, 30, 168, 116, 33, 74, 173, 199, 158, 174, 200, 10, 80, 53, 161, 172, 84, 149, 170, 49, 132, 177, 197, 194, 164, 176, 100, 105, 36, 131, 190, 184, 110, 90, 196, 179, 19, 28, 198, 191, 95, 97, 46, 157, 183, 141, 167, 112, 186, 73, 154, 139, 130, 98, 142, 137, 128, 192, 143, 165, 119, 148, 163]项目工期为：367.0；项目成本为：174646.3
染色体结构为:
[124, 32, 146, 145, 75, 13, 41, 187, 42, 52, 38, 189, 44, 29, 102, 96, 2, 121, 58, 117, 103, 40, 104, 153, 88, 101, 50, 27, 136, 114, 69, 87, 25, 63, 24, 135, 35, 54, 72, 71, 23, 159, 66, 91, 152, 43, 47, 83, 61, 86, 62, 70, 39, 11, 65, 81, 4, 185, 60, 125, 108, 64, 76, 9, 160, 1, 37, 20, 79, 55, 150, 162, 5, 51, 34, 178, 57, 169, 115, 151, 59, 8, 140, 181, 68, 16, 6, 134, 129, 56, 166, 109, 21, 82, 195, 48, 106, 12, 107, 180, 118, 18, 171, 3, 122, 156, 94, 175, 111, 126, 45, 22, 67, 78, 15, 155, 138, 31, 182, 123, 26, 99, 14, 147, 85, 7, 188, 92, 113, 77, 93, 120, 144, 193, 133, 127, 89, 17, 168, 33, 30, 74, 174, 173, 116, 199, 158, 53, 200, 80, 10, 161, 84, 149, 172, 132, 170, 49, 194, 197, 177, 164, 105, 176, 110, 100, 184, 36, 190, 90, 131, 19, 196, 191, 179, 97, 28, 95, 198, 167, 157, 46, 183, 141, 154, 73, 139, 186, 137, 142, 112, 165, 98, 119, 143, 163, 148, 192, 130, 128]项目工期为：268.0；项目成本为：196882.69999999995
染色体结构为:
[124, 32, 146, 145, 75, 13, 41, 187, 52, 42, 38, 189, 44, 29, 96, 102, 2, 58, 121, 103, 117, 40, 104, 153, 88, 50, 101, 27, 136, 63, 114, 69, 25, 87, 24, 135, 35, 54, 72, 71, 23, 66, 159, 91, 43, 47, 152, 83, 61, 62, 86, 70, 39, 11, 65, 81, 4, 185, 60, 125, 108, 64, 76, 9, 160, 1, 37, 20, 79, 162, 55, 150, 5, 34, 51, 169, 178, 57, 151, 115, 59, 140, 8, 181, 68, 16, 134, 6, 129, 56, 166, 109, 21, 82, 195, 48, 12, 106, 118, 180, 107, 171, 18, 3, 175, 156, 122, 94, 111, 22, 126, 67, 138, 45, 15, 182, 78, 31, 123, 155, 26, 99, 7, 14, 85, 92, 188, 93, 147, 120, 77, 113, 144, 17, 127, 193, 133, 89, 33, 30, 168, 116, 74, 199, 173, 200, 158, 174, 80, 10, 53, 161, 84, 149, 49, 177, 132, 172, 170, 194, 100, 164, 197, 176, 105, 131, 36, 110, 184, 190, 90, 19, 196, 179, 191, 97, 28, 198, 95, 46, 157, 183, 141, 167, 73, 154, 112, 139, 186, 142, 98, 165, 143, 128, 137, 163, 130, 148, 119, 192]项目工期为：284.0；项目成本为：193242.49999999994
染色体结构为:
[32, 145, 124, 146, 75, 187, 41, 13, 52, 42, 44, 38, 189, 103, 29, 102, 117, 96, 58, 2, 153, 121, 104, 40, 88, 50, 114, 136, 27, 101, 69, 87, 63, 24, 135, 54, 25, 23, 71, 66, 43, 91, 159, 35, 152, 72, 83, 47, 62, 108, 60, 64, 9, 160, 76, 1, 185, 79, 11, 37, 162, 5, 55, 34, 20, 169, 150, 107, 51, 134, 65, 106, 82, 59, 6, 12, 81, 18, 180, 118, 156, 3, 122, 171, 94, 175, 151, 111, 67, 45, 126, 22, 8, 138, 181, 61, 48, 57, 15, 56, 178, 30, 133, 168, 16, 74, 4, 39, 86, 70, 125, 115, 123, 68, 147, 109, 77, 31, 14, 140, 174, 120, 26, 85, 193, 158, 176, 53, 49, 188, 89, 177, 93, 170, 110, 195, 99, 161, 164, 155, 90, 183, 199, 21, 28, 191, 131, 73, 182, 33, 10, 46, 98, 92, 127, 36, 100, 80, 105, 165, 200, 186, 116, 129, 167, 154, 78, 144, 166, 7, 113, 84, 17, 173, 149, 172, 132, 197, 194, 184, 190, 19, 179, 196, 95, 198, 157, 137, 128, 142, 130, 97, 143, 139, 112, 141, 192, 148, 119, 163]项目工期为：214.0；项目成本为：230369.7
染色体结构为:
[146, 145, 124, 32, 52, 41, 187, 75, 42, 44, 13, 189, 29, 2, 38, 103, 96, 58, 102, 117, 121, 104, 40, 88, 50, 153, 114, 27, 69, 101, 136, 24, 25, 63, 87, 135, 54, 71, 35, 91, 159, 23, 72, 43, 47, 83, 66, 152, 39, 62, 61, 81, 86, 11, 185, 60, 65, 70, 108, 4, 64, 76, 125, 9, 160, 1, 79, 37, 162, 55, 34, 5, 51, 20, 150, 169, 115, 57, 178, 59, 140, 151, 68, 134, 8, 16, 181, 129, 6, 109, 166, 195, 21, 48, 56, 107, 99, 122, 14, 188, 92, 113, 15, 171, 33, 180, 161, 12, 168, 67, 10, 82, 7, 45, 18, 19, 144, 138, 31, 174, 30, 106, 133, 22, 77, 172, 89, 194, 49, 93, 120, 3, 183, 179, 110, 173, 116, 127, 196, 78, 170, 118, 73, 182, 156, 94, 111, 126, 191, 175, 100, 177, 123, 155, 97, 17, 167, 198, 199, 176, 186, 158, 80, 131, 139, 164, 154, 95, 147, 200, 28, 157, 112, 105, 184, 74, 130, 26, 193, 85, 46, 98, 53, 142, 36, 197, 90, 137, 128, 84, 143, 192, 149, 132, 165, 119, 141, 163, 190, 148]项目工期为：183.0；项目成本为：250868.20000000004
染色体结构为:
[124, 32, 146, 145, 75, 13, 41, 187, 52, 42, 38, 189, 44, 96, 29, 102, 2, 58, 121, 103, 117, 40, 104, 153, 88, 101, 50, 27, 136, 114, 69, 25, 87, 63, 24, 135, 35, 54, 72, 71, 23, 159, 66, 91, 43, 152, 47, 83, 61, 62, 86, 70, 39, 11, 65, 4, 81, 185, 60, 125, 64, 108, 76, 9, 1, 160, 20, 37, 79, 55, 162, 150, 5, 34, 178, 51, 57, 115, 169, 151, 8, 59, 140, 181, 68, 16, 134, 6, 129, 166, 56, 109, 21, 82, 195, 48, 106, 12, 107, 180, 118, 3, 171, 18, 122, 94, 156, 175, 111, 126, 45, 22, 67, 15, 78, 155, 138, 31, 182, 123, 26, 14, 99, 85, 147, 7, 92, 188, 113, 77, 93, 120, 144, 193, 127, 133, 17, 89, 168, 33, 30, 74, 174, 173, 116, 199, 158, 53, 200, 10, 161, 80, 84, 149, 172, 132, 170, 49, 194, 177, 197, 164, 105, 176, 110, 100, 184, 36, 90, 131, 190, 19, 196, 191, 179, 97, 28, 198, 95, 157, 46, 167, 183, 141, 154, 73, 139, 186, 137, 142, 112, 98, 165, 119, 143, 163, 148, 192, 130, 128]项目工期为：277.0；项目成本为：195961.99999999994
染色体结构为:
[124, 145, 32, 146, 187, 13, 75, 41, 52, 42, 189, 29, 38, 44, 2, 58, 103, 102, 96, 121, 117, 40, 104, 153, 88, 50, 27, 63, 69, 114, 101, 24, 136, 135, 25, 71, 54, 87, 43, 23, 91, 72, 35, 66, 47, 159, 62, 61, 39, 152, 86, 11, 70, 83, 4, 185, 60, 81, 125, 65, 76, 160, 64, 108, 9, 1, 37, 79, 5, 162, 55, 150, 20, 57, 34, 169, 51, 178, 115, 68, 151, 140, 59, 8, 181, 129, 134, 6, 16, 56, 166, 109, 195, 21, 82, 48, 106, 107, 12, 118, 18, 180, 3, 156, 94, 122, 171, 175, 126, 111, 22, 45, 138, 67, 15, 78, 155, 182, 31, 123, 26, 7, 99, 85, 92, 14, 147, 120, 93, 188, 77, 144, 193, 113, 17, 127, 133, 89, 30, 168, 116, 33, 74, 199, 173, 174, 158, 200, 10, 80, 53, 172, 161, 84, 170, 49, 149, 132, 197, 177, 194, 164, 176, 100, 36, 105, 131, 190, 184, 110, 90, 196, 19, 28, 179, 198, 191, 97, 95, 46, 157, 183, 141, 167, 112, 186, 73, 154, 130, 139, 98, 142, 137, 128, 192, 143, 165, 148, 119, 163]项目工期为：336.0；项目成本为：180953.09999999998
染色体结构为:
[124, 146, 32, 145, 75, 13, 41, 187, 52, 42, 38, 189, 44, 29, 96, 2, 102, 121, 103, 117, 58, 40, 104, 88, 153, 101, 27, 136, 50, 114, 69, 87, 25, 24, 63, 135, 35, 54, 72, 23, 71, 159, 66, 91, 43, 152, 83, 47, 62, 61, 86, 39, 70, 65, 11, 81, 4, 185, 60, 125, 76, 108, 64, 9, 1, 20, 160, 79, 55, 37, 150, 5, 162, 34, 51, 169, 178, 57, 115, 59, 151, 140, 8, 181, 16, 68, 134, 6, 129, 56, 109, 166, 21, 82, 48, 195, 106, 12, 107, 180, 118, 18, 3, 171, 94, 122, 175, 156, 126, 111, 45, 22, 67, 15, 78, 138, 155, 31, 182, 123, 26, 14, 99, 147, 85, 7, 92, 188, 93, 113, 77, 120, 193, 144, 127, 133, 89, 17, 168, 30, 33, 74, 174, 116, 173, 158, 199, 53, 200, 80, 84, 161, 149, 10, 172, 132, 170, 194, 49, 177, 164, 197, 110, 105, 176, 100, 184, 36, 190, 90, 19, 131, 196, 191, 179, 97, 28, 95, 198, 157, 167, 46, 141, 183, 139, 154, 73, 186, 137, 112, 165, 119, 142, 143, 98, 163, 192, 148, 128, 130]项目工期为：243.0；项目成本为：210597.20000000007
染色体结构为:
[124, 145, 146, 32, 187, 75, 41, 13, 52, 42, 189, 38, 44, 102, 29, 103, 96, 58, 2, 121, 40, 117, 104, 50, 153, 88, 27, 114, 101, 69, 63, 24, 136, 25, 135, 71, 54, 87, 43, 35, 66, 91, 23, 159, 72, 152, 61, 62, 39, 47, 83, 11, 70, 86, 81, 4, 185, 60, 76, 65, 125, 108, 160, 64, 5, 1, 34, 9, 37, 162, 79, 20, 55, 51, 150, 57, 59, 169, 151, 178, 115, 68, 140, 8, 181, 134, 129, 6, 56, 166, 16, 109, 21, 48, 82, 12, 180, 195, 118, 106, 171, 107, 18, 3, 156, 175, 94, 111, 122, 22, 126, 67, 138, 15, 45, 182, 78, 31, 155, 123, 26, 99, 7, 85, 14, 188, 147, 92, 120, 93, 77, 113, 144, 17, 193, 127, 89, 133, 168, 30, 33, 74, 199, 116, 173, 158, 174, 200, 80, 10, 53, 84, 161, 149, 49, 172, 132, 177, 170, 194, 164, 100, 105, 197, 176, 36, 131, 184, 90, 110, 190, 196, 19, 198, 28, 191, 95, 179, 157, 97, 46, 183, 167, 141, 73, 112, 154, 139, 186, 142, 165, 98, 130, 143, 137, 128, 148, 163, 119, 192]项目工期为：358.0；项目成本为：176464.40000000002
染色体结构为:
[145, 146, 124, 32, 41, 52, 187, 75, 42, 189, 13, 44, 2, 29, 103, 38, 102, 96, 117, 58, 121, 104, 40, 88, 50, 153, 69, 114, 27, 101, 24, 136, 25, 63, 135, 87, 54, 35, 71, 91, 159, 43, 23, 72, 83, 47, 66, 152, 62, 61, 39, 86, 81, 60, 11, 185, 70, 65, 108, 64, 4, 125, 9, 76, 160, 79, 1, 37, 162, 55, 34, 5, 51, 20, 150, 169, 115, 178, 57, 59, 151, 68, 140, 134, 8, 16, 181, 129, 6, 166, 109, 21, 195, 56, 48, 107, 99, 122, 14, 92, 188, 113, 171, 15, 180, 33, 161, 168, 12, 67, 82, 10, 7, 45, 19, 18, 144, 138, 174, 31, 30, 106, 22, 133, 77, 172, 93, 89, 194, 120, 49, 3, 183, 110, 179, 116, 173, 127, 196, 73, 78, 170, 118, 156, 182, 94, 191, 126, 111, 123, 175, 100, 177, 155, 167, 97, 198, 17, 199, 186, 158, 176, 80, 131, 164, 139, 154, 95, 147, 28, 200, 157, 112, 105, 74, 184, 26, 130, 193, 85, 46, 53, 98, 142, 36, 197, 90, 137, 128, 84, 143, 192, 149, 132, 119, 165, 141, 148, 190, 163]项目工期为：193.0；项目成本为：243962.50000000003
染色体结构为:
[146, 124, 52, 145, 32, 41, 75, 187, 42, 189, 13, 29, 58, 44, 38, 2, 96, 102, 103, 121, 117, 40, 153, 104, 88, 50, 27, 63, 69, 114, 24, 101, 135, 136, 25, 54, 87, 71, 23, 43, 91, 35, 72, 66, 47, 159, 61, 62, 39, 11, 152, 86, 83, 70, 81, 4, 60, 185, 65, 76, 125, 64, 108, 160, 9, 1, 37, 5, 79, 162, 55, 34, 150, 20, 51, 169, 57, 151, 178, 115, 68, 59, 140, 8, 181, 134, 129, 16, 6, 56, 166, 109, 195, 21, 82, 48, 106, 107, 12, 118, 18, 180, 3, 94, 156, 171, 122, 175, 126, 111, 22, 45, 138, 67, 15, 78, 182, 155, 31, 123, 26, 99, 85, 7, 92, 14, 147, 188, 120, 93, 77, 144, 193, 113, 127, 17, 89, 133, 30, 168, 116, 33, 74, 173, 199, 158, 174, 200, 10, 80, 53, 161, 172, 84, 170, 149, 49, 132, 177, 197, 194, 164, 176, 100, 105, 36, 131, 190, 184, 110, 90, 196, 179, 28, 198, 19, 191, 95, 97, 46, 157, 183, 141, 167, 186, 112, 73, 154, 139, 130, 98, 142, 137, 128, 143, 192, 165, 119, 163, 148]项目工期为：425.0；项目成本为：164628.7
染色体结构为:
[146, 32, 124, 145, 52, 41, 75, 42, 187, 189, 44, 13, 2, 29, 103, 38, 96, 117, 102, 58, 121, 40, 104, 50, 88, 114, 153, 69, 27, 101, 24, 25, 136, 63, 135, 87, 35, 54, 71, 91, 159, 23, 43, 83, 72, 66, 47, 152, 62, 61, 86, 39, 81, 60, 11, 70, 185, 4, 65, 108, 64, 76, 160, 125, 79, 9, 1, 37, 162, 55, 5, 34, 20, 51, 169, 150, 57, 115, 178, 140, 59, 151, 68, 134, 8, 181, 16, 129, 6, 109, 166, 195, 21, 48, 56, 107, 99, 122, 14, 92, 188, 171, 113, 15, 180, 33, 161, 12, 67, 168, 10, 82, 7, 45, 19, 18, 144, 138, 31, 174, 30, 106, 133, 22, 77, 89, 172, 194, 93, 120, 3, 49, 183, 179, 116, 173, 110, 127, 73, 196, 78, 170, 118, 182, 156, 94, 191, 111, 126, 175, 123, 155, 100, 177, 167, 97, 198, 199, 17, 186, 158, 176, 80, 164, 131, 139, 154, 95, 147, 28, 200, 157, 112, 184, 26, 105, 193, 130, 85, 74, 46, 53, 98, 142, 90, 197, 36, 128, 137, 84, 143, 192, 149, 132, 165, 119, 141, 148, 163, 190]项目工期为：190.0；项目成本为：248291.40000000008
染色体结构为:
[124, 145, 75, 32, 187, 146, 41, 13, 52, 38, 42, 189, 44, 29, 103, 102, 117, 58, 96, 2, 153, 104, 121, 40, 50, 88, 114, 136, 101, 27, 87, 69, 63, 135, 24, 25, 71, 54, 23, 43, 66, 91, 159, 35, 152, 72, 62, 83, 108, 47, 64, 160, 60, 9, 1, 76, 185, 11, 79, 37, 162, 5, 34, 55, 150, 20, 169, 107, 134, 51, 106, 65, 82, 12, 59, 81, 6, 18, 156, 180, 118, 3, 122, 171, 94, 175, 111, 45, 151, 67, 126, 8, 138, 22, 61, 181, 57, 48, 56, 30, 15, 178, 16, 168, 39, 86, 74, 133, 4, 70, 68, 125, 123, 147, 115, 109, 77, 140, 31, 14, 174, 26, 85, 120, 193, 158, 53, 188, 176, 49, 89, 177, 110, 93, 195, 170, 99, 164, 90, 161, 155, 199, 183, 21, 28, 191, 73, 131, 182, 98, 33, 46, 10, 92, 100, 127, 36, 105, 80, 200, 165, 186, 116, 129, 167, 154, 144, 78, 7, 166, 17, 113, 84, 149, 172, 173, 132, 190, 184, 197, 179, 194, 19, 196, 198, 137, 157, 95, 142, 128, 97, 130, 143, 139, 112, 192, 141, 148, 163, 119]项目工期为：201.0；项目成本为：233484.80000000002
染色体结构为:
[124, 146, 187, 32, 145, 75, 52, 41, 42, 13, 44, 29, 189, 58, 38, 102, 103, 2, 117, 96, 153, 121, 40, 88, 104, 101, 50, 136, 27, 63, 114, 24, 69, 25, 87, 35, 135, 72, 54, 71, 23, 159, 66, 91, 43, 152, 62, 47, 83, 86, 61, 39, 70, 81, 11, 4, 65, 60, 64, 125, 185, 108, 76, 160, 1, 37, 9, 79, 20, 162, 5, 150, 34, 55, 51, 178, 169, 57, 115, 140, 151, 59, 8, 68, 181, 16, 6, 134, 129, 166, 56, 109, 21, 195, 82, 48, 12, 107, 106, 180, 18, 118, 3, 171, 94, 156, 126, 175, 122, 22, 45, 138, 15, 111, 182, 78, 67, 31, 155, 26, 123, 99, 14, 7, 85, 147, 188, 92, 120, 93, 113, 144, 77, 193, 89, 17, 133, 127, 33, 30, 168, 173, 74, 199, 116, 174, 158, 53, 200, 80, 10, 84, 161, 149, 172, 132, 170, 49, 194, 177, 197, 100, 176, 105, 164, 36, 110, 184, 190, 131, 90, 196, 19, 179, 191, 28, 198, 95, 46, 97, 183, 157, 167, 141, 154, 112, 73, 139, 186, 142, 98, 130, 143, 128, 137, 119, 192, 165, 163, 148]项目工期为：296.0；项目成本为：188066.1
染色体结构为:
[146, 124, 52, 145, 32, 41, 75, 187, 42, 189, 13, 29, 58, 44, 38, 2, 103, 102, 96, 121, 117, 40, 104, 153, 88, 50, 27, 69, 63, 114, 101, 24, 135, 136, 25, 54, 71, 87, 23, 43, 72, 91, 35, 66, 47, 159, 62, 61, 152, 39, 86, 11, 70, 4, 83, 81, 185, 60, 125, 65, 76, 160, 64, 108, 9, 1, 37, 79, 5, 162, 55, 20, 150, 34, 169, 51, 57, 178, 115, 151, 68, 140, 59, 8, 181, 129, 134, 16, 6, 166, 56, 82, 109, 195, 21, 48, 106, 107, 12, 118, 180, 18, 94, 3, 156, 171, 175, 122, 126, 111, 22, 45, 138, 67, 15, 182, 78, 155, 31, 123, 99, 26, 7, 85, 14, 92, 147, 188, 120, 93, 77, 144, 193, 113, 17, 127, 133, 89, 30, 168, 74, 33, 116, 199, 173, 158, 174, 200, 10, 80, 53, 161, 172, 84, 149, 49, 170, 132, 177, 194, 197, 164, 100, 176, 36, 105, 131, 184, 190, 110, 90, 19, 196, 179, 191, 28, 198, 97, 95, 157, 46, 183, 141, 167, 112, 73, 154, 186, 130, 139, 98, 142, 128, 137, 143, 192, 165, 119, 148, 163]项目工期为：372.0；项目成本为：174133.90000000005
染色体结构为:
[124, 145, 32, 146, 75, 187, 13, 52, 41, 42, 44, 38, 189, 29, 102, 103, 58, 96, 2, 121, 117, 40, 104, 153, 88, 27, 50, 114, 101, 69, 63, 136, 25, 24, 135, 71, 54, 43, 87, 66, 35, 23, 72, 91, 159, 62, 152, 61, 47, 39, 83, 86, 11, 70, 185, 81, 4, 65, 60, 76, 125, 108, 160, 64, 9, 5, 1, 79, 34, 37, 162, 51, 20, 150, 55, 169, 57, 151, 59, 178, 115, 68, 181, 140, 8, 134, 129, 6, 166, 16, 56, 109, 21, 82, 48, 195, 12, 180, 118, 106, 107, 171, 18, 3, 156, 175, 94, 122, 111, 22, 126, 138, 67, 15, 45, 182, 78, 31, 155, 123, 26, 14, 99, 7, 85, 92, 93, 188, 147, 77, 120, 113, 193, 144, 127, 17, 89, 133, 33, 168, 74, 30, 199, 116, 173, 158, 200, 174, 80, 10, 53, 161, 84, 149, 172, 49, 177, 132, 170, 194, 100, 164, 197, 176, 105, 36, 184, 131, 110, 190, 90, 196, 19, 191, 179, 28, 198, 97, 95, 157, 46, 167, 183, 73, 141, 112, 154, 139, 186, 165, 142, 143, 98, 137, 128, 130, 148, 163, 192, 119]项目工期为：314.0；项目成本为：184629.49999999994
染色体结构为:
[124, 146, 52, 145, 32, 41, 75, 187, 42, 189, 13, 29, 58, 44, 38, 2, 96, 102, 103, 121, 117, 40, 153, 104, 88, 50, 27, 63, 69, 114, 24, 101, 135, 136, 25, 54, 87, 71, 23, 43, 91, 35, 72, 66, 47, 159, 61, 62, 39, 11, 152, 86, 83, 70, 81, 4, 185, 60, 65, 76, 125, 64, 108, 160, 9, 37, 1, 5, 79, 162, 55, 34, 150, 20, 51, 57, 169, 151, 178, 115, 68, 59, 140, 8, 181, 134, 129, 16, 6, 56, 166, 109, 21, 195, 82, 48, 106, 107, 12, 118, 18, 3, 180, 94, 156, 171, 122, 175, 126, 111, 22, 45, 138, 67, 15, 78, 182, 31, 155, 123, 26, 99, 85, 7, 92, 14, 147, 188, 120, 93, 77, 144, 193, 113, 127, 17, 89, 133, 30, 168, 116, 33, 74, 173, 199, 158, 174, 200, 10, 80, 53, 161, 172, 84, 149, 170, 49, 132, 177, 197, 194, 164, 176, 105, 100, 36, 131, 190, 184, 110, 90, 196, 179, 28, 19, 198, 191, 97, 95, 46, 157, 183, 141, 167, 112, 186, 73, 154, 139, 98, 130, 142, 137, 128, 192, 143, 165, 119, 148, 163]项目工期为：396.0；项目成本为：171589.30000000002
染色体结构为:
[124, 52, 146, 145, 32, 75, 41, 187, 42, 189, 13, 29, 58, 44, 38, 2, 96, 102, 121, 103, 117, 40, 153, 104, 88, 50, 27, 63, 69, 114, 24, 101, 135, 136, 54, 25, 87, 71, 23, 91, 43, 35, 72, 66, 47, 61, 159, 62, 39, 11, 152, 83, 86, 70, 81, 4, 185, 60, 65, 76, 125, 64, 108, 160, 9, 1, 37, 5, 79, 162, 55, 34, 150, 20, 51, 169, 57, 151, 178, 115, 68, 59, 140, 8, 181, 134, 129, 16, 6, 56, 166, 109, 195, 82, 21, 48, 106, 107, 12, 118, 18, 3, 94, 180, 156, 171, 122, 175, 126, 111, 22, 45, 138, 67, 15, 78, 182, 155, 31, 123, 26, 99, 85, 92, 7, 147, 14, 188, 120, 93, 77, 193, 144, 113, 127, 17, 89, 133, 30, 168, 116, 33, 74, 173, 199, 174, 200, 158, 10, 80, 53, 161, 172, 170, 84, 149, 49, 132, 197, 177, 164, 194, 176, 100, 105, 36, 131, 190, 184, 90, 110, 196, 179, 28, 198, 191, 19, 95, 97, 46, 157, 183, 141, 167, 186, 112, 73, 154, 139, 130, 98, 142, 128, 137, 143, 192, 165, 119, 163, 148]项目工期为：412.0；项目成本为：169624.7
染色体结构为:
[145, 124, 146, 32, 41, 52, 187, 75, 42, 189, 13, 44, 2, 29, 103, 38, 102, 96, 117, 58, 121, 104, 40, 88, 50, 153, 69, 27, 114, 101, 24, 136, 25, 63, 135, 87, 54, 35, 71, 91, 159, 23, 43, 72, 83, 47, 66, 152, 62, 61, 86, 39, 81, 60, 11, 185, 70, 108, 65, 64, 4, 125, 9, 76, 160, 1, 79, 162, 37, 55, 34, 5, 51, 20, 150, 169, 115, 178, 57, 59, 151, 68, 140, 134, 8, 16, 181, 129, 6, 166, 109, 195, 21, 56, 48, 107, 122, 99, 14, 92, 188, 113, 171, 180, 15, 161, 33, 168, 12, 67, 82, 10, 7, 45, 18, 19, 144, 138, 174, 31, 30, 106, 22, 133, 77, 93, 172, 89, 194, 120, 49, 3, 183, 110, 179, 116, 173, 196, 127, 73, 78, 170, 156, 118, 182, 191, 94, 126, 111, 123, 100, 175, 177, 155, 97, 167, 17, 198, 199, 186, 158, 176, 80, 131, 164, 139, 154, 95, 147, 200, 28, 157, 112, 105, 74, 184, 26, 130, 193, 85, 46, 53, 98, 142, 36, 197, 90, 137, 128, 84, 143, 192, 149, 132, 119, 165, 141, 148, 190, 163]项目工期为：197.0；项目成本为：242702.30000000002
染色体结构为:
[124, 145, 32, 75, 187, 146, 41, 13, 52, 38, 42, 189, 44, 29, 103, 102, 117, 58, 96, 2, 153, 104, 121, 40, 50, 114, 88, 136, 101, 69, 27, 87, 63, 135, 24, 25, 71, 54, 23, 43, 66, 159, 91, 35, 152, 72, 62, 83, 47, 108, 64, 60, 160, 9, 1, 76, 185, 11, 79, 37, 162, 5, 34, 55, 150, 20, 169, 107, 134, 51, 106, 65, 82, 12, 59, 81, 6, 18, 156, 180, 118, 3, 122, 171, 94, 175, 111, 151, 45, 67, 126, 8, 138, 22, 61, 181, 57, 48, 56, 30, 15, 178, 16, 168, 39, 74, 86, 133, 70, 4, 68, 125, 147, 123, 115, 109, 77, 31, 140, 14, 174, 26, 85, 120, 193, 158, 53, 188, 176, 49, 177, 93, 89, 110, 195, 170, 99, 164, 90, 155, 161, 199, 183, 28, 21, 191, 73, 131, 182, 33, 98, 10, 127, 46, 92, 100, 36, 105, 80, 200, 165, 116, 186, 129, 154, 167, 144, 78, 7, 166, 113, 17, 84, 149, 173, 172, 197, 132, 184, 190, 179, 19, 194, 196, 198, 137, 157, 95, 142, 128, 97, 130, 143, 139, 112, 192, 141, 148, 163, 119]项目工期为：210.0；项目成本为：233276.30000000005
染色体结构为:
[124, 146, 32, 145, 187, 75, 52, 42, 41, 13, 44, 29, 58, 189, 38, 102, 103, 2, 117, 153, 96, 121, 88, 40, 104, 101, 50, 27, 136, 63, 114, 24, 69, 25, 87, 35, 135, 72, 54, 71, 159, 23, 66, 91, 43, 152, 62, 47, 83, 86, 39, 61, 70, 81, 11, 4, 65, 64, 60, 125, 185, 108, 76, 160, 1, 37, 79, 9, 20, 162, 5, 150, 34, 55, 178, 51, 169, 57, 115, 140, 59, 151, 8, 68, 181, 16, 6, 134, 166, 129, 56, 109, 21, 195, 82, 48, 12, 107, 106, 180, 18, 118, 3, 171, 94, 156, 126, 175, 122, 22, 45, 138, 15, 111, 182, 78, 31, 67, 155, 26, 99, 123, 14, 7, 85, 147, 92, 188, 93, 120, 144, 113, 77, 193, 89, 17, 133, 127, 33, 30, 168, 173, 74, 199, 116, 174, 158, 53, 200, 80, 10, 84, 161, 149, 132, 172, 49, 170, 194, 177, 197, 100, 176, 105, 164, 36, 110, 184, 190, 131, 90, 196, 19, 179, 191, 28, 198, 95, 46, 97, 183, 157, 167, 141, 154, 112, 73, 139, 142, 186, 98, 130, 143, 128, 137, 119, 192, 165, 163, 148]项目工期为：291.0；项目成本为：188988.99999999997
染色体结构为:
[32, 124, 145, 187, 75, 146, 41, 52, 13, 42, 38, 44, 189, 103, 102, 29, 58, 117, 96, 2, 121, 153, 104, 50, 40, 88, 114, 136, 27, 101, 69, 87, 63, 135, 24, 25, 54, 23, 71, 43, 66, 91, 35, 152, 72, 83, 159, 108, 62, 47, 60, 64, 9, 160, 76, 185, 1, 11, 79, 37, 162, 55, 5, 34, 20, 169, 107, 150, 51, 106, 134, 82, 65, 59, 12, 6, 81, 18, 180, 118, 3, 156, 171, 94, 122, 151, 175, 111, 45, 67, 126, 22, 138, 8, 181, 61, 48, 57, 56, 15, 30, 178, 133, 16, 39, 168, 74, 4, 86, 70, 125, 115, 123, 68, 147, 109, 77, 140, 14, 31, 174, 120, 85, 26, 193, 158, 53, 176, 49, 188, 89, 177, 93, 170, 195, 110, 161, 99, 164, 155, 90, 183, 199, 21, 28, 191, 131, 73, 182, 33, 98, 10, 46, 92, 127, 36, 100, 80, 105, 165, 200, 116, 129, 186, 167, 144, 154, 166, 78, 7, 113, 84, 17, 173, 149, 132, 172, 197, 194, 190, 19, 184, 179, 196, 198, 95, 157, 137, 128, 142, 130, 97, 143, 139, 141, 112, 192, 148, 119, 163]项目工期为：198.0；项目成本为：239980.50000000006
染色体结构为:
[124, 32, 145, 146, 75, 13, 41, 52, 42, 187, 38, 189, 44, 96, 29, 102, 2, 58, 121, 103, 40, 117, 104, 153, 101, 88, 50, 27, 136, 69, 114, 25, 87, 63, 24, 135, 54, 72, 35, 71, 23, 66, 159, 91, 43, 152, 47, 83, 61, 62, 86, 70, 39, 11, 65, 4, 185, 81, 60, 125, 64, 76, 108, 9, 160, 1, 20, 37, 55, 79, 162, 150, 5, 178, 34, 51, 57, 115, 169, 8, 151, 59, 140, 181, 68, 16, 134, 129, 6, 109, 166, 56, 21, 82, 195, 106, 48, 12, 180, 107, 118, 3, 18, 171, 94, 122, 156, 175, 111, 45, 126, 67, 22, 78, 15, 155, 138, 31, 182, 123, 26, 14, 99, 85, 147, 7, 92, 188, 113, 77, 93, 120, 193, 144, 127, 133, 17, 168, 89, 33, 30, 74, 174, 173, 116, 199, 158, 53, 200, 10, 161, 80, 84, 172, 149, 132, 170, 49, 177, 194, 197, 105, 164, 176, 110, 36, 100, 184, 90, 131, 190, 19, 196, 191, 179, 97, 198, 95, 157, 28, 46, 167, 141, 183, 73, 139, 154, 186, 137, 142, 98, 112, 165, 143, 119, 163, 148, 192, 130, 128]项目工期为：251.0；项目成本为：205218.8
染色体结构为:
[124, 32, 145, 146, 75, 13, 187, 41, 52, 42, 38, 189, 44, 29, 96, 102, 2, 121, 103, 58, 117, 40, 104, 153, 88, 101, 50, 27, 136, 114, 69, 87, 63, 25, 24, 135, 35, 54, 72, 23, 71, 159, 66, 91, 43, 152, 83, 61, 62, 47, 86, 39, 70, 65, 11, 4, 81, 60, 125, 185, 64, 76, 108, 9, 1, 20, 160, 79, 55, 37, 150, 162, 5, 34, 51, 169, 57, 115, 178, 59, 8, 151, 140, 16, 181, 134, 68, 129, 6, 56, 109, 166, 21, 82, 195, 106, 48, 12, 107, 180, 118, 18, 3, 171, 122, 94, 156, 175, 111, 126, 45, 22, 67, 15, 78, 138, 31, 155, 123, 182, 14, 26, 99, 85, 147, 7, 92, 93, 188, 113, 77, 193, 120, 144, 127, 133, 17, 89, 168, 30, 33, 74, 116, 174, 173, 158, 199, 53, 200, 80, 84, 161, 10, 172, 149, 132, 170, 194, 49, 164, 177, 197, 110, 105, 176, 100, 184, 36, 190, 19, 90, 196, 131, 179, 97, 191, 28, 95, 198, 157, 167, 46, 183, 141, 154, 139, 73, 186, 137, 112, 142, 165, 119, 143, 98, 163, 148, 192, 130, 128]项目工期为：236.0；项目成本为：217663.6000000001
染色体结构为:
[145, 124, 146, 32, 52, 41, 187, 75, 42, 13, 44, 189, 29, 103, 2, 38, 96, 58, 102, 117, 121, 40, 104, 88, 50, 114, 153, 69, 27, 101, 136, 24, 63, 25, 87, 135, 54, 71, 35, 91, 159, 43, 23, 72, 83, 47, 66, 62, 61, 39, 152, 81, 86, 11, 60, 185, 70, 65, 4, 64, 76, 125, 108, 9, 160, 1, 79, 162, 37, 55, 5, 34, 51, 20, 150, 169, 57, 115, 178, 59, 151, 140, 68, 134, 8, 129, 16, 181, 6, 195, 109, 166, 48, 21, 56, 107, 122, 99, 188, 14, 92, 113, 15, 33, 180, 171, 161, 12, 168, 82, 67, 7, 10, 18, 45, 144, 19, 138, 31, 174, 30, 106, 22, 133, 172, 77, 194, 93, 49, 120, 89, 3, 183, 110, 179, 116, 173, 127, 196, 73, 170, 78, 118, 182, 94, 156, 191, 126, 111, 100, 175, 177, 123, 155, 167, 17, 97, 199, 198, 186, 158, 176, 131, 80, 164, 139, 154, 95, 147, 200, 28, 157, 105, 112, 184, 74, 130, 193, 85, 26, 46, 98, 142, 53, 36, 197, 90, 128, 84, 132, 149, 143, 190, 137, 192, 141, 165, 119, 148, 163]项目工期为：189.0；项目成本为：249971.30000000008
染色体结构为:
[146, 124, 52, 145, 32, 75, 41, 187, 42, 189, 13, 29, 58, 44, 38, 2, 96, 103, 102, 121, 117, 40, 153, 88, 104, 50, 63, 27, 69, 114, 24, 101, 135, 136, 54, 25, 87, 23, 43, 71, 91, 35, 72, 66, 47, 159, 61, 62, 39, 11, 152, 86, 83, 70, 81, 4, 60, 185, 65, 76, 64, 125, 108, 160, 9, 37, 1, 79, 5, 162, 55, 34, 150, 51, 20, 169, 57, 151, 178, 115, 68, 59, 140, 8, 181, 134, 129, 16, 6, 56, 166, 195, 109, 21, 82, 48, 107, 12, 106, 118, 18, 180, 94, 3, 156, 171, 122, 175, 111, 126, 22, 138, 45, 67, 15, 78, 182, 155, 31, 123, 26, 99, 85, 7, 92, 14, 147, 188, 120, 93, 77, 144, 193, 113, 127, 17, 133, 89, 30, 168, 116, 33, 74, 173, 199, 158, 174, 200, 10, 80, 53, 172, 161, 84, 170, 149, 49, 132, 177, 197, 194, 176, 164, 105, 100, 131, 36, 190, 184, 110, 90, 196, 179, 28, 198, 19, 191, 95, 97, 46, 157, 183, 141, 167, 186, 73, 112, 154, 139, 130, 98, 142, 137, 128, 143, 192, 165, 119, 163, 148]项目工期为：393.0；项目成本为：171668.1
染色体结构为:
[32, 124, 75, 146, 145, 13, 187, 41, 52, 189, 42, 44, 38, 29, 96, 103, 102, 58, 2, 121, 40, 104, 117, 153, 88, 50, 27, 101, 136, 114, 63, 25, 69, 24, 87, 135, 35, 54, 71, 72, 159, 23, 66, 43, 62, 91, 47, 152, 83, 61, 70, 86, 39, 11, 65, 81, 4, 185, 60, 125, 64, 108, 76, 160, 1, 37, 9, 20, 162, 79, 5, 55, 150, 34, 51, 57, 178, 169, 115, 59, 151, 8, 140, 68, 181, 16, 134, 6, 129, 56, 166, 109, 21, 82, 48, 195, 106, 12, 107, 180, 118, 18, 3, 171, 122, 156, 94, 175, 111, 45, 126, 22, 67, 15, 78, 155, 138, 31, 182, 26, 123, 14, 99, 147, 85, 7, 92, 113, 188, 77, 93, 120, 144, 193, 127, 133, 17, 168, 89, 33, 30, 174, 74, 173, 116, 199, 158, 53, 200, 80, 10, 161, 84, 149, 132, 172, 170, 194, 49, 197, 105, 177, 176, 164, 110, 184, 100, 36, 190, 90, 131, 19, 196, 179, 191, 97, 28, 95, 198, 157, 167, 183, 46, 141, 154, 73, 139, 186, 137, 142, 112, 98, 119, 165, 143, 163, 148, 192, 130, 128]项目工期为：274.0；项目成本为：196166.39999999997
染色体结构为:
[146, 124, 32, 52, 145, 75, 13, 41, 187, 42, 38, 189, 44, 29, 96, 2, 121, 102, 117, 103, 58, 40, 104, 153, 88, 101, 136, 27, 114, 69, 50, 87, 24, 25, 63, 135, 35, 54, 72, 23, 159, 71, 66, 91, 43, 152, 83, 47, 62, 61, 70, 86, 65, 39, 11, 81, 4, 185, 60, 125, 76, 108, 9, 64, 1, 20, 160, 79, 55, 150, 37, 162, 5, 34, 51, 169, 178, 57, 59, 151, 115, 140, 8, 181, 16, 68, 6, 134, 129, 56, 109, 166, 82, 21, 48, 195, 12, 106, 107, 180, 118, 18, 171, 3, 122, 94, 175, 126, 156, 111, 22, 67, 45, 78, 15, 155, 138, 31, 182, 123, 26, 14, 99, 147, 7, 85, 92, 188, 93, 113, 77, 120, 193, 144, 127, 133, 89, 30, 17, 168, 33, 116, 74, 174, 173, 158, 199, 53, 80, 84, 200, 161, 149, 10, 132, 172, 170, 194, 49, 177, 197, 164, 110, 105, 176, 184, 100, 190, 36, 90, 19, 131, 196, 191, 97, 179, 28, 95, 198, 157, 167, 46, 141, 183, 139, 154, 73, 186, 112, 137, 119, 165, 142, 143, 98, 163, 192, 148, 128, 130]项目工期为：237.0；项目成本为：215257.90000000005
染色体结构为:
[146, 145, 124, 32, 75, 187, 41, 13, 52, 42, 44, 38, 189, 103, 29, 102, 58, 117, 96, 153, 2, 121, 40, 104, 50, 88, 114, 136, 27, 101, 69, 87, 63, 135, 24, 25, 23, 54, 71, 43, 66, 91, 35, 159, 152, 72, 83, 62, 108, 47, 60, 64, 9, 76, 160, 185, 1, 11, 79, 37, 162, 5, 55, 34, 20, 150, 169, 107, 51, 65, 134, 106, 82, 59, 12, 6, 81, 18, 180, 118, 156, 3, 171, 94, 122, 175, 151, 111, 45, 22, 126, 67, 138, 8, 181, 61, 48, 56, 57, 30, 15, 178, 133, 168, 16, 39, 74, 4, 86, 70, 125, 123, 68, 115, 147, 109, 77, 14, 140, 31, 174, 120, 85, 193, 26, 158, 53, 176, 49, 188, 89, 177, 93, 170, 195, 110, 99, 161, 155, 90, 164, 183, 199, 21, 28, 191, 131, 182, 73, 33, 98, 46, 10, 127, 92, 36, 80, 100, 165, 200, 105, 186, 116, 129, 167, 154, 78, 144, 166, 7, 84, 113, 17, 173, 149, 172, 132, 197, 194, 190, 184, 19, 179, 196, 198, 95, 137, 157, 142, 128, 130, 143, 97, 141, 139, 112, 192, 119, 148, 163]项目工期为：219.0；项目成本为：228173.90000000002
染色体结构为:
[145, 124, 146, 32, 52, 41, 187, 42, 75, 44, 13, 189, 29, 2, 103, 38, 96, 58, 102, 117, 121, 104, 40, 88, 50, 114, 153, 69, 101, 136, 27, 24, 63, 87, 25, 135, 54, 35, 159, 71, 43, 91, 23, 72, 83, 47, 66, 62, 61, 39, 152, 81, 86, 60, 11, 185, 70, 65, 4, 64, 108, 76, 125, 9, 160, 1, 79, 37, 162, 55, 5, 34, 51, 20, 150, 57, 169, 115, 178, 59, 151, 140, 68, 134, 8, 16, 129, 181, 6, 109, 166, 21, 195, 48, 107, 56, 122, 99, 188, 14, 113, 92, 15, 171, 33, 180, 161, 12, 168, 82, 67, 7, 10, 18, 45, 144, 19, 138, 31, 174, 30, 106, 133, 22, 172, 77, 194, 89, 93, 49, 3, 120, 183, 179, 110, 116, 127, 173, 196, 73, 118, 170, 78, 182, 94, 156, 191, 126, 175, 111, 177, 123, 155, 100, 97, 167, 17, 199, 198, 186, 176, 158, 131, 80, 164, 139, 154, 95, 200, 147, 157, 28, 105, 112, 184, 74, 130, 193, 26, 85, 46, 98, 53, 142, 36, 128, 197, 84, 90, 132, 149, 143, 137, 190, 192, 165, 141, 148, 163, 119]项目工期为：172.0；项目成本为：256520.80000000013
染色体结构为:
[146, 124, 52, 145, 32, 41, 75, 187, 42, 189, 13, 29, 58, 44, 38, 2, 96, 102, 103, 121, 117, 40, 153, 104, 88, 50, 27, 63, 69, 114, 24, 101, 136, 135, 25, 54, 71, 87, 23, 91, 43, 35, 66, 72, 47, 159, 61, 39, 62, 11, 152, 86, 83, 70, 81, 60, 185, 4, 65, 76, 125, 64, 108, 160, 9, 1, 5, 37, 79, 162, 55, 34, 150, 20, 51, 57, 151, 169, 178, 115, 68, 140, 59, 8, 181, 129, 134, 16, 6, 56, 166, 195, 109, 21, 82, 48, 106, 107, 12, 118, 18, 180, 3, 94, 156, 171, 122, 175, 126, 111, 22, 45, 67, 138, 15, 182, 78, 155, 31, 123, 26, 99, 7, 85, 92, 14, 188, 147, 120, 93, 77, 144, 193, 113, 17, 127, 89, 133, 30, 168, 33, 116, 74, 173, 199, 158, 200, 174, 10, 80, 53, 161, 172, 84, 170, 149, 132, 49, 177, 197, 194, 164, 176, 100, 105, 36, 131, 190, 184, 110, 196, 179, 90, 28, 198, 19, 191, 95, 97, 157, 46, 183, 141, 167, 186, 112, 73, 154, 139, 130, 98, 142, 128, 143, 137, 192, 165, 148, 163, 119]项目工期为：389.0；项目成本为：173142.30000000002
染色体结构为:
[124, 32, 75, 145, 187, 146, 41, 52, 13, 42, 38, 44, 189, 103, 29, 102, 117, 96, 58, 153, 2, 121, 104, 50, 40, 88, 114, 136, 101, 69, 27, 87, 63, 135, 24, 25, 71, 54, 23, 43, 66, 91, 159, 35, 152, 72, 62, 83, 47, 108, 60, 64, 9, 160, 76, 1, 185, 11, 79, 37, 162, 5, 34, 55, 20, 169, 150, 107, 51, 134, 65, 106, 82, 59, 12, 81, 6, 18, 180, 156, 118, 3, 122, 171, 94, 175, 151, 111, 67, 45, 126, 8, 22, 138, 181, 61, 48, 56, 57, 15, 30, 178, 16, 168, 133, 39, 86, 74, 4, 70, 125, 68, 115, 123, 147, 109, 77, 31, 140, 174, 14, 26, 85, 120, 158, 193, 53, 188, 176, 49, 177, 93, 89, 110, 170, 195, 164, 99, 90, 161, 155, 183, 199, 28, 21, 191, 73, 131, 182, 33, 98, 10, 46, 92, 127, 100, 36, 80, 105, 200, 165, 186, 116, 129, 167, 154, 144, 78, 166, 7, 113, 84, 17, 173, 149, 172, 132, 197, 184, 179, 190, 194, 196, 19, 198, 157, 137, 95, 142, 97, 128, 130, 143, 139, 112, 141, 192, 148, 163, 119]项目工期为：211.0；项目成本为：230597.10000000006
染色体结构为:
[124, 146, 145, 187, 32, 75, 13, 41, 189, 52, 44, 42, 38, 96, 29, 102, 103, 58, 2, 121, 40, 104, 117, 88, 50, 153, 101, 114, 27, 136, 63, 25, 69, 24, 87, 135, 54, 35, 71, 72, 159, 23, 66, 43, 62, 91, 47, 152, 83, 61, 86, 70, 39, 11, 81, 65, 4, 60, 185, 64, 108, 125, 76, 160, 1, 37, 9, 20, 162, 79, 5, 55, 150, 34, 57, 51, 169, 178, 115, 151, 59, 140, 8, 181, 68, 16, 134, 6, 129, 56, 166, 109, 21, 82, 195, 48, 106, 107, 12, 180, 118, 18, 3, 171, 122, 156, 94, 175, 111, 126, 45, 22, 67, 78, 15, 155, 138, 31, 182, 26, 123, 14, 147, 85, 99, 7, 92, 188, 113, 77, 93, 120, 144, 193, 127, 133, 17, 168, 33, 89, 30, 74, 174, 173, 116, 158, 199, 53, 200, 80, 10, 161, 84, 149, 172, 132, 170, 49, 194, 197, 177, 105, 176, 164, 110, 184, 100, 36, 190, 90, 131, 19, 196, 191, 179, 97, 28, 95, 198, 157, 167, 46, 183, 141, 154, 73, 139, 186, 137, 142, 112, 98, 165, 119, 143, 163, 148, 130, 192, 128]项目工期为：242.0；项目成本为：213057.5
染色体结构为:
[124, 146, 32, 145, 187, 75, 42, 52, 41, 13, 44, 29, 58, 189, 38, 102, 103, 2, 117, 153, 96, 121, 40, 88, 104, 101, 27, 136, 50, 63, 114, 24, 69, 87, 25, 35, 135, 72, 71, 159, 54, 66, 23, 91, 43, 152, 62, 47, 83, 39, 86, 61, 70, 11, 81, 4, 65, 64, 60, 125, 185, 108, 76, 160, 1, 37, 79, 20, 9, 162, 5, 150, 34, 55, 178, 51, 169, 57, 115, 140, 59, 151, 8, 68, 181, 6, 16, 134, 166, 129, 56, 109, 21, 195, 82, 12, 48, 107, 106, 180, 18, 118, 3, 171, 94, 156, 126, 122, 175, 22, 45, 138, 15, 111, 182, 78, 31, 67, 155, 26, 99, 123, 14, 7, 85, 147, 92, 188, 93, 120, 144, 77, 113, 193, 89, 17, 133, 127, 33, 30, 168, 173, 74, 199, 116, 174, 158, 53, 80, 200, 10, 84, 161, 149, 132, 172, 49, 170, 194, 177, 197, 100, 176, 105, 36, 164, 110, 184, 190, 131, 90, 196, 19, 191, 28, 179, 198, 95, 46, 183, 97, 157, 167, 154, 141, 112, 73, 139, 142, 186, 98, 130, 143, 128, 119, 137, 192, 165, 148, 163]项目工期为：280.0；项目成本为：193752.1
MID=1.0786592664225687
DM=104660.32295000808
SNS=0.20761775390618167
SM=0.7082607169384767
1.030628643232641E-5
60
共计用时：13秒
