染色体结构为:
[175, 28, 38, 12, 117, 111, 153, 21, 150, 25, 116, 54, 6, 165, 107, 170, 132, 45, 172, 149, 79, 34, 67, 167, 68, 118, 106, 100, 1, 14, 24, 39, 42, 135, 162, 70, 156, 27, 141, 47, 133, 197, 174, 164, 127, 104, 11, 61, 22, 50, 17, 15, 130, 72, 36, 161, 78, 101, 83, 30, 109, 105, 40, 86, 144, 8, 193, 158, 75, 7, 140, 32, 16, 102, 145, 63, 143, 184, 65, 56, 189, 74, 137, 123, 166, 182, 178, 4, 112, 95, 89, 69, 126, 113, 43, 120, 49, 180, 29, 90, 159, 110, 59, 134, 151, 179, 31, 96, 142, 48, 168, 195, 146, 73, 88, 18, 41, 124, 129, 23, 51, 115, 44, 173, 191, 122, 108, 91, 148, 152, 10, 155, 82, 5, 183, 200, 35, 163, 64, 20, 181, 125, 81, 3, 53, 13, 37, 121, 190, 33, 66, 186, 77, 160, 147, 84, 171, 128, 94, 98, 57, 19, 2, 9, 52, 58, 76, 87, 46, 185, 131, 198, 187, 80, 85, 60, 188, 26, 114, 97, 62, 169, 71, 55, 192, 99, 136, 199, 92, 139, 103, 194, 138, 119, 93, 157, 176, 177, 154, 196]项目工期为：561.0；项目成本为：156905.79999999996
染色体结构为:
[38, 28, 12, 54, 153, 175, 116, 117, 111, 107, 6, 150, 170, 165, 132, 172, 79, 45, 167, 149, 118, 34, 25, 68, 1, 100, 106, 14, 67, 39, 162, 42, 24, 27, 70, 156, 135, 141, 47, 133, 127, 197, 164, 174, 104, 11, 61, 17, 15, 22, 50, 130, 72, 83, 108, 168, 178, 122, 74, 4, 95, 125, 184, 112, 57, 88, 41, 124, 102, 146, 8, 129, 29, 23, 120, 51, 115, 49, 44, 137, 173, 110, 126, 191, 91, 151, 148, 65, 159, 152, 182, 123, 10, 21, 155, 56, 158, 5, 82, 134, 195, 140, 16, 200, 35, 183, 86, 163, 64, 32, 20, 189, 179, 101, 181, 143, 81, 40, 3, 7, 63, 78, 13, 53, 121, 37, 190, 66, 33, 48, 193, 186, 77, 84, 145, 147, 160, 171, 94, 90, 113, 98, 161, 128, 36, 30, 144, 105, 73, 109, 75, 19, 2, 69, 18, 166, 96, 9, 180, 58, 46, 52, 76, 87, 185, 131, 31, 187, 80, 198, 142, 43, 85, 60, 59, 188, 26, 114, 97, 89, 62, 71, 169, 192, 55, 99, 199, 136, 92, 139, 194, 103, 138, 157, 93, 177, 119, 196, 154, 176]项目工期为：543.0；项目成本为：169708.1
染色体结构为:
[41, 88, 12, 146, 67, 124, 175, 28, 111, 117, 153, 116, 38, 6, 107, 54, 170, 132, 118, 150, 165, 79, 45, 172, 167, 21, 34, 25, 149, 106, 68, 1, 14, 24, 162, 100, 39, 42, 27, 135, 156, 141, 70, 47, 133, 127, 174, 164, 197, 61, 104, 11, 15, 22, 50, 130, 72, 17, 36, 83, 161, 78, 101, 30, 109, 40, 86, 105, 144, 8, 193, 158, 140, 75, 7, 16, 32, 145, 143, 63, 102, 56, 184, 65, 74, 189, 137, 178, 123, 182, 166, 4, 112, 126, 95, 89, 69, 113, 49, 43, 120, 29, 180, 90, 110, 159, 134, 59, 151, 179, 31, 96, 142, 168, 48, 195, 73, 155, 18, 58, 80, 131, 108, 52, 13, 66, 10, 37, 198, 23, 169, 129, 35, 81, 122, 2, 44, 85, 33, 190, 147, 136, 191, 51, 5, 53, 99, 84, 26, 9, 19, 160, 91, 3, 183, 163, 125, 152, 82, 115, 173, 200, 98, 148, 188, 187, 77, 71, 192, 57, 64, 46, 20, 121, 138, 60, 157, 93, 62, 181, 186, 128, 87, 94, 171, 76, 97, 55, 154, 119, 194, 139, 185, 114, 177, 199, 103, 92, 176, 196]项目工期为：579.0；项目成本为：148305.5
染色体结构为:
[108, 4, 184, 168, 178, 74, 122, 118, 167, 25, 34, 68, 149, 79, 111, 100, 67, 106, 39, 162, 1, 14, 24, 42, 27, 156, 141, 38, 12, 153, 28, 175, 41, 54, 88, 146, 124, 117, 6, 107, 116, 170, 150, 132, 45, 165, 172, 21, 135, 70, 133, 174, 47, 197, 127, 164, 104, 61, 11, 15, 22, 50, 130, 36, 17, 83, 161, 72, 101, 78, 109, 30, 105, 40, 8, 86, 144, 193, 158, 75, 140, 16, 7, 32, 145, 143, 102, 63, 65, 56, 189, 137, 166, 182, 126, 123, 89, 95, 112, 49, 113, 69, 43, 120, 29, 180, 90, 110, 59, 159, 151, 96, 134, 142, 31, 179, 195, 48, 155, 73, 58, 80, 18, 52, 13, 66, 131, 10, 37, 169, 198, 23, 35, 129, 81, 2, 44, 85, 33, 160, 51, 19, 3, 9, 84, 125, 163, 91, 152, 82, 183, 173, 115, 200, 191, 77, 98, 148, 187, 64, 188, 53, 71, 192, 20, 26, 57, 121, 136, 46, 190, 5, 138, 60, 157, 62, 93, 99, 181, 94, 147, 87, 171, 92, 186, 139, 199, 114, 97, 103, 128, 177, 76, 194, 55, 119, 196, 154, 185, 176]项目工期为：590.0；项目成本为：144243.99999999997
染色体结构为:
[175, 28, 12, 38, 153, 21, 117, 54, 150, 111, 25, 6, 116, 107, 165, 170, 132, 172, 79, 45, 149, 118, 167, 34, 68, 1, 100, 106, 14, 67, 39, 162, 42, 24, 27, 70, 135, 156, 47, 141, 133, 197, 127, 164, 174, 104, 61, 11, 17, 15, 22, 50, 130, 72, 83, 108, 178, 168, 74, 4, 122, 95, 125, 112, 184, 57, 88, 41, 146, 124, 102, 129, 29, 8, 23, 120, 51, 44, 115, 137, 173, 49, 126, 110, 191, 91, 151, 148, 159, 65, 152, 182, 123, 158, 10, 155, 56, 5, 134, 82, 195, 140, 16, 200, 183, 35, 86, 163, 64, 32, 20, 189, 179, 181, 143, 101, 81, 40, 3, 63, 7, 78, 53, 13, 121, 37, 190, 66, 33, 48, 193, 186, 145, 77, 84, 147, 160, 171, 94, 90, 113, 98, 161, 128, 36, 30, 144, 105, 73, 109, 75, 19, 69, 2, 18, 166, 96, 9, 180, 58, 46, 52, 76, 87, 185, 131, 31, 187, 198, 142, 80, 43, 85, 59, 60, 188, 26, 114, 97, 89, 71, 62, 169, 192, 55, 199, 99, 136, 92, 139, 194, 103, 138, 157, 177, 93, 119, 196, 154, 176]项目工期为：531.0；项目成本为：173722.59999999998
染色体结构为:
[28, 175, 153, 38, 12, 54, 117, 6, 111, 107, 116, 150, 170, 165, 132, 118, 172, 45, 167, 79, 149, 25, 68, 34, 100, 1, 106, 14, 67, 24, 162, 39, 42, 156, 27, 70, 135, 141, 47, 133, 174, 127, 197, 61, 164, 11, 104, 50, 15, 22, 17, 130, 72, 36, 83, 105, 30, 101, 88, 146, 124, 41, 161, 78, 86, 40, 4, 184, 178, 74, 108, 168, 122, 109, 193, 8, 158, 144, 75, 140, 10, 19, 7, 145, 90, 160, 95, 51, 59, 37, 9, 2, 91, 32, 16, 143, 102, 56, 21, 65, 63, 137, 182, 166, 189, 126, 123, 112, 89, 69, 113, 43, 120, 29, 49, 159, 180, 110, 134, 96, 179, 142, 151, 31, 18, 195, 48, 73, 58, 155, 80, 169, 52, 198, 66, 13, 131, 129, 35, 23, 84, 3, 183, 125, 163, 152, 173, 33, 82, 115, 191, 44, 200, 148, 187, 53, 98, 77, 188, 64, 192, 26, 71, 85, 57, 136, 20, 121, 190, 46, 5, 60, 138, 81, 157, 181, 62, 93, 99, 171, 94, 147, 186, 92, 199, 87, 139, 114, 103, 97, 128, 76, 177, 119, 194, 154, 55, 196, 176, 185]项目工期为：582.0；项目成本为：146712.90000000002
染色体结构为:
[41, 88, 146, 67, 12, 124, 175, 153, 28, 111, 116, 38, 117, 54, 107, 6, 150, 170, 132, 45, 165, 172, 118, 79, 167, 21, 106, 34, 25, 149, 68, 14, 39, 1, 24, 162, 42, 100, 27, 135, 156, 70, 141, 47, 197, 133, 104, 174, 127, 61, 164, 11, 15, 50, 22, 17, 130, 72, 36, 83, 161, 101, 78, 109, 30, 40, 86, 105, 144, 8, 140, 193, 158, 75, 7, 32, 145, 16, 143, 63, 184, 102, 56, 65, 189, 137, 74, 178, 123, 182, 166, 112, 4, 89, 95, 126, 69, 113, 120, 49, 43, 29, 90, 180, 159, 110, 134, 151, 59, 179, 96, 142, 168, 31, 48, 195, 73, 18, 155, 58, 80, 131, 52, 108, 13, 66, 10, 37, 198, 169, 129, 23, 122, 35, 81, 2, 85, 44, 190, 33, 147, 136, 191, 5, 51, 53, 99, 84, 26, 19, 9, 91, 160, 3, 163, 183, 152, 125, 115, 82, 173, 98, 148, 200, 188, 77, 64, 187, 192, 71, 57, 46, 121, 60, 20, 93, 157, 138, 62, 181, 94, 186, 128, 87, 97, 55, 171, 76, 119, 194, 154, 139, 114, 185, 177, 199, 103, 92, 196, 176]项目工期为：550.0；项目成本为：163083.80000000005
染色体结构为:
[28, 38, 12, 153, 54, 116, 175, 107, 6, 117, 111, 150, 170, 132, 165, 172, 79, 45, 118, 149, 34, 25, 167, 68, 1, 100, 14, 106, 39, 67, 162, 24, 42, 70, 27, 156, 135, 141, 47, 133, 127, 164, 174, 104, 197, 11, 61, 17, 22, 15, 50, 130, 83, 178, 72, 108, 168, 122, 74, 95, 125, 4, 112, 184, 57, 88, 146, 41, 124, 102, 129, 8, 29, 23, 51, 120, 115, 49, 44, 173, 137, 110, 126, 191, 151, 91, 159, 148, 152, 65, 182, 123, 10, 158, 21, 155, 5, 56, 82, 134, 195, 16, 140, 200, 183, 35, 86, 163, 32, 64, 20, 179, 189, 181, 101, 143, 3, 81, 7, 40, 78, 63, 13, 53, 37, 121, 66, 190, 33, 48, 186, 193, 77, 84, 145, 147, 160, 90, 171, 94, 113, 98, 128, 161, 30, 36, 144, 109, 105, 73, 75, 19, 2, 69, 18, 96, 166, 180, 58, 9, 46, 52, 87, 76, 185, 31, 131, 187, 80, 142, 43, 198, 85, 59, 60, 188, 26, 114, 97, 89, 71, 62, 169, 99, 55, 192, 199, 136, 92, 139, 194, 93, 176, 103, 157, 138, 196, 177, 154, 119]项目工期为：537.0；项目成本为：171250.2
染色体结构为:
[28, 38, 175, 12, 153, 21, 117, 150, 25, 111, 54, 116, 6, 107, 170, 165, 79, 45, 132, 172, 149, 34, 167, 106, 67, 118, 1, 68, 100, 39, 14, 24, 42, 162, 135, 27, 70, 156, 141, 133, 47, 197, 174, 164, 104, 127, 11, 22, 61, 15, 50, 130, 17, 72, 36, 101, 161, 83, 30, 78, 40, 109, 105, 86, 144, 8, 193, 158, 7, 32, 140, 75, 16, 143, 102, 145, 63, 56, 184, 65, 189, 74, 166, 123, 137, 182, 4, 178, 112, 95, 89, 126, 69, 113, 120, 43, 49, 29, 180, 90, 159, 110, 134, 59, 151, 179, 96, 31, 168, 48, 142, 73, 195, 88, 146, 18, 41, 124, 23, 129, 44, 173, 115, 191, 51, 108, 91, 122, 148, 10, 152, 155, 82, 5, 35, 200, 183, 64, 125, 163, 181, 20, 3, 81, 53, 37, 13, 190, 121, 33, 66, 186, 77, 84, 160, 147, 171, 94, 98, 128, 57, 19, 2, 9, 58, 76, 52, 87, 46, 185, 131, 198, 187, 80, 85, 114, 188, 26, 60, 97, 62, 71, 169, 55, 192, 99, 92, 199, 136, 139, 194, 93, 103, 138, 157, 119, 176, 154, 177, 196]项目工期为：559.0；项目成本为：158533.6
染色体结构为:
[4, 108, 168, 184, 178, 74, 122, 167, 118, 25, 68, 149, 34, 79, 111, 67, 100, 106, 1, 39, 24, 162, 14, 27, 141, 42, 156, 38, 12, 153, 28, 175, 54, 6, 117, 150, 116, 107, 170, 165, 172, 45, 70, 47, 61, 135, 127, 133, 197, 174, 104, 164, 72, 15, 17, 11, 130, 50, 22, 30, 101, 36, 83, 78, 40, 161, 144, 105, 109, 86, 8, 41, 19, 146, 193, 160, 10, 88, 132, 124, 75, 158, 7, 140, 145, 32, 102, 16, 143, 65, 56, 63, 189, 166, 137, 112, 123, 182, 21, 89, 95, 126, 113, 69, 120, 49, 29, 43, 90, 159, 110, 134, 180, 179, 151, 96, 59, 31, 37, 2, 9, 51, 3, 84, 91, 125, 152, 163, 33, 183, 82, 52, 129, 115, 23, 44, 191, 173, 48, 98, 77, 200, 148, 187, 13, 53, 35, 64, 26, 188, 71, 192, 80, 57, 20, 136, 85, 46, 66, 121, 5, 190, 81, 73, 131, 155, 138, 60, 157, 142, 62, 195, 93, 18, 58, 99, 94, 181, 147, 171, 128, 186, 87, 97, 55, 169, 198, 194, 76, 119, 154, 185, 139, 103, 114, 176, 177, 92, 196, 199]项目工期为：592.0；项目成本为：143644.59999999998
染色体结构为:
[146, 88, 67, 41, 175, 124, 12, 28, 153, 117, 38, 116, 54, 111, 107, 6, 150, 120, 8, 23, 118, 122, 155, 65, 158, 108, 167, 168, 178, 79, 25, 34, 184, 149, 4, 68, 74, 100, 14, 106, 1, 162, 24, 42, 156, 27, 39, 141, 70, 135, 133, 47, 165, 127, 61, 197, 104, 164, 174, 45, 15, 22, 11, 50, 72, 17, 130, 101, 36, 30, 78, 109, 144, 161, 83, 40, 105, 19, 86, 193, 160, 145, 10, 90, 95, 2, 37, 59, 9, 3, 84, 75, 166, 43, 51, 89, 163, 125, 91, 82, 132, 183, 152, 33, 52, 102, 7, 29, 129, 143, 172, 170, 21, 16, 140, 32, 56, 63, 137, 189, 123, 126, 182, 69, 112, 113, 49, 180, 159, 110, 134, 179, 151, 31, 96, 48, 142, 73, 195, 58, 18, 80, 13, 131, 66, 198, 35, 81, 85, 169, 44, 173, 191, 115, 77, 148, 200, 188, 98, 187, 71, 53, 64, 192, 26, 46, 57, 136, 20, 190, 60, 5, 121, 138, 62, 157, 181, 93, 99, 147, 171, 94, 186, 128, 76, 87, 119, 97, 55, 154, 194, 114, 92, 139, 185, 103, 177, 196, 199, 176]项目工期为：627.0；项目成本为：129755.30000000003
染色体结构为:
[88, 146, 67, 124, 175, 41, 28, 12, 153, 38, 108, 178, 4, 184, 168, 122, 74, 167, 25, 118, 68, 34, 79, 106, 149, 111, 39, 100, 1, 162, 14, 42, 24, 27, 156, 141, 117, 6, 54, 116, 150, 170, 132, 107, 45, 165, 21, 135, 172, 70, 174, 197, 133, 47, 164, 127, 104, 61, 11, 22, 15, 130, 17, 50, 36, 72, 83, 101, 161, 109, 78, 30, 86, 144, 40, 105, 193, 8, 75, 140, 158, 7, 143, 16, 145, 102, 56, 32, 63, 65, 189, 137, 166, 182, 89, 123, 126, 113, 112, 95, 69, 120, 49, 43, 29, 180, 159, 90, 151, 110, 59, 134, 179, 31, 96, 142, 48, 195, 73, 155, 18, 80, 58, 131, 52, 13, 66, 10, 37, 35, 169, 198, 129, 81, 85, 2, 23, 33, 19, 160, 44, 51, 3, 9, 84, 125, 163, 91, 183, 152, 82, 115, 191, 77, 148, 173, 200, 53, 64, 188, 98, 71, 187, 26, 192, 136, 57, 20, 190, 46, 60, 121, 5, 138, 93, 62, 157, 99, 181, 94, 147, 186, 128, 171, 76, 119, 87, 154, 97, 114, 55, 139, 92, 194, 185, 177, 103, 199, 196, 176]项目工期为：621.0；项目成本为：131744.30000000002
染色体结构为:
[8, 116, 120, 23, 118, 168, 65, 155, 122, 108, 158, 107, 25, 79, 178, 167, 34, 149, 184, 74, 67, 106, 68, 4, 1, 100, 14, 162, 111, 27, 24, 156, 39, 141, 135, 42, 70, 47, 61, 165, 127, 133, 104, 174, 197, 164, 15, 45, 28, 11, 50, 22, 72, 130, 101, 36, 17, 30, 161, 83, 109, 40, 153, 105, 78, 19, 144, 160, 41, 86, 193, 146, 145, 10, 90, 95, 2, 37, 59, 75, 9, 166, 3, 84, 51, 43, 91, 163, 132, 125, 89, 152, 183, 82, 52, 88, 124, 33, 102, 129, 7, 29, 170, 143, 16, 140, 56, 63, 32, 137, 123, 189, 173, 182, 115, 126, 112, 110, 44, 54, 191, 175, 38, 49, 12, 172, 200, 6, 98, 117, 150, 48, 77, 148, 13, 35, 187, 188, 26, 53, 64, 134, 192, 80, 57, 71, 31, 21, 85, 136, 20, 151, 159, 121, 46, 66, 190, 5, 73, 69, 131, 81, 60, 157, 138, 62, 93, 179, 142, 180, 195, 113, 18, 96, 181, 58, 99, 147, 94, 186, 171, 76, 87, 97, 55, 169, 128, 194, 154, 114, 198, 119, 92, 185, 139, 177, 103, 199, 196, 176]项目工期为：808.0；项目成本为：106495.60000000003
染色体结构为:
[146, 67, 88, 124, 41, 175, 12, 28, 153, 38, 108, 184, 4, 178, 168, 74, 122, 118, 167, 25, 34, 149, 79, 68, 106, 100, 111, 162, 39, 1, 24, 14, 27, 141, 42, 156, 6, 117, 116, 54, 107, 150, 170, 132, 21, 45, 172, 70, 165, 135, 133, 47, 174, 197, 127, 104, 164, 61, 11, 22, 15, 50, 130, 17, 83, 72, 36, 101, 78, 161, 40, 109, 30, 86, 144, 8, 105, 193, 75, 158, 7, 140, 16, 145, 143, 102, 63, 32, 56, 137, 65, 166, 189, 182, 89, 123, 126, 95, 112, 69, 113, 120, 29, 43, 180, 159, 49, 90, 151, 110, 59, 134, 179, 96, 31, 48, 195, 142, 155, 73, 58, 18, 131, 80, 13, 52, 169, 37, 66, 10, 198, 35, 129, 81, 23, 2, 44, 85, 33, 160, 51, 3, 19, 9, 84, 91, 152, 163, 125, 183, 82, 115, 191, 173, 77, 148, 200, 98, 53, 188, 71, 187, 64, 26, 192, 57, 20, 46, 190, 136, 60, 121, 5, 157, 62, 138, 93, 181, 99, 94, 186, 147, 171, 128, 87, 76, 55, 97, 119, 154, 114, 194, 185, 139, 177, 199, 103, 92, 196, 176]项目工期为：620.0；项目成本为：132224.7
染色体结构为:
[4, 108, 168, 178, 184, 122, 74, 118, 167, 25, 34, 68, 149, 79, 67, 111, 106, 100, 39, 162, 1, 24, 14, 27, 42, 156, 141, 38, 12, 28, 153, 175, 41, 54, 146, 88, 124, 6, 107, 117, 116, 150, 170, 45, 132, 165, 172, 21, 135, 70, 133, 174, 47, 127, 197, 104, 164, 11, 61, 15, 50, 22, 130, 17, 36, 161, 83, 72, 101, 109, 78, 30, 8, 40, 144, 105, 193, 75, 86, 158, 7, 16, 32, 140, 145, 56, 102, 143, 63, 65, 189, 137, 182, 166, 95, 126, 89, 123, 112, 49, 113, 43, 69, 180, 120, 29, 59, 110, 90, 159, 151, 134, 96, 142, 31, 195, 179, 48, 73, 155, 58, 80, 18, 52, 66, 13, 10, 131, 37, 169, 198, 23, 35, 129, 81, 2, 85, 44, 51, 33, 19, 160, 9, 125, 3, 84, 82, 163, 91, 152, 200, 183, 173, 115, 191, 77, 148, 187, 98, 64, 71, 53, 192, 20, 26, 188, 57, 136, 121, 46, 5, 190, 157, 138, 60, 93, 99, 62, 94, 181, 147, 171, 87, 92, 186, 199, 139, 114, 103, 97, 128, 76, 194, 177, 119, 55, 196, 154, 185, 176]项目工期为：563.0；项目成本为：156346.80000000005
染色体结构为:
[88, 146, 67, 124, 175, 41, 12, 28, 153, 38, 108, 178, 4, 184, 168, 122, 74, 167, 25, 118, 68, 34, 79, 149, 106, 111, 39, 100, 162, 14, 1, 42, 24, 27, 156, 117, 141, 6, 54, 116, 150, 170, 132, 107, 45, 165, 21, 135, 172, 70, 197, 174, 133, 47, 164, 127, 104, 11, 61, 22, 15, 130, 17, 50, 36, 72, 83, 101, 161, 109, 78, 30, 86, 144, 40, 105, 8, 193, 75, 140, 158, 7, 143, 16, 145, 102, 56, 32, 63, 65, 189, 137, 166, 182, 89, 123, 126, 113, 95, 112, 69, 120, 49, 43, 29, 180, 159, 90, 151, 59, 110, 134, 179, 31, 96, 142, 195, 48, 73, 155, 18, 80, 58, 131, 52, 13, 66, 10, 37, 35, 169, 198, 129, 81, 85, 23, 2, 33, 19, 160, 51, 44, 3, 9, 84, 125, 163, 91, 183, 152, 82, 115, 191, 77, 148, 173, 200, 64, 53, 188, 98, 71, 187, 192, 136, 26, 57, 20, 190, 60, 46, 121, 5, 138, 93, 62, 99, 157, 181, 94, 147, 186, 128, 171, 76, 119, 154, 87, 97, 114, 55, 139, 92, 194, 185, 177, 103, 199, 196, 176]项目工期为：595.0；项目成本为：140305.69999999992
染色体结构为:
[67, 146, 88, 41, 124, 12, 175, 28, 153, 108, 38, 184, 4, 178, 168, 74, 122, 118, 167, 25, 34, 79, 149, 68, 100, 106, 111, 39, 162, 14, 1, 24, 27, 141, 42, 156, 6, 117, 54, 107, 116, 150, 170, 132, 45, 21, 172, 70, 165, 135, 174, 133, 47, 197, 164, 127, 104, 61, 11, 15, 22, 50, 130, 17, 36, 83, 72, 101, 161, 78, 40, 109, 30, 86, 144, 105, 8, 193, 75, 158, 7, 140, 16, 145, 102, 143, 63, 32, 56, 137, 65, 166, 189, 182, 123, 89, 126, 95, 112, 69, 113, 120, 29, 43, 49, 180, 90, 159, 110, 151, 59, 134, 179, 31, 96, 48, 142, 195, 155, 73, 58, 18, 80, 131, 52, 13, 37, 169, 10, 66, 35, 198, 129, 23, 81, 2, 85, 33, 44, 160, 51, 19, 3, 9, 84, 91, 152, 163, 125, 183, 82, 115, 191, 173, 77, 148, 200, 53, 98, 188, 187, 71, 64, 192, 26, 57, 20, 46, 190, 136, 60, 121, 157, 5, 62, 138, 181, 93, 99, 94, 186, 147, 171, 128, 87, 76, 55, 119, 97, 154, 114, 194, 139, 177, 185, 199, 92, 103, 196, 176]项目工期为：623.0；项目成本为：130166.20000000003
染色体结构为:
[116, 8, 23, 120, 118, 155, 65, 122, 168, 108, 158, 107, 25, 167, 79, 178, 34, 184, 149, 4, 67, 74, 68, 106, 100, 1, 14, 162, 111, 24, 27, 156, 39, 141, 42, 135, 70, 47, 61, 133, 127, 165, 164, 174, 28, 197, 104, 15, 45, 11, 22, 50, 72, 130, 17, 101, 36, 30, 161, 109, 83, 153, 105, 78, 40, 19, 144, 86, 160, 193, 146, 41, 145, 95, 90, 10, 2, 37, 75, 9, 59, 51, 84, 43, 166, 91, 3, 183, 125, 132, 163, 152, 89, 82, 88, 33, 124, 102, 29, 52, 170, 129, 143, 16, 7, 32, 140, 182, 63, 56, 189, 126, 123, 137, 173, 112, 115, 49, 191, 110, 175, 44, 38, 54, 12, 6, 150, 117, 172, 200, 148, 98, 53, 77, 35, 48, 13, 26, 64, 188, 134, 187, 71, 192, 80, 31, 57, 85, 136, 20, 21, 46, 69, 113, 180, 159, 179, 151, 96, 142, 73, 18, 195, 58, 131, 66, 169, 198, 81, 190, 60, 5, 121, 138, 62, 157, 181, 93, 99, 147, 94, 171, 186, 128, 76, 87, 97, 119, 55, 154, 194, 114, 92, 139, 185, 177, 199, 103, 196, 176]项目工期为：705.0；项目成本为：112452.5
染色体结构为:
[116, 8, 118, 120, 23, 155, 65, 122, 108, 168, 158, 107, 25, 79, 167, 34, 178, 149, 184, 74, 67, 106, 68, 1, 4, 100, 162, 14, 111, 27, 24, 156, 141, 135, 39, 70, 42, 61, 165, 47, 133, 127, 104, 174, 164, 197, 28, 15, 11, 45, 22, 50, 72, 130, 36, 101, 17, 30, 161, 83, 109, 153, 40, 78, 105, 19, 144, 160, 41, 86, 193, 145, 146, 10, 90, 95, 2, 59, 37, 75, 9, 3, 166, 84, 51, 43, 91, 163, 132, 125, 152, 89, 82, 183, 88, 52, 33, 7, 102, 124, 29, 129, 170, 143, 16, 140, 56, 32, 63, 123, 137, 189, 173, 115, 182, 112, 126, 110, 191, 54, 44, 49, 38, 175, 12, 172, 200, 117, 98, 150, 6, 48, 77, 148, 13, 35, 187, 26, 64, 188, 53, 134, 192, 57, 71, 80, 31, 21, 85, 159, 136, 20, 121, 46, 151, 190, 5, 66, 73, 69, 131, 81, 60, 157, 138, 142, 93, 62, 179, 195, 180, 113, 18, 96, 58, 181, 99, 147, 186, 171, 94, 87, 97, 76, 169, 55, 128, 194, 154, 198, 119, 114, 139, 92, 185, 177, 103, 196, 199, 176]项目工期为：765.0；项目成本为：108441.30000000003
染色体结构为:
[108, 4, 184, 168, 74, 178, 122, 118, 25, 167, 34, 68, 149, 79, 111, 100, 67, 106, 39, 162, 1, 24, 14, 42, 27, 156, 141, 38, 12, 153, 28, 175, 41, 54, 146, 88, 124, 117, 107, 6, 170, 150, 116, 132, 45, 165, 172, 135, 21, 70, 133, 174, 47, 197, 127, 164, 104, 11, 61, 15, 22, 50, 130, 36, 17, 83, 161, 72, 101, 78, 30, 109, 105, 40, 8, 86, 193, 144, 158, 75, 140, 16, 7, 32, 145, 143, 102, 63, 65, 56, 189, 137, 166, 182, 126, 89, 123, 95, 112, 49, 113, 69, 43, 120, 180, 29, 90, 110, 59, 151, 159, 96, 134, 31, 142, 179, 195, 48, 155, 73, 58, 18, 80, 52, 13, 66, 131, 37, 10, 198, 169, 23, 35, 2, 129, 81, 44, 85, 33, 160, 51, 19, 3, 9, 84, 125, 163, 152, 91, 82, 183, 200, 173, 115, 191, 77, 98, 148, 187, 64, 188, 53, 71, 192, 20, 26, 57, 121, 46, 136, 190, 5, 138, 60, 157, 62, 93, 99, 94, 181, 147, 171, 87, 92, 186, 139, 199, 114, 97, 103, 128, 177, 76, 194, 55, 119, 196, 154, 185, 176]项目工期为：585.0；项目成本为：145044.79999999996
染色体结构为:
[116, 120, 118, 23, 8, 168, 65, 108, 122, 155, 25, 158, 178, 167, 107, 79, 149, 34, 74, 184, 67, 4, 68, 106, 100, 14, 1, 111, 27, 24, 162, 156, 141, 135, 70, 61, 39, 42, 165, 133, 47, 127, 174, 104, 164, 15, 45, 28, 197, 11, 72, 50, 22, 101, 36, 130, 17, 83, 161, 153, 30, 109, 40, 105, 78, 86, 19, 144, 160, 41, 193, 145, 10, 90, 146, 95, 2, 37, 59, 3, 84, 9, 75, 166, 43, 51, 91, 89, 163, 125, 132, 82, 183, 152, 33, 52, 88, 102, 7, 124, 29, 170, 129, 56, 143, 32, 140, 16, 63, 137, 182, 189, 123, 173, 126, 115, 44, 110, 112, 54, 38, 191, 49, 175, 12, 172, 117, 98, 200, 6, 48, 150, 187, 77, 35, 148, 188, 13, 26, 64, 134, 53, 192, 57, 80, 71, 21, 31, 159, 85, 136, 151, 46, 20, 5, 121, 73, 190, 66, 81, 131, 69, 60, 138, 62, 157, 142, 179, 93, 195, 180, 18, 113, 96, 58, 169, 94, 198, 181, 99, 147, 128, 171, 186, 76, 87, 97, 119, 114, 55, 154, 194, 92, 185, 103, 139, 177, 176, 196, 199]项目工期为：896.0；项目成本为：102932.30000000002
染色体结构为:
[28, 38, 12, 153, 54, 116, 175, 107, 117, 6, 111, 150, 170, 132, 165, 172, 79, 118, 45, 149, 34, 25, 167, 68, 1, 100, 14, 106, 67, 39, 24, 42, 162, 27, 156, 135, 70, 141, 47, 127, 164, 133, 174, 197, 104, 11, 17, 61, 22, 15, 50, 130, 83, 72, 178, 168, 122, 108, 74, 4, 95, 125, 184, 57, 112, 88, 146, 41, 124, 102, 8, 129, 29, 51, 23, 120, 115, 49, 44, 173, 110, 137, 126, 191, 151, 91, 159, 148, 152, 182, 123, 65, 10, 21, 158, 155, 5, 56, 82, 134, 16, 140, 195, 200, 183, 86, 35, 32, 163, 64, 20, 179, 189, 181, 143, 101, 3, 81, 40, 7, 78, 63, 13, 53, 37, 121, 66, 190, 33, 48, 193, 186, 77, 84, 145, 147, 160, 90, 171, 94, 98, 128, 113, 36, 30, 144, 161, 109, 105, 73, 75, 19, 18, 2, 69, 96, 166, 180, 9, 46, 58, 76, 52, 87, 185, 131, 31, 187, 80, 142, 198, 43, 85, 59, 60, 188, 26, 114, 97, 89, 71, 62, 169, 55, 99, 192, 199, 136, 139, 92, 194, 93, 103, 176, 157, 177, 138, 196, 154, 119]项目工期为：536.0；项目成本为：171813.8
染色体结构为:
[116, 120, 8, 118, 168, 23, 65, 108, 122, 158, 155, 167, 25, 107, 178, 79, 149, 34, 74, 184, 67, 68, 4, 106, 100, 14, 1, 111, 27, 162, 24, 156, 141, 135, 39, 70, 61, 47, 165, 42, 133, 127, 174, 104, 164, 15, 45, 197, 72, 11, 28, 50, 22, 101, 36, 130, 17, 161, 83, 30, 109, 153, 105, 78, 40, 19, 144, 86, 41, 193, 160, 145, 90, 10, 146, 95, 2, 37, 59, 9, 3, 75, 84, 166, 43, 91, 51, 89, 163, 125, 132, 183, 82, 152, 33, 52, 88, 102, 7, 124, 170, 29, 129, 143, 56, 32, 140, 16, 63, 137, 182, 189, 123, 173, 126, 44, 115, 110, 112, 38, 54, 191, 49, 175, 12, 172, 117, 200, 98, 48, 6, 150, 77, 148, 187, 35, 188, 13, 26, 64, 134, 53, 192, 57, 71, 80, 31, 21, 85, 159, 136, 46, 151, 121, 20, 5, 190, 73, 81, 66, 69, 131, 60, 62, 138, 157, 142, 93, 179, 195, 180, 113, 18, 96, 169, 58, 181, 198, 94, 99, 147, 171, 128, 76, 186, 87, 119, 97, 154, 114, 55, 194, 92, 139, 185, 103, 177, 199, 176, 196]项目工期为：933.0；项目成本为：102904.80000000002
染色体结构为:
[88, 38, 28, 12, 153, 54, 116, 175, 107, 117, 6, 111, 150, 170, 165, 132, 172, 79, 45, 118, 34, 149, 25, 167, 68, 100, 1, 14, 106, 39, 67, 162, 24, 42, 70, 27, 156, 135, 47, 133, 141, 127, 164, 174, 104, 197, 61, 11, 17, 22, 15, 50, 130, 83, 178, 72, 108, 168, 122, 74, 95, 4, 125, 112, 184, 57, 41, 146, 124, 102, 129, 29, 23, 8, 120, 51, 49, 115, 44, 173, 137, 110, 126, 191, 151, 91, 159, 148, 152, 65, 182, 123, 10, 158, 155, 21, 5, 56, 82, 134, 195, 140, 16, 200, 183, 35, 86, 163, 32, 64, 20, 179, 189, 101, 181, 143, 81, 3, 7, 40, 63, 13, 78, 53, 121, 37, 66, 190, 33, 186, 48, 193, 77, 84, 145, 147, 160, 90, 171, 113, 94, 128, 98, 161, 30, 144, 36, 109, 105, 73, 75, 19, 2, 69, 18, 96, 166, 180, 58, 9, 46, 52, 87, 76, 185, 31, 131, 187, 80, 142, 43, 198, 85, 59, 60, 188, 26, 114, 97, 89, 71, 62, 169, 55, 99, 192, 199, 136, 92, 139, 194, 93, 176, 103, 157, 138, 196, 177, 154, 119]项目工期为：541.0；项目成本为：170392.80000000005
染色体结构为:
[4, 184, 108, 168, 74, 178, 122, 25, 167, 118, 68, 149, 79, 34, 111, 67, 100, 106, 1, 39, 162, 24, 14, 27, 141, 42, 156, 38, 12, 28, 175, 153, 54, 6, 117, 116, 150, 170, 107, 172, 45, 165, 70, 47, 61, 133, 135, 127, 174, 197, 104, 164, 21, 88, 132, 41, 146, 124, 50, 22, 15, 17, 36, 72, 11, 30, 130, 161, 83, 101, 78, 105, 40, 144, 109, 193, 86, 75, 8, 7, 158, 145, 140, 32, 16, 143, 63, 102, 65, 56, 189, 137, 123, 166, 112, 95, 126, 182, 89, 69, 43, 180, 113, 49, 90, 120, 29, 134, 110, 59, 159, 96, 179, 151, 142, 48, 31, 195, 73, 18, 58, 155, 52, 80, 13, 131, 66, 10, 198, 37, 169, 35, 129, 2, 23, 81, 44, 85, 33, 190, 147, 51, 136, 191, 5, 53, 26, 181, 84, 99, 199, 183, 92, 115, 186, 152, 173, 91, 139, 60, 148, 171, 192, 160, 114, 62, 82, 163, 57, 19, 200, 64, 71, 20, 77, 125, 94, 187, 3, 128, 98, 87, 93, 188, 97, 103, 46, 76, 177, 9, 194, 119, 121, 138, 196, 154, 157, 176, 185, 55]项目工期为：567.0；项目成本为：152429.59999999998
染色体结构为:
[67, 146, 88, 124, 175, 41, 12, 28, 153, 108, 38, 184, 4, 168, 178, 122, 74, 167, 118, 25, 34, 149, 79, 106, 68, 111, 100, 39, 162, 1, 14, 24, 42, 27, 141, 6, 116, 156, 54, 107, 117, 150, 170, 132, 165, 45, 21, 172, 135, 70, 133, 174, 47, 197, 127, 164, 61, 104, 22, 11, 15, 130, 50, 17, 83, 36, 72, 101, 78, 30, 161, 109, 40, 86, 144, 105, 193, 75, 8, 140, 7, 158, 16, 143, 145, 63, 32, 102, 56, 65, 189, 137, 166, 123, 182, 95, 126, 89, 112, 113, 69, 120, 49, 43, 29, 90, 180, 159, 151, 110, 134, 59, 179, 96, 31, 142, 48, 195, 73, 18, 155, 80, 58, 131, 52, 37, 10, 13, 66, 169, 198, 129, 35, 81, 23, 44, 2, 85, 33, 19, 51, 160, 9, 84, 3, 163, 152, 91, 125, 183, 82, 173, 115, 191, 77, 200, 148, 98, 53, 187, 188, 71, 64, 26, 192, 136, 57, 20, 46, 121, 190, 60, 157, 5, 138, 181, 62, 99, 93, 94, 171, 147, 128, 186, 55, 76, 87, 119, 97, 114, 154, 194, 139, 177, 92, 185, 199, 103, 196, 176]项目工期为：593.0；项目成本为：141081.59999999998
染色体结构为:
[88, 146, 67, 124, 175, 41, 28, 12, 153, 38, 108, 178, 4, 184, 168, 74, 167, 122, 25, 118, 68, 79, 34, 106, 149, 111, 39, 100, 1, 162, 14, 42, 24, 27, 156, 141, 117, 54, 6, 116, 150, 170, 132, 107, 45, 165, 21, 135, 172, 70, 174, 197, 47, 133, 164, 127, 104, 61, 11, 22, 15, 130, 17, 50, 36, 72, 83, 101, 161, 109, 78, 30, 86, 144, 105, 40, 8, 193, 75, 158, 140, 7, 143, 16, 145, 102, 56, 32, 63, 65, 189, 137, 166, 182, 89, 123, 126, 113, 95, 112, 69, 120, 49, 29, 43, 180, 90, 151, 110, 159, 59, 134, 179, 31, 96, 142, 48, 195, 73, 155, 18, 80, 58, 52, 131, 13, 66, 37, 10, 35, 169, 198, 129, 85, 81, 2, 23, 33, 19, 160, 44, 3, 51, 9, 84, 125, 163, 91, 183, 152, 82, 115, 191, 77, 173, 148, 200, 53, 64, 188, 98, 71, 187, 26, 192, 136, 20, 57, 190, 46, 60, 121, 5, 138, 62, 93, 157, 99, 94, 181, 147, 186, 128, 171, 76, 87, 119, 154, 97, 114, 55, 139, 92, 194, 185, 177, 103, 199, 196, 176]项目工期为：617.0；项目成本为：132483.9
染色体结构为:
[38, 28, 175, 12, 153, 21, 117, 150, 25, 111, 6, 116, 54, 107, 170, 165, 79, 132, 45, 172, 34, 167, 149, 67, 118, 106, 68, 1, 100, 14, 39, 24, 42, 162, 27, 135, 70, 141, 133, 156, 47, 197, 41, 174, 164, 88, 146, 124, 61, 104, 127, 22, 15, 11, 130, 50, 17, 72, 36, 161, 83, 101, 78, 30, 109, 40, 86, 105, 144, 193, 158, 8, 140, 75, 7, 16, 145, 32, 56, 102, 143, 63, 108, 4, 184, 168, 178, 74, 122, 65, 189, 137, 182, 166, 126, 123, 95, 89, 112, 113, 49, 69, 43, 120, 29, 180, 90, 110, 59, 159, 151, 96, 134, 31, 142, 179, 195, 48, 73, 155, 58, 80, 18, 52, 66, 13, 131, 10, 169, 37, 198, 35, 23, 129, 81, 2, 85, 44, 51, 33, 19, 160, 3, 9, 84, 125, 163, 91, 152, 183, 82, 173, 200, 115, 77, 191, 148, 98, 187, 64, 188, 71, 53, 192, 20, 26, 57, 121, 46, 136, 5, 138, 60, 190, 62, 157, 93, 99, 181, 94, 171, 147, 87, 92, 186, 199, 139, 114, 97, 103, 128, 177, 76, 194, 55, 196, 119, 154, 176, 185]项目工期为：574.0；项目成本为：149160.2
染色体结构为:
[28, 38, 175, 153, 12, 21, 117, 150, 25, 111, 54, 116, 6, 107, 170, 165, 79, 45, 132, 172, 149, 167, 34, 106, 67, 1, 118, 100, 68, 39, 14, 24, 42, 162, 135, 27, 70, 156, 133, 141, 197, 47, 174, 164, 104, 127, 11, 22, 50, 61, 15, 130, 17, 72, 36, 101, 161, 30, 83, 78, 40, 109, 105, 144, 86, 8, 193, 158, 7, 140, 32, 16, 75, 143, 102, 145, 63, 56, 184, 65, 189, 166, 74, 137, 123, 4, 178, 182, 112, 95, 89, 126, 69, 113, 43, 120, 49, 29, 180, 90, 159, 134, 110, 59, 151, 179, 96, 31, 168, 48, 142, 195, 73, 88, 146, 41, 18, 124, 129, 23, 44, 115, 173, 191, 51, 108, 91, 122, 148, 10, 152, 155, 82, 35, 5, 200, 183, 64, 125, 163, 181, 20, 3, 81, 53, 37, 190, 13, 121, 33, 186, 77, 66, 84, 147, 160, 171, 98, 94, 57, 19, 128, 2, 9, 58, 76, 52, 87, 46, 185, 131, 187, 198, 80, 85, 114, 188, 26, 60, 97, 62, 71, 169, 55, 99, 192, 92, 199, 136, 139, 194, 93, 103, 119, 138, 176, 157, 154, 196, 177]项目工期为：564.0；项目成本为：156233.4
染色体结构为:
[38, 175, 28, 12, 117, 153, 21, 150, 111, 25, 6, 116, 54, 107, 165, 170, 45, 79, 132, 172, 34, 167, 149, 67, 106, 118, 1, 68, 39, 100, 14, 24, 42, 162, 135, 27, 70, 156, 141, 133, 47, 197, 174, 164, 41, 88, 146, 124, 104, 61, 127, 15, 22, 50, 11, 130, 17, 72, 36, 161, 101, 83, 78, 30, 109, 40, 105, 144, 86, 8, 158, 193, 140, 75, 16, 145, 7, 32, 56, 102, 143, 63, 189, 184, 65, 137, 74, 178, 123, 182, 4, 166, 126, 112, 89, 95, 69, 49, 43, 113, 90, 120, 29, 180, 159, 134, 110, 151, 59, 31, 179, 96, 142, 168, 48, 195, 73, 155, 18, 108, 131, 58, 52, 66, 80, 13, 37, 129, 10, 198, 169, 35, 81, 23, 44, 122, 2, 190, 85, 33, 136, 147, 191, 51, 5, 53, 99, 26, 84, 19, 9, 160, 3, 91, 125, 183, 163, 152, 82, 115, 98, 200, 148, 173, 77, 188, 187, 57, 71, 64, 192, 46, 20, 121, 60, 138, 157, 181, 93, 94, 128, 62, 87, 171, 97, 55, 186, 76, 119, 194, 154, 139, 114, 177, 199, 185, 176, 92, 103, 196]项目工期为：566.0；项目成本为：154555.00000000003
染色体结构为:
[175, 28, 12, 38, 21, 153, 54, 117, 150, 111, 25, 116, 6, 107, 165, 170, 132, 172, 79, 45, 149, 167, 118, 34, 1, 100, 68, 106, 14, 39, 67, 162, 42, 24, 27, 70, 135, 156, 47, 141, 133, 197, 127, 164, 174, 104, 61, 11, 17, 15, 50, 72, 22, 130, 108, 83, 178, 74, 168, 4, 122, 95, 125, 112, 184, 57, 88, 146, 41, 124, 129, 102, 29, 8, 120, 23, 51, 44, 115, 137, 173, 49, 126, 191, 110, 91, 151, 148, 159, 65, 182, 123, 158, 152, 10, 155, 56, 5, 195, 134, 82, 140, 16, 200, 183, 35, 86, 163, 64, 32, 20, 179, 189, 181, 101, 143, 81, 3, 40, 63, 7, 78, 53, 13, 37, 121, 190, 33, 66, 48, 193, 145, 186, 77, 147, 160, 84, 171, 94, 90, 113, 98, 128, 161, 36, 30, 144, 105, 73, 75, 109, 19, 69, 2, 166, 18, 96, 9, 180, 46, 58, 52, 76, 87, 185, 131, 31, 187, 198, 142, 43, 80, 59, 85, 60, 26, 188, 114, 97, 89, 62, 71, 192, 169, 55, 199, 99, 136, 139, 92, 194, 103, 138, 157, 177, 93, 119, 196, 154, 176]项目工期为：526.0；项目成本为：179110.99999999997
染色体结构为:
[116, 120, 8, 118, 168, 23, 65, 108, 122, 158, 155, 167, 25, 107, 178, 79, 149, 74, 34, 184, 67, 68, 4, 106, 100, 14, 1, 111, 27, 162, 156, 141, 24, 135, 39, 70, 61, 47, 42, 165, 133, 127, 174, 104, 164, 15, 45, 197, 72, 11, 50, 28, 22, 101, 36, 130, 17, 161, 83, 30, 109, 153, 105, 78, 40, 19, 144, 41, 86, 193, 160, 145, 90, 146, 10, 95, 2, 37, 59, 9, 3, 75, 84, 166, 43, 91, 51, 163, 89, 125, 132, 183, 82, 33, 152, 52, 88, 102, 7, 124, 170, 29, 129, 143, 56, 32, 140, 16, 63, 182, 137, 189, 123, 173, 126, 44, 115, 110, 112, 38, 54, 191, 49, 175, 12, 172, 117, 200, 48, 98, 6, 150, 77, 148, 187, 35, 188, 13, 26, 64, 134, 53, 192, 57, 71, 80, 31, 21, 85, 159, 136, 46, 151, 121, 20, 5, 190, 73, 81, 66, 69, 131, 60, 62, 138, 157, 142, 93, 179, 195, 180, 18, 113, 96, 169, 58, 181, 198, 94, 147, 99, 171, 128, 76, 186, 87, 97, 119, 114, 154, 55, 194, 92, 139, 185, 177, 103, 199, 176, 196]项目工期为：889.0；项目成本为：103291.10000000002
染色体结构为:
[67, 146, 88, 41, 175, 12, 124, 28, 38, 153, 108, 184, 4, 178, 74, 122, 168, 167, 118, 25, 34, 149, 79, 106, 68, 100, 111, 162, 39, 1, 14, 24, 27, 141, 42, 156, 6, 117, 116, 107, 54, 132, 150, 170, 21, 45, 172, 70, 165, 135, 133, 47, 174, 197, 127, 120, 8, 23, 155, 65, 158, 61, 104, 164, 15, 22, 50, 72, 11, 17, 130, 101, 36, 30, 78, 161, 109, 144, 83, 40, 105, 19, 86, 193, 160, 145, 10, 90, 95, 59, 2, 37, 9, 3, 75, 84, 166, 51, 43, 89, 163, 125, 91, 82, 183, 152, 33, 52, 102, 7, 29, 129, 143, 16, 140, 63, 32, 56, 137, 189, 123, 182, 69, 126, 112, 113, 49, 180, 110, 159, 134, 179, 151, 96, 31, 48, 142, 73, 195, 58, 80, 18, 131, 13, 66, 198, 35, 169, 81, 85, 44, 173, 191, 115, 77, 148, 200, 188, 98, 187, 71, 53, 64, 26, 192, 46, 57, 136, 20, 190, 60, 5, 121, 138, 62, 157, 181, 99, 147, 171, 93, 94, 186, 128, 76, 87, 97, 119, 55, 154, 114, 92, 194, 139, 185, 103, 177, 199, 196, 176]项目工期为：632.0；项目成本为：126943.60000000003
染色体结构为:
[108, 4, 184, 168, 74, 178, 122, 118, 25, 167, 34, 68, 149, 79, 111, 67, 100, 106, 39, 162, 1, 14, 24, 42, 27, 156, 141, 12, 38, 153, 28, 175, 54, 41, 146, 88, 117, 124, 107, 6, 116, 170, 150, 132, 45, 135, 165, 21, 172, 70, 133, 174, 47, 197, 164, 127, 61, 104, 15, 11, 22, 50, 130, 36, 17, 83, 161, 72, 101, 78, 109, 30, 105, 40, 8, 86, 193, 144, 75, 158, 140, 16, 7, 32, 145, 143, 63, 102, 65, 56, 189, 137, 166, 182, 126, 123, 89, 95, 112, 49, 69, 43, 113, 120, 180, 29, 90, 110, 59, 151, 96, 159, 142, 134, 31, 179, 195, 48, 155, 58, 73, 18, 80, 52, 66, 13, 131, 37, 10, 198, 169, 23, 129, 35, 81, 2, 44, 85, 160, 33, 51, 19, 3, 9, 84, 125, 163, 152, 82, 91, 183, 200, 115, 173, 191, 77, 98, 148, 187, 64, 188, 53, 71, 20, 192, 26, 57, 121, 136, 46, 5, 60, 190, 138, 62, 157, 93, 99, 94, 147, 87, 181, 171, 186, 92, 139, 199, 114, 97, 103, 128, 177, 76, 194, 55, 119, 196, 154, 176, 185]项目工期为：587.0；项目成本为：144258.30000000002
染色体结构为:
[108, 4, 184, 168, 178, 74, 118, 122, 167, 25, 34, 68, 149, 79, 111, 67, 100, 106, 39, 162, 14, 1, 24, 42, 156, 27, 141, 38, 12, 153, 28, 175, 54, 41, 146, 88, 124, 6, 117, 107, 116, 170, 150, 132, 45, 165, 172, 21, 135, 70, 133, 174, 47, 127, 197, 104, 164, 61, 11, 15, 22, 50, 130, 17, 36, 83, 161, 72, 101, 109, 78, 30, 105, 8, 40, 86, 144, 193, 75, 158, 7, 140, 16, 145, 32, 56, 143, 102, 63, 65, 137, 182, 189, 166, 126, 95, 89, 112, 123, 113, 69, 49, 43, 180, 120, 29, 90, 59, 110, 159, 151, 96, 142, 134, 31, 195, 179, 48, 73, 155, 58, 80, 18, 66, 52, 13, 131, 10, 37, 169, 198, 35, 23, 129, 81, 2, 85, 44, 51, 33, 19, 160, 9, 3, 125, 84, 82, 163, 91, 152, 183, 200, 173, 115, 191, 77, 148, 98, 187, 64, 71, 53, 188, 192, 20, 26, 57, 121, 136, 5, 46, 190, 138, 157, 62, 60, 93, 99, 94, 181, 147, 171, 87, 186, 92, 199, 139, 114, 97, 103, 128, 177, 76, 194, 55, 119, 196, 154, 176, 185]项目工期为：580.0；项目成本为：147140.30000000005
染色体结构为:
[116, 120, 118, 8, 23, 65, 108, 168, 122, 155, 107, 25, 158, 167, 79, 178, 184, 34, 149, 74, 67, 106, 4, 68, 100, 14, 1, 162, 111, 24, 27, 156, 39, 42, 135, 141, 70, 61, 47, 165, 133, 127, 104, 174, 197, 164, 15, 28, 45, 11, 22, 72, 50, 130, 101, 30, 17, 36, 83, 161, 153, 109, 105, 40, 78, 19, 144, 160, 86, 193, 41, 145, 146, 90, 10, 95, 2, 59, 37, 75, 9, 3, 84, 166, 43, 51, 91, 163, 125, 89, 132, 152, 183, 82, 33, 88, 52, 102, 124, 7, 170, 29, 143, 129, 16, 56, 140, 32, 63, 137, 123, 189, 173, 182, 115, 126, 44, 110, 112, 54, 191, 175, 38, 49, 12, 172, 117, 6, 200, 98, 150, 48, 77, 13, 148, 187, 35, 26, 188, 64, 134, 53, 192, 57, 80, 31, 71, 21, 85, 136, 20, 159, 121, 151, 5, 46, 190, 73, 66, 81, 69, 131, 60, 157, 138, 93, 179, 142, 62, 195, 113, 96, 18, 180, 58, 181, 99, 147, 186, 94, 171, 87, 55, 97, 76, 169, 128, 198, 154, 114, 194, 119, 139, 92, 103, 185, 177, 199, 196, 176]项目工期为：749.0；项目成本为：109990.70000000003
染色体结构为:
[38, 28, 12, 153, 54, 117, 116, 175, 107, 6, 111, 150, 132, 170, 165, 172, 45, 79, 118, 34, 149, 167, 25, 68, 1, 100, 14, 106, 67, 162, 39, 24, 42, 70, 156, 27, 135, 141, 47, 133, 127, 164, 174, 197, 11, 104, 61, 17, 22, 15, 50, 130, 83, 72, 178, 108, 168, 74, 122, 4, 95, 125, 184, 112, 57, 88, 146, 41, 124, 102, 129, 8, 29, 23, 51, 120, 49, 115, 44, 173, 137, 126, 191, 110, 91, 151, 148, 159, 65, 152, 182, 10, 123, 158, 21, 155, 5, 56, 82, 134, 195, 140, 200, 35, 86, 16, 32, 183, 163, 64, 20, 189, 179, 181, 143, 81, 101, 7, 3, 40, 78, 63, 13, 53, 37, 121, 66, 33, 190, 48, 193, 77, 186, 84, 147, 160, 145, 171, 90, 94, 113, 128, 98, 36, 161, 30, 109, 144, 105, 73, 75, 19, 2, 18, 69, 96, 166, 9, 180, 58, 52, 46, 76, 87, 31, 185, 131, 187, 80, 142, 198, 43, 59, 85, 188, 60, 114, 26, 97, 89, 62, 71, 55, 169, 99, 192, 136, 199, 139, 92, 194, 93, 103, 176, 157, 138, 196, 177, 154, 119]项目工期为：544.0；项目成本为：164195.89999999997
染色体结构为:
[175, 12, 28, 38, 21, 153, 117, 54, 150, 111, 25, 6, 116, 165, 107, 170, 132, 79, 172, 45, 149, 118, 167, 34, 68, 1, 106, 67, 100, 14, 39, 162, 42, 24, 70, 27, 135, 47, 156, 141, 133, 197, 127, 164, 174, 61, 104, 11, 15, 17, 22, 50, 130, 72, 83, 108, 178, 74, 168, 122, 4, 95, 125, 57, 112, 88, 184, 146, 41, 102, 124, 129, 29, 8, 51, 23, 120, 44, 115, 137, 173, 49, 126, 110, 191, 91, 151, 159, 65, 148, 152, 182, 123, 158, 10, 155, 5, 134, 56, 82, 195, 140, 16, 200, 183, 35, 86, 163, 64, 32, 20, 179, 189, 181, 143, 101, 81, 40, 3, 63, 7, 78, 53, 13, 121, 37, 190, 33, 66, 48, 193, 186, 145, 84, 147, 77, 171, 160, 94, 113, 98, 90, 161, 128, 30, 36, 144, 73, 105, 75, 109, 19, 69, 2, 18, 166, 96, 180, 9, 58, 46, 52, 76, 87, 185, 131, 31, 187, 142, 198, 80, 43, 59, 188, 85, 26, 114, 97, 60, 71, 89, 62, 192, 169, 55, 99, 136, 199, 92, 139, 194, 138, 157, 93, 103, 119, 177, 196, 154, 176]项目工期为：528.0；项目成本为：178546.09999999995
染色体结构为:
[88, 41, 146, 67, 12, 175, 124, 153, 28, 38, 117, 116, 111, 54, 107, 150, 6, 120, 8, 23, 122, 155, 118, 65, 158, 108, 167, 168, 178, 79, 184, 25, 68, 34, 149, 4, 74, 100, 106, 14, 1, 162, 27, 156, 39, 24, 141, 135, 42, 70, 47, 61, 165, 133, 127, 104, 164, 174, 197, 45, 15, 50, 11, 22, 72, 130, 101, 17, 36, 30, 83, 161, 105, 40, 109, 19, 144, 78, 160, 86, 170, 132, 21, 172, 193, 75, 140, 7, 16, 145, 143, 102, 63, 56, 32, 137, 166, 189, 182, 89, 126, 123, 95, 112, 113, 29, 69, 43, 180, 49, 159, 110, 90, 59, 134, 151, 179, 96, 31, 48, 142, 195, 73, 58, 18, 131, 13, 80, 52, 37, 169, 66, 10, 198, 35, 129, 81, 85, 2, 33, 51, 44, 3, 9, 84, 91, 152, 163, 125, 183, 115, 82, 191, 173, 77, 148, 200, 53, 188, 98, 71, 187, 26, 64, 192, 57, 20, 46, 190, 136, 60, 5, 121, 157, 62, 138, 93, 181, 99, 94, 147, 171, 186, 128, 76, 87, 55, 97, 154, 119, 114, 194, 185, 139, 177, 199, 196, 92, 103, 176]项目工期为：658.0；项目成本为：122950.90000000005
染色体结构为:
[116, 8, 23, 120, 155, 65, 118, 122, 168, 108, 107, 158, 167, 25, 178, 79, 34, 184, 149, 4, 67, 74, 68, 100, 106, 14, 1, 162, 111, 27, 24, 39, 156, 141, 42, 135, 70, 47, 133, 61, 165, 127, 164, 174, 28, 197, 15, 104, 45, 11, 22, 50, 72, 130, 17, 101, 36, 30, 161, 109, 83, 153, 105, 78, 40, 19, 144, 86, 193, 160, 146, 41, 145, 95, 90, 10, 2, 37, 75, 9, 59, 51, 84, 166, 43, 91, 3, 183, 125, 132, 163, 152, 89, 82, 88, 33, 124, 102, 29, 52, 170, 143, 129, 16, 7, 32, 182, 140, 63, 56, 189, 126, 123, 137, 173, 115, 112, 49, 191, 110, 175, 44, 38, 54, 6, 150, 12, 117, 172, 200, 148, 53, 98, 35, 77, 48, 13, 26, 64, 188, 134, 187, 71, 192, 80, 31, 85, 57, 136, 20, 21, 69, 46, 113, 180, 159, 179, 151, 96, 142, 73, 18, 195, 58, 131, 169, 66, 81, 190, 198, 60, 5, 138, 121, 62, 157, 181, 93, 99, 147, 94, 171, 186, 128, 76, 87, 97, 119, 55, 194, 154, 139, 185, 114, 199, 92, 103, 177, 196, 176]项目工期为：699.0；项目成本为：114936.49999999999
染色体结构为:
[116, 120, 118, 23, 8, 168, 65, 108, 122, 155, 158, 25, 167, 178, 107, 79, 149, 34, 74, 184, 67, 4, 106, 100, 1, 68, 14, 27, 24, 111, 156, 162, 141, 70, 135, 61, 39, 42, 165, 133, 47, 174, 127, 104, 164, 45, 15, 28, 197, 11, 72, 50, 22, 101, 36, 130, 17, 161, 83, 153, 30, 109, 105, 86, 40, 78, 19, 144, 41, 193, 145, 160, 10, 90, 146, 95, 37, 2, 59, 3, 84, 9, 75, 166, 43, 51, 91, 89, 132, 163, 125, 82, 183, 152, 33, 52, 88, 102, 7, 29, 124, 170, 129, 56, 32, 143, 140, 16, 63, 137, 182, 123, 173, 189, 126, 115, 44, 112, 110, 54, 38, 191, 49, 175, 12, 172, 98, 117, 6, 200, 150, 48, 77, 187, 148, 35, 188, 13, 134, 26, 53, 64, 57, 192, 80, 71, 31, 159, 21, 85, 46, 136, 151, 20, 5, 121, 73, 190, 66, 81, 131, 69, 60, 138, 62, 179, 157, 142, 93, 195, 180, 18, 113, 58, 96, 94, 169, 198, 99, 181, 147, 128, 171, 186, 76, 87, 97, 119, 55, 114, 194, 154, 92, 103, 185, 176, 139, 177, 196, 199]项目工期为：886.0；项目成本为：103496.20000000001
染色体结构为:
[67, 146, 88, 124, 41, 175, 28, 12, 153, 108, 38, 4, 168, 184, 178, 167, 74, 122, 25, 118, 149, 79, 34, 111, 68, 106, 162, 100, 39, 14, 42, 1, 27, 24, 156, 6, 141, 117, 116, 54, 107, 170, 150, 132, 45, 165, 172, 21, 174, 135, 120, 70, 8, 65, 158, 23, 155, 47, 133, 61, 104, 197, 127, 164, 15, 72, 11, 22, 50, 130, 17, 101, 36, 30, 161, 105, 109, 83, 40, 144, 78, 19, 86, 193, 160, 145, 95, 90, 10, 2, 37, 75, 9, 51, 59, 43, 84, 166, 183, 3, 152, 91, 125, 163, 33, 89, 82, 52, 102, 129, 29, 143, 16, 32, 7, 182, 140, 63, 189, 137, 56, 126, 123, 173, 112, 110, 115, 191, 49, 148, 44, 200, 98, 53, 35, 77, 13, 48, 64, 26, 187, 188, 192, 134, 71, 31, 80, 57, 85, 46, 136, 20, 69, 66, 121, 5, 190, 151, 159, 81, 180, 96, 179, 113, 73, 142, 18, 58, 195, 169, 131, 198, 60, 157, 62, 138, 93, 181, 94, 99, 147, 171, 186, 128, 87, 97, 76, 55, 119, 154, 114, 194, 139, 92, 177, 185, 199, 103, 196, 176]项目工期为：692.0；项目成本为：116242.5
染色体结构为:
[116, 8, 120, 118, 23, 155, 108, 65, 122, 168, 158, 107, 25, 79, 178, 167, 34, 149, 184, 67, 74, 106, 68, 4, 1, 100, 14, 162, 111, 27, 156, 24, 39, 135, 141, 42, 70, 47, 61, 165, 127, 133, 104, 174, 164, 197, 45, 15, 28, 11, 22, 50, 72, 130, 101, 36, 17, 30, 161, 83, 109, 153, 40, 78, 105, 19, 160, 144, 86, 193, 146, 145, 41, 10, 90, 95, 2, 37, 75, 59, 9, 3, 166, 51, 84, 43, 91, 132, 163, 125, 89, 152, 183, 82, 88, 52, 124, 33, 102, 7, 129, 29, 170, 143, 16, 140, 56, 63, 32, 137, 123, 189, 173, 115, 182, 112, 126, 110, 44, 54, 191, 175, 38, 49, 12, 172, 200, 6, 98, 117, 150, 48, 77, 148, 13, 35, 187, 188, 26, 64, 53, 134, 192, 80, 57, 71, 31, 21, 85, 136, 159, 20, 121, 69, 151, 113, 180, 179, 96, 195, 73, 58, 142, 131, 18, 66, 198, 169, 81, 46, 190, 5, 60, 157, 62, 138, 93, 94, 181, 186, 99, 171, 147, 128, 87, 97, 76, 55, 154, 119, 114, 177, 194, 139, 185, 199, 92, 103, 196, 176]项目工期为：747.0；项目成本为：110498.20000000001
染色体结构为:
[41, 88, 146, 12, 175, 67, 124, 28, 111, 153, 116, 117, 54, 6, 38, 107, 132, 170, 45, 150, 118, 79, 172, 167, 165, 21, 25, 34, 149, 106, 68, 14, 1, 24, 162, 39, 100, 42, 27, 135, 156, 141, 70, 133, 197, 47, 174, 127, 164, 104, 61, 15, 11, 22, 50, 130, 72, 36, 17, 161, 83, 101, 78, 30, 109, 40, 86, 105, 144, 8, 140, 75, 193, 158, 7, 32, 145, 16, 143, 63, 184, 102, 56, 65, 189, 137, 74, 178, 123, 182, 112, 4, 166, 89, 95, 126, 69, 113, 43, 120, 49, 29, 180, 90, 159, 110, 134, 151, 59, 96, 179, 168, 142, 48, 31, 195, 73, 18, 58, 155, 80, 131, 108, 52, 13, 66, 37, 10, 198, 129, 169, 122, 23, 35, 81, 85, 2, 44, 190, 33, 147, 136, 191, 5, 53, 51, 99, 84, 19, 26, 9, 91, 160, 3, 163, 183, 152, 125, 115, 82, 98, 173, 148, 200, 188, 77, 64, 187, 192, 71, 46, 57, 121, 60, 20, 93, 138, 157, 62, 181, 94, 186, 128, 87, 97, 55, 171, 76, 119, 194, 154, 114, 185, 139, 177, 199, 103, 196, 92, 176]项目工期为：552.0；项目成本为：161403.60000000003
染色体结构为:
[8, 116, 120, 23, 118, 168, 65, 155, 122, 108, 158, 107, 25, 79, 178, 34, 167, 149, 184, 67, 74, 106, 68, 4, 1, 100, 14, 162, 111, 24, 27, 39, 141, 156, 135, 42, 70, 47, 61, 165, 127, 133, 104, 174, 197, 15, 45, 164, 28, 50, 11, 22, 72, 130, 101, 36, 17, 30, 161, 83, 109, 40, 153, 78, 105, 144, 19, 160, 86, 41, 193, 146, 10, 90, 95, 145, 2, 37, 59, 75, 9, 166, 3, 84, 51, 43, 91, 163, 132, 125, 89, 152, 183, 52, 88, 82, 124, 33, 102, 129, 7, 29, 170, 143, 16, 140, 56, 63, 32, 137, 123, 189, 173, 115, 182, 126, 112, 110, 54, 44, 175, 191, 38, 49, 12, 172, 200, 6, 98, 117, 150, 48, 77, 148, 13, 187, 35, 188, 26, 53, 64, 134, 192, 80, 57, 71, 31, 21, 136, 20, 85, 151, 159, 46, 121, 66, 190, 5, 73, 81, 69, 131, 138, 62, 60, 157, 142, 93, 179, 195, 180, 113, 18, 169, 96, 198, 58, 94, 181, 99, 147, 128, 171, 76, 186, 87, 119, 97, 114, 55, 154, 194, 185, 92, 103, 139, 177, 199, 196, 176]项目工期为：786.0；项目成本为：106575.60000000003
染色体结构为:
[88, 146, 67, 41, 175, 12, 124, 28, 153, 4, 108, 184, 168, 74, 178, 122, 25, 167, 118, 68, 149, 34, 79, 111, 100, 106, 1, 39, 162, 24, 14, 27, 141, 42, 156, 38, 54, 117, 6, 116, 150, 107, 170, 172, 45, 165, 70, 47, 133, 61, 135, 127, 197, 174, 104, 164, 21, 132, 50, 22, 15, 17, 36, 72, 11, 130, 30, 161, 83, 101, 78, 105, 40, 144, 109, 193, 86, 75, 8, 7, 158, 145, 140, 32, 16, 143, 63, 102, 65, 56, 189, 137, 166, 123, 95, 112, 182, 126, 89, 69, 180, 49, 43, 113, 120, 29, 90, 134, 110, 59, 159, 96, 179, 151, 142, 48, 31, 195, 73, 18, 58, 155, 52, 80, 13, 10, 131, 66, 198, 37, 169, 35, 129, 23, 81, 2, 44, 85, 190, 33, 136, 147, 51, 191, 5, 26, 53, 181, 84, 99, 199, 183, 92, 115, 186, 152, 173, 91, 60, 139, 148, 171, 192, 160, 62, 114, 163, 82, 57, 19, 200, 71, 64, 20, 77, 125, 94, 187, 3, 128, 98, 87, 93, 188, 97, 103, 46, 76, 177, 9, 194, 121, 119, 138, 196, 154, 157, 176, 185, 55]项目工期为：572.0；项目成本为：151662.2
染色体结构为:
[88, 146, 67, 175, 124, 41, 28, 12, 153, 108, 38, 178, 184, 4, 168, 74, 167, 122, 25, 118, 68, 79, 34, 106, 149, 39, 111, 1, 100, 162, 14, 42, 24, 27, 156, 141, 117, 54, 6, 116, 150, 170, 132, 107, 45, 165, 21, 135, 172, 70, 174, 197, 47, 133, 164, 120, 8, 127, 23, 155, 65, 158, 61, 104, 22, 15, 50, 11, 72, 17, 130, 36, 101, 30, 78, 161, 109, 144, 83, 40, 105, 19, 86, 160, 193, 145, 10, 90, 95, 59, 2, 37, 9, 3, 75, 84, 166, 51, 43, 163, 89, 125, 91, 82, 183, 152, 33, 52, 102, 7, 29, 129, 143, 16, 140, 63, 32, 56, 137, 189, 182, 123, 69, 126, 112, 113, 49, 110, 180, 159, 134, 179, 96, 151, 31, 48, 142, 73, 195, 58, 80, 18, 131, 13, 66, 198, 35, 169, 81, 85, 44, 173, 191, 115, 148, 77, 200, 188, 187, 98, 71, 53, 64, 26, 46, 192, 57, 136, 20, 190, 60, 5, 121, 138, 62, 157, 181, 99, 147, 171, 94, 186, 93, 128, 76, 87, 97, 119, 55, 154, 114, 92, 194, 139, 185, 103, 199, 177, 196, 176]项目工期为：628.0；项目成本为：129129.70000000004
染色体结构为:
[116, 120, 118, 8, 23, 65, 108, 168, 122, 155, 107, 158, 25, 167, 178, 79, 184, 34, 74, 149, 67, 106, 4, 68, 100, 14, 1, 162, 111, 24, 27, 156, 39, 42, 135, 70, 141, 47, 61, 165, 133, 127, 104, 174, 164, 197, 15, 11, 28, 45, 22, 50, 72, 130, 101, 17, 30, 36, 161, 83, 153, 109, 105, 40, 78, 19, 144, 160, 86, 193, 41, 145, 146, 90, 95, 10, 2, 59, 37, 75, 9, 3, 84, 166, 51, 43, 91, 125, 163, 89, 132, 152, 183, 82, 88, 33, 52, 124, 102, 7, 170, 29, 129, 143, 16, 140, 56, 32, 63, 137, 123, 189, 173, 182, 115, 126, 112, 44, 54, 110, 191, 175, 38, 49, 12, 117, 172, 200, 6, 98, 150, 48, 77, 148, 13, 187, 35, 188, 26, 64, 134, 53, 57, 192, 80, 71, 31, 21, 136, 85, 20, 46, 69, 180, 113, 159, 179, 151, 96, 73, 142, 18, 195, 58, 131, 66, 169, 198, 81, 190, 60, 5, 121, 138, 62, 157, 93, 181, 147, 99, 94, 171, 186, 76, 128, 87, 97, 55, 119, 114, 154, 194, 92, 139, 185, 199, 177, 103, 196, 176]项目工期为：729.0；项目成本为：110631.70000000001
染色体结构为:
[88, 146, 41, 124, 175, 67, 12, 28, 153, 38, 108, 184, 168, 4, 178, 74, 122, 167, 25, 118, 34, 149, 79, 106, 68, 111, 100, 162, 39, 1, 14, 24, 42, 27, 156, 141, 6, 116, 54, 117, 107, 150, 170, 165, 132, 45, 21, 172, 135, 70, 174, 133, 47, 197, 127, 104, 164, 61, 11, 22, 15, 130, 50, 17, 36, 83, 72, 101, 161, 78, 30, 109, 40, 86, 144, 105, 75, 193, 8, 140, 158, 7, 143, 16, 63, 145, 32, 56, 102, 65, 189, 137, 123, 166, 95, 182, 126, 89, 112, 113, 69, 120, 49, 43, 180, 29, 90, 110, 151, 159, 59, 134, 179, 96, 31, 142, 48, 195, 73, 155, 18, 58, 80, 13, 131, 52, 10, 66, 169, 37, 198, 35, 129, 81, 23, 2, 44, 85, 33, 160, 19, 9, 51, 3, 84, 163, 125, 152, 91, 183, 173, 115, 82, 191, 77, 200, 148, 98, 53, 187, 188, 71, 64, 192, 26, 136, 57, 20, 46, 121, 190, 60, 157, 5, 138, 62, 93, 181, 99, 94, 147, 171, 128, 87, 186, 76, 55, 97, 119, 154, 114, 194, 139, 177, 92, 185, 103, 196, 199, 176]项目工期为：601.0；项目成本为：138646.40000000005
染色体结构为:
[146, 88, 67, 124, 41, 175, 12, 28, 153, 38, 108, 184, 4, 178, 74, 168, 122, 118, 167, 25, 34, 149, 79, 68, 106, 111, 100, 162, 39, 1, 24, 27, 14, 141, 42, 156, 6, 117, 116, 107, 54, 150, 170, 132, 21, 45, 172, 70, 135, 165, 133, 47, 174, 197, 127, 104, 164, 61, 11, 22, 15, 50, 130, 17, 83, 72, 36, 101, 161, 78, 40, 109, 86, 30, 144, 8, 105, 193, 75, 158, 7, 140, 16, 145, 143, 102, 63, 32, 56, 137, 65, 166, 189, 182, 89, 123, 126, 112, 95, 69, 113, 120, 29, 43, 180, 159, 49, 90, 151, 59, 110, 134, 179, 96, 31, 48, 195, 142, 155, 73, 58, 18, 131, 80, 13, 169, 52, 37, 66, 10, 198, 35, 129, 81, 23, 44, 2, 85, 33, 160, 51, 3, 19, 9, 84, 91, 163, 152, 125, 183, 82, 115, 191, 173, 77, 200, 148, 98, 53, 188, 71, 187, 64, 26, 192, 57, 20, 46, 190, 136, 60, 121, 5, 157, 62, 138, 93, 181, 99, 94, 186, 147, 171, 128, 87, 55, 76, 97, 119, 154, 114, 194, 185, 139, 177, 199, 103, 92, 196, 176]项目工期为：600.0；项目成本为：139296.9
染色体结构为:
[120, 116, 8, 23, 118, 65, 168, 155, 122, 108, 158, 107, 25, 167, 34, 79, 178, 184, 149, 74, 4, 106, 68, 67, 100, 1, 14, 111, 162, 27, 24, 156, 141, 39, 135, 42, 70, 47, 61, 165, 127, 133, 104, 174, 164, 197, 45, 22, 28, 15, 11, 72, 50, 17, 130, 101, 30, 36, 109, 161, 153, 40, 105, 83, 19, 78, 144, 86, 160, 193, 41, 145, 90, 146, 95, 10, 37, 75, 2, 59, 9, 84, 166, 51, 43, 91, 183, 132, 125, 152, 163, 3, 82, 89, 88, 33, 124, 102, 29, 129, 52, 170, 16, 143, 140, 7, 32, 63, 182, 56, 189, 123, 126, 137, 173, 112, 115, 110, 49, 175, 44, 191, 54, 38, 12, 150, 6, 117, 148, 172, 98, 53, 77, 200, 35, 48, 26, 64, 13, 188, 134, 187, 71, 80, 192, 31, 57, 136, 85, 20, 21, 69, 46, 121, 159, 151, 5, 66, 190, 81, 180, 96, 179, 113, 73, 142, 18, 195, 131, 58, 169, 157, 198, 60, 62, 93, 138, 99, 181, 147, 94, 171, 186, 128, 76, 87, 55, 119, 154, 97, 194, 114, 139, 92, 185, 177, 199, 103, 196, 176]项目工期为：725.0；项目成本为：111685.9
染色体结构为:
[120, 116, 8, 118, 23, 168, 65, 122, 108, 155, 25, 158, 107, 167, 79, 178, 34, 74, 184, 149, 67, 106, 4, 100, 68, 14, 1, 111, 162, 27, 24, 156, 141, 135, 39, 70, 42, 47, 61, 165, 133, 104, 174, 127, 164, 15, 197, 28, 45, 11, 22, 72, 50, 130, 101, 36, 161, 17, 83, 30, 153, 105, 109, 78, 40, 19, 144, 160, 86, 193, 41, 145, 146, 90, 95, 10, 37, 2, 59, 75, 9, 84, 3, 166, 51, 91, 43, 163, 125, 89, 183, 132, 152, 82, 33, 52, 88, 102, 124, 7, 129, 29, 170, 143, 16, 56, 32, 140, 137, 63, 182, 123, 189, 173, 115, 126, 112, 44, 110, 54, 191, 175, 38, 12, 172, 49, 117, 200, 98, 6, 48, 150, 77, 148, 187, 13, 35, 188, 26, 64, 134, 192, 53, 57, 80, 71, 31, 21, 85, 136, 159, 20, 121, 151, 46, 190, 5, 66, 73, 69, 131, 81, 60, 157, 138, 93, 62, 142, 179, 195, 180, 113, 18, 96, 58, 99, 181, 147, 94, 171, 186, 87, 97, 55, 76, 169, 194, 128, 154, 198, 114, 119, 139, 92, 185, 103, 177, 199, 196, 176]项目工期为：848.0；项目成本为：104030.30000000003
染色体结构为:
[146, 88, 67, 41, 175, 124, 12, 28, 117, 153, 116, 38, 54, 111, 107, 6, 150, 120, 8, 23, 118, 122, 155, 65, 158, 108, 167, 168, 178, 79, 34, 25, 149, 184, 4, 68, 74, 100, 106, 14, 1, 162, 24, 42, 156, 27, 39, 141, 135, 70, 47, 133, 165, 127, 61, 197, 164, 174, 104, 15, 45, 22, 11, 50, 17, 72, 130, 101, 36, 30, 78, 161, 109, 144, 83, 105, 40, 19, 86, 193, 160, 145, 10, 90, 95, 2, 59, 37, 3, 9, 84, 75, 166, 51, 43, 89, 163, 125, 132, 91, 183, 82, 152, 33, 102, 52, 7, 29, 129, 143, 172, 170, 21, 16, 140, 32, 63, 56, 137, 189, 123, 126, 182, 69, 112, 113, 49, 180, 110, 159, 134, 151, 96, 31, 179, 48, 142, 73, 58, 195, 18, 80, 13, 131, 66, 198, 35, 81, 169, 85, 173, 44, 191, 115, 77, 200, 148, 188, 98, 187, 71, 53, 64, 192, 26, 46, 57, 136, 20, 190, 60, 5, 121, 138, 62, 157, 93, 181, 99, 147, 171, 94, 186, 128, 76, 87, 97, 119, 55, 154, 114, 194, 92, 185, 139, 103, 177, 199, 196, 176]项目工期为：643.0；项目成本为：123990.00000000003
染色体结构为:
[8, 116, 23, 120, 118, 168, 155, 65, 122, 108, 158, 107, 25, 178, 79, 167, 34, 149, 184, 67, 74, 106, 68, 4, 1, 100, 14, 162, 111, 27, 24, 156, 39, 141, 135, 42, 70, 47, 61, 165, 133, 127, 104, 174, 197, 164, 45, 15, 28, 11, 50, 22, 72, 130, 101, 36, 30, 17, 161, 83, 109, 40, 105, 153, 78, 19, 144, 160, 41, 86, 193, 146, 145, 10, 90, 95, 2, 37, 59, 75, 9, 166, 3, 84, 51, 43, 91, 163, 132, 125, 89, 152, 183, 82, 52, 88, 124, 33, 102, 7, 129, 29, 170, 143, 16, 140, 56, 63, 32, 137, 123, 189, 173, 182, 115, 126, 112, 110, 44, 54, 191, 175, 38, 49, 12, 172, 200, 6, 98, 117, 150, 77, 48, 148, 13, 35, 187, 26, 188, 53, 64, 134, 80, 192, 57, 71, 31, 21, 136, 85, 151, 20, 159, 121, 46, 66, 190, 5, 73, 69, 131, 81, 60, 138, 157, 62, 93, 179, 142, 180, 195, 113, 18, 96, 181, 58, 169, 198, 99, 147, 94, 171, 128, 186, 76, 87, 119, 55, 154, 97, 194, 114, 92, 139, 185, 177, 199, 103, 196, 176]项目工期为：751.0；项目成本为：108670.10000000002
染色体结构为:
[8, 116, 23, 120, 118, 168, 65, 122, 155, 108, 107, 158, 25, 79, 167, 149, 178, 34, 184, 74, 106, 67, 68, 4, 100, 14, 1, 162, 111, 24, 27, 156, 42, 39, 135, 141, 70, 61, 47, 133, 165, 104, 174, 127, 197, 164, 15, 28, 45, 22, 11, 72, 50, 101, 30, 130, 17, 36, 83, 161, 153, 109, 105, 40, 78, 19, 144, 86, 160, 193, 41, 145, 146, 90, 10, 95, 2, 37, 59, 9, 84, 75, 166, 3, 43, 51, 91, 163, 125, 89, 132, 152, 183, 82, 33, 52, 88, 124, 102, 170, 7, 29, 143, 129, 16, 56, 140, 32, 137, 63, 189, 123, 173, 182, 115, 126, 44, 110, 112, 54, 191, 175, 49, 38, 12, 172, 117, 6, 200, 98, 48, 150, 13, 77, 148, 187, 35, 26, 188, 64, 134, 53, 192, 57, 80, 31, 71, 21, 85, 20, 136, 159, 121, 151, 5, 46, 190, 66, 73, 81, 69, 131, 60, 138, 157, 93, 179, 142, 195, 62, 113, 96, 18, 180, 58, 181, 99, 147, 94, 171, 186, 87, 55, 97, 76, 169, 128, 198, 154, 114, 194, 119, 139, 103, 92, 185, 177, 196, 199, 176]项目工期为：758.0；项目成本为：108654.90000000004
染色体结构为:
[116, 120, 8, 118, 23, 168, 65, 108, 122, 155, 25, 158, 167, 107, 178, 79, 149, 34, 74, 184, 4, 67, 68, 106, 100, 14, 111, 1, 27, 24, 162, 141, 156, 135, 39, 61, 70, 42, 165, 133, 47, 127, 174, 104, 15, 45, 164, 28, 197, 72, 50, 11, 22, 36, 101, 130, 17, 161, 83, 153, 30, 109, 105, 40, 78, 19, 86, 144, 160, 41, 193, 145, 10, 90, 146, 95, 2, 37, 3, 9, 84, 59, 75, 166, 43, 51, 91, 89, 163, 132, 125, 82, 183, 152, 33, 88, 52, 102, 7, 124, 29, 170, 129, 56, 32, 143, 140, 16, 63, 137, 182, 189, 123, 173, 126, 115, 44, 110, 112, 54, 38, 191, 49, 175, 12, 172, 200, 117, 98, 6, 48, 150, 77, 187, 35, 148, 188, 13, 26, 64, 53, 134, 192, 57, 80, 21, 71, 31, 85, 159, 136, 151, 46, 20, 121, 5, 73, 190, 66, 81, 69, 131, 60, 138, 62, 157, 142, 179, 93, 180, 195, 113, 18, 169, 96, 58, 198, 181, 94, 99, 128, 147, 171, 76, 186, 87, 97, 119, 114, 55, 154, 92, 194, 185, 103, 139, 177, 176, 196, 199]项目工期为：883.0；项目成本为：103810.90000000002
染色体结构为:
[116, 120, 8, 118, 23, 65, 168, 122, 158, 108, 25, 107, 155, 167, 79, 178, 34, 184, 74, 67, 149, 106, 4, 68, 100, 14, 1, 162, 27, 111, 156, 39, 24, 135, 141, 42, 70, 47, 61, 165, 133, 104, 127, 164, 174, 15, 28, 197, 45, 11, 50, 22, 72, 130, 101, 17, 30, 36, 83, 161, 153, 109, 40, 19, 78, 105, 144, 160, 86, 146, 88, 124, 41, 12, 175, 38, 6, 117, 54, 150, 170, 132, 21, 172, 193, 75, 7, 140, 16, 145, 143, 102, 63, 56, 137, 32, 166, 182, 189, 123, 89, 126, 95, 112, 69, 113, 29, 43, 180, 49, 159, 110, 151, 90, 59, 134, 179, 96, 31, 48, 142, 195, 73, 58, 18, 131, 80, 13, 37, 169, 52, 66, 10, 35, 198, 129, 81, 85, 2, 44, 33, 51, 3, 9, 84, 91, 152, 163, 183, 125, 82, 115, 191, 173, 77, 200, 148, 98, 53, 188, 187, 71, 64, 26, 57, 192, 20, 46, 190, 136, 60, 121, 5, 157, 62, 93, 181, 138, 99, 147, 94, 171, 128, 87, 186, 76, 55, 97, 119, 154, 194, 114, 185, 139, 177, 199, 92, 196, 103, 176]项目工期为：681.0；项目成本为：116481.40000000004
染色体结构为:
[116, 120, 118, 23, 8, 168, 65, 108, 122, 155, 25, 158, 167, 178, 149, 107, 79, 74, 34, 184, 67, 68, 4, 100, 106, 1, 14, 27, 111, 24, 156, 162, 141, 135, 70, 61, 39, 42, 165, 133, 47, 174, 104, 127, 197, 164, 15, 28, 45, 22, 11, 72, 101, 50, 130, 30, 17, 36, 83, 161, 109, 153, 105, 40, 78, 19, 144, 160, 86, 193, 41, 145, 90, 146, 10, 95, 2, 37, 59, 9, 75, 84, 3, 166, 43, 51, 91, 163, 125, 89, 132, 152, 183, 82, 33, 88, 52, 124, 102, 170, 7, 29, 143, 16, 56, 129, 140, 32, 137, 63, 189, 123, 173, 182, 115, 126, 44, 110, 112, 54, 191, 175, 38, 49, 172, 12, 6, 117, 200, 98, 48, 13, 150, 77, 148, 187, 26, 35, 188, 64, 134, 53, 192, 57, 80, 31, 71, 21, 85, 136, 20, 159, 151, 121, 5, 46, 190, 73, 66, 81, 131, 69, 60, 157, 138, 93, 179, 142, 195, 62, 113, 96, 18, 180, 58, 181, 99, 147, 94, 186, 171, 87, 97, 55, 169, 76, 128, 198, 154, 114, 194, 119, 139, 103, 92, 185, 177, 199, 196, 176]项目工期为：770.0；项目成本为：107203.60000000003
染色体结构为:
[88, 146, 41, 67, 175, 124, 12, 153, 28, 38, 117, 116, 111, 54, 107, 6, 150, 120, 8, 23, 122, 118, 155, 158, 108, 65, 167, 168, 178, 79, 25, 184, 34, 68, 4, 74, 149, 100, 106, 1, 14, 162, 27, 156, 24, 39, 141, 42, 135, 70, 47, 61, 165, 133, 127, 104, 164, 174, 197, 45, 15, 50, 22, 11, 72, 130, 101, 17, 36, 30, 83, 161, 105, 40, 109, 19, 144, 78, 160, 86, 170, 21, 132, 172, 193, 75, 7, 140, 16, 145, 143, 102, 63, 56, 32, 137, 166, 182, 189, 89, 123, 126, 95, 112, 113, 29, 69, 43, 49, 180, 110, 159, 90, 59, 151, 134, 179, 96, 31, 48, 142, 195, 73, 58, 18, 131, 80, 13, 52, 37, 169, 66, 10, 198, 35, 129, 81, 85, 2, 44, 33, 51, 3, 9, 84, 152, 91, 125, 163, 183, 115, 191, 82, 173, 77, 148, 200, 98, 53, 188, 71, 187, 26, 64, 192, 20, 57, 46, 190, 60, 136, 5, 121, 157, 62, 138, 93, 181, 99, 94, 147, 171, 186, 128, 87, 76, 55, 97, 119, 154, 114, 194, 185, 139, 177, 199, 196, 92, 103, 176]项目工期为：660.0；项目成本为：121213.10000000005
染色体结构为:
[116, 120, 118, 8, 23, 168, 65, 108, 122, 155, 25, 158, 167, 178, 107, 79, 149, 34, 74, 184, 4, 67, 68, 106, 100, 14, 1, 111, 27, 24, 162, 156, 141, 70, 135, 39, 61, 42, 165, 133, 47, 127, 174, 15, 104, 164, 45, 28, 72, 197, 11, 50, 22, 101, 36, 130, 17, 161, 83, 153, 30, 109, 105, 78, 40, 86, 19, 144, 160, 41, 193, 145, 10, 90, 146, 95, 2, 37, 59, 3, 9, 84, 75, 166, 43, 51, 89, 91, 163, 132, 125, 82, 183, 152, 33, 52, 88, 102, 7, 124, 29, 170, 129, 56, 143, 32, 140, 16, 63, 137, 189, 182, 123, 173, 126, 115, 44, 110, 112, 54, 38, 191, 49, 175, 12, 172, 117, 200, 98, 6, 48, 150, 187, 77, 35, 148, 188, 13, 26, 64, 53, 134, 192, 57, 80, 71, 21, 31, 85, 159, 136, 151, 46, 20, 121, 5, 190, 73, 81, 66, 69, 131, 60, 138, 157, 62, 142, 179, 93, 195, 113, 180, 18, 96, 169, 58, 198, 94, 99, 181, 147, 128, 171, 76, 186, 87, 97, 119, 114, 55, 154, 194, 139, 92, 185, 177, 199, 103, 196, 176]项目工期为：834.0；项目成本为：104310.50000000001
染色体结构为:
[12, 175, 28, 38, 21, 153, 117, 54, 150, 111, 25, 6, 116, 165, 107, 170, 132, 79, 172, 45, 118, 149, 167, 34, 68, 1, 106, 67, 100, 14, 39, 162, 42, 24, 70, 27, 135, 47, 156, 141, 133, 197, 127, 174, 164, 11, 61, 104, 15, 22, 17, 50, 130, 83, 72, 178, 108, 74, 168, 122, 4, 125, 95, 57, 112, 88, 184, 146, 41, 102, 124, 129, 29, 8, 51, 23, 120, 44, 115, 137, 173, 49, 126, 110, 191, 151, 91, 65, 159, 148, 152, 182, 158, 123, 10, 155, 5, 134, 56, 82, 195, 140, 16, 200, 183, 35, 86, 163, 64, 179, 32, 20, 189, 143, 81, 181, 101, 40, 3, 63, 7, 78, 53, 13, 121, 33, 190, 37, 66, 48, 193, 186, 145, 84, 147, 77, 171, 160, 94, 113, 98, 90, 161, 128, 30, 36, 144, 105, 73, 75, 109, 19, 69, 2, 18, 166, 180, 96, 9, 46, 58, 52, 76, 87, 131, 185, 31, 187, 142, 198, 43, 188, 80, 59, 26, 85, 114, 97, 60, 89, 71, 62, 192, 169, 99, 55, 136, 199, 139, 92, 194, 138, 157, 93, 103, 119, 196, 154, 177, 176]项目工期为：524.0；项目成本为：179620.19999999992
染色体结构为:
[88, 146, 41, 67, 12, 175, 124, 153, 28, 117, 38, 111, 54, 107, 116, 6, 150, 120, 23, 8, 122, 118, 65, 155, 158, 108, 167, 168, 178, 79, 25, 184, 34, 68, 149, 4, 74, 100, 14, 106, 1, 162, 156, 27, 39, 24, 42, 141, 135, 70, 47, 61, 165, 127, 133, 104, 164, 174, 45, 197, 50, 15, 11, 22, 72, 130, 17, 101, 30, 83, 36, 161, 105, 40, 109, 19, 144, 78, 160, 86, 170, 132, 172, 75, 7, 21, 193, 140, 16, 145, 143, 102, 63, 56, 32, 166, 137, 182, 89, 189, 123, 126, 95, 112, 113, 29, 69, 43, 49, 180, 110, 159, 90, 59, 151, 179, 134, 31, 48, 96, 142, 195, 58, 73, 18, 131, 80, 13, 52, 169, 37, 66, 198, 10, 35, 81, 85, 129, 2, 44, 33, 51, 3, 9, 84, 91, 152, 163, 183, 125, 115, 82, 191, 173, 77, 148, 200, 98, 53, 188, 71, 187, 26, 64, 192, 57, 20, 190, 46, 136, 5, 60, 121, 157, 62, 93, 138, 99, 181, 94, 147, 171, 186, 128, 87, 76, 55, 97, 154, 119, 114, 194, 139, 177, 199, 196, 185, 92, 103, 176]项目工期为：650.0；项目成本为：123974.70000000006
染色体结构为:
[8, 116, 120, 118, 23, 155, 108, 65, 168, 122, 158, 107, 25, 79, 178, 167, 34, 149, 67, 184, 74, 106, 68, 4, 1, 100, 14, 162, 111, 156, 27, 24, 39, 141, 135, 42, 70, 61, 47, 165, 133, 104, 127, 174, 164, 197, 45, 15, 28, 11, 22, 50, 72, 101, 130, 36, 17, 161, 30, 83, 109, 40, 153, 105, 78, 19, 160, 144, 86, 146, 193, 145, 10, 41, 90, 95, 2, 37, 59, 75, 9, 3, 166, 51, 84, 43, 91, 132, 163, 125, 152, 183, 89, 82, 52, 88, 124, 33, 102, 7, 129, 143, 29, 170, 16, 56, 140, 63, 32, 137, 123, 189, 173, 115, 112, 182, 126, 110, 54, 44, 191, 175, 38, 49, 12, 172, 200, 6, 98, 117, 150, 48, 77, 148, 13, 35, 187, 188, 64, 26, 53, 21, 113, 69, 180, 159, 151, 134, 179, 96, 31, 73, 142, 195, 58, 18, 131, 80, 169, 66, 198, 81, 85, 192, 71, 20, 57, 46, 60, 190, 136, 5, 157, 121, 62, 93, 138, 99, 181, 94, 147, 171, 128, 186, 87, 76, 55, 97, 154, 119, 114, 194, 185, 139, 177, 196, 92, 103, 199, 176]项目工期为：723.0；项目成本为：112105.79999999999
染色体结构为:
[175, 12, 28, 38, 21, 153, 117, 54, 150, 111, 25, 6, 116, 165, 170, 107, 132, 172, 79, 45, 118, 149, 167, 34, 68, 106, 1, 100, 67, 14, 39, 162, 42, 24, 70, 27, 135, 47, 141, 156, 197, 133, 127, 164, 174, 61, 11, 104, 15, 17, 22, 50, 130, 83, 72, 178, 108, 74, 168, 122, 4, 125, 95, 57, 112, 88, 184, 146, 41, 102, 124, 129, 29, 8, 51, 23, 120, 44, 115, 173, 137, 49, 126, 110, 191, 151, 91, 65, 159, 148, 152, 182, 158, 123, 10, 155, 5, 56, 134, 82, 195, 16, 140, 200, 183, 86, 163, 35, 64, 32, 179, 20, 189, 143, 81, 181, 101, 40, 3, 7, 78, 63, 53, 121, 13, 190, 33, 37, 66, 48, 193, 145, 186, 84, 147, 77, 171, 160, 94, 113, 98, 90, 128, 161, 30, 36, 144, 73, 105, 75, 109, 19, 69, 2, 18, 166, 180, 96, 9, 58, 46, 52, 76, 87, 185, 131, 31, 187, 142, 198, 80, 43, 59, 188, 85, 26, 114, 97, 60, 71, 89, 62, 192, 169, 99, 136, 55, 199, 139, 92, 194, 138, 157, 103, 93, 119, 177, 196, 154, 176]项目工期为：522.0；项目成本为：181243.89999999994
染色体结构为:
[120, 116, 8, 23, 65, 118, 168, 122, 155, 108, 158, 25, 167, 107, 34, 178, 79, 149, 184, 4, 106, 74, 67, 68, 1, 100, 14, 111, 162, 27, 24, 141, 156, 42, 135, 39, 70, 61, 165, 127, 47, 104, 133, 174, 164, 197, 45, 28, 22, 15, 72, 11, 50, 130, 101, 17, 36, 30, 109, 161, 153, 105, 40, 78, 83, 19, 144, 193, 86, 160, 41, 145, 146, 90, 10, 95, 75, 37, 9, 2, 59, 84, 166, 51, 43, 91, 183, 132, 163, 125, 3, 152, 82, 89, 88, 33, 124, 102, 29, 52, 129, 170, 143, 16, 7, 140, 32, 63, 182, 56, 189, 123, 126, 137, 112, 115, 173, 110, 175, 49, 191, 44, 54, 12, 38, 6, 150, 148, 117, 200, 172, 98, 53, 77, 35, 48, 26, 64, 13, 188, 134, 71, 187, 80, 192, 31, 57, 85, 136, 20, 21, 69, 46, 159, 121, 151, 5, 66, 81, 190, 180, 96, 179, 113, 73, 142, 18, 195, 58, 131, 169, 157, 198, 62, 60, 93, 138, 181, 99, 147, 94, 171, 186, 128, 76, 87, 119, 55, 154, 97, 194, 114, 92, 185, 139, 177, 103, 199, 196, 176]项目工期为：694.0；项目成本为：115650.2
染色体结构为:
[8, 116, 23, 120, 168, 118, 155, 65, 122, 107, 108, 158, 25, 79, 167, 178, 34, 149, 184, 74, 106, 67, 68, 1, 4, 14, 100, 162, 27, 111, 24, 156, 39, 135, 141, 42, 70, 47, 165, 61, 127, 133, 104, 174, 164, 197, 45, 15, 11, 28, 50, 22, 130, 72, 101, 36, 17, 30, 161, 109, 83, 40, 153, 78, 105, 19, 160, 144, 86, 41, 146, 193, 145, 10, 90, 95, 2, 75, 59, 9, 37, 3, 166, 84, 51, 91, 132, 125, 163, 43, 89, 152, 183, 52, 82, 88, 124, 33, 102, 7, 29, 170, 129, 143, 16, 32, 140, 56, 137, 63, 189, 123, 182, 115, 173, 126, 112, 110, 44, 191, 175, 54, 38, 49, 12, 117, 6, 172, 98, 200, 48, 150, 77, 13, 187, 148, 35, 188, 26, 64, 192, 53, 57, 134, 80, 71, 31, 85, 21, 136, 159, 151, 20, 46, 5, 121, 73, 190, 69, 66, 81, 131, 60, 138, 93, 157, 62, 179, 142, 180, 195, 113, 96, 18, 58, 181, 99, 147, 186, 94, 171, 87, 97, 76, 128, 55, 169, 194, 198, 154, 114, 119, 103, 139, 92, 185, 199, 177, 176, 196]项目工期为：812.0；项目成本为：106364.60000000003
染色体结构为:
[8, 116, 23, 120, 118, 168, 65, 122, 155, 108, 107, 25, 158, 79, 167, 178, 34, 149, 74, 184, 106, 68, 67, 4, 100, 14, 1, 162, 111, 24, 27, 156, 39, 42, 141, 135, 70, 61, 47, 133, 104, 165, 127, 174, 197, 15, 164, 28, 45, 11, 72, 22, 50, 101, 130, 30, 83, 17, 161, 36, 153, 105, 109, 40, 19, 144, 78, 160, 193, 86, 41, 145, 146, 90, 2, 10, 95, 37, 59, 9, 84, 75, 3, 43, 51, 166, 91, 163, 125, 89, 132, 152, 183, 33, 82, 88, 52, 124, 102, 7, 29, 170, 129, 143, 16, 56, 32, 140, 63, 137, 123, 182, 189, 173, 126, 115, 112, 44, 110, 54, 191, 175, 38, 12, 49, 117, 172, 200, 6, 98, 150, 48, 77, 148, 13, 187, 35, 188, 64, 134, 26, 192, 53, 57, 80, 71, 31, 21, 136, 85, 20, 121, 159, 151, 46, 5, 190, 73, 66, 69, 81, 131, 60, 157, 93, 138, 62, 179, 142, 195, 180, 113, 18, 96, 58, 181, 186, 147, 99, 94, 87, 171, 55, 97, 76, 169, 128, 154, 194, 198, 119, 114, 139, 92, 185, 103, 177, 196, 176, 199]项目工期为：815.0；项目成本为：105564.20000000004
染色体结构为:
[8, 116, 23, 120, 118, 168, 65, 122, 155, 107, 108, 158, 79, 167, 25, 178, 149, 34, 74, 106, 184, 67, 100, 68, 4, 14, 1, 162, 111, 24, 156, 27, 39, 42, 135, 141, 70, 47, 61, 133, 165, 104, 127, 174, 15, 197, 164, 45, 11, 28, 72, 22, 130, 50, 101, 17, 30, 36, 83, 161, 153, 105, 109, 40, 19, 78, 144, 160, 86, 146, 88, 41, 124, 175, 12, 38, 6, 117, 54, 150, 170, 21, 132, 172, 193, 75, 140, 7, 16, 143, 145, 102, 63, 32, 56, 137, 166, 189, 182, 89, 123, 126, 95, 112, 113, 69, 29, 43, 49, 180, 110, 159, 90, 151, 59, 134, 179, 96, 31, 48, 142, 195, 73, 58, 18, 131, 80, 13, 52, 37, 169, 66, 10, 198, 35, 81, 129, 85, 2, 44, 33, 51, 3, 9, 91, 84, 152, 163, 125, 183, 82, 191, 115, 173, 77, 148, 200, 98, 188, 53, 187, 64, 71, 26, 192, 57, 20, 46, 190, 136, 60, 121, 157, 5, 62, 138, 93, 181, 99, 94, 147, 186, 171, 128, 87, 76, 55, 97, 119, 154, 114, 194, 185, 139, 177, 199, 92, 196, 103, 176]项目工期为：667.0；项目成本为：120722.30000000003
染色体结构为:
[175, 28, 12, 38, 21, 153, 54, 117, 150, 111, 25, 116, 6, 107, 165, 170, 132, 172, 79, 45, 149, 167, 118, 34, 1, 100, 68, 106, 14, 39, 67, 162, 42, 24, 27, 70, 135, 156, 47, 141, 133, 197, 127, 164, 174, 104, 61, 11, 17, 15, 50, 72, 22, 130, 83, 108, 178, 74, 168, 4, 122, 95, 125, 112, 184, 57, 146, 88, 41, 124, 129, 102, 29, 8, 120, 23, 51, 44, 115, 173, 137, 49, 126, 191, 91, 110, 151, 148, 65, 159, 182, 123, 158, 152, 10, 155, 56, 5, 195, 82, 134, 140, 16, 200, 183, 35, 86, 163, 64, 32, 20, 179, 189, 181, 101, 143, 81, 3, 40, 63, 78, 7, 53, 13, 37, 121, 190, 33, 66, 48, 193, 145, 77, 186, 147, 84, 160, 171, 94, 90, 113, 98, 128, 161, 36, 30, 144, 105, 75, 73, 109, 19, 69, 2, 166, 18, 96, 180, 9, 46, 58, 52, 76, 87, 185, 131, 31, 187, 198, 142, 43, 80, 59, 85, 60, 26, 188, 114, 97, 89, 62, 71, 192, 169, 55, 199, 99, 136, 139, 92, 194, 103, 138, 157, 177, 119, 93, 196, 154, 176]项目工期为：517.0；项目成本为：184289.5
染色体结构为:
[116, 120, 8, 23, 118, 65, 122, 168, 155, 108, 158, 107, 167, 34, 25, 178, 79, 184, 149, 74, 4, 106, 67, 1, 68, 14, 100, 111, 162, 27, 24, 156, 141, 39, 42, 135, 70, 61, 47, 165, 127, 104, 133, 174, 197, 164, 28, 45, 22, 11, 15, 50, 72, 130, 17, 101, 36, 30, 109, 161, 153, 105, 40, 83, 78, 19, 144, 86, 160, 193, 41, 146, 145, 90, 95, 10, 37, 2, 75, 9, 59, 84, 166, 51, 43, 91, 183, 132, 125, 163, 3, 152, 82, 89, 88, 33, 124, 102, 29, 129, 52, 170, 16, 143, 7, 140, 32, 63, 182, 56, 189, 123, 137, 126, 173, 112, 115, 49, 110, 191, 175, 44, 54, 38, 12, 6, 150, 148, 117, 172, 200, 98, 53, 77, 35, 48, 26, 64, 13, 188, 134, 187, 71, 80, 192, 31, 57, 85, 136, 20, 46, 21, 69, 121, 159, 151, 66, 5, 81, 190, 180, 96, 179, 113, 73, 142, 18, 195, 58, 131, 169, 157, 60, 198, 62, 93, 138, 181, 99, 147, 94, 171, 186, 128, 76, 119, 87, 55, 154, 97, 194, 114, 92, 139, 177, 103, 185, 199, 196, 176]项目工期为：722.0；项目成本为：112197.49999999999
染色体结构为:
[120, 116, 8, 23, 118, 65, 155, 168, 122, 108, 158, 107, 167, 25, 34, 79, 178, 184, 149, 74, 4, 106, 68, 67, 100, 1, 14, 111, 162, 27, 24, 156, 141, 39, 135, 42, 70, 47, 61, 165, 127, 133, 174, 104, 164, 197, 45, 22, 28, 11, 15, 72, 50, 17, 130, 30, 101, 36, 109, 161, 40, 153, 105, 83, 19, 78, 144, 86, 160, 193, 41, 145, 90, 146, 95, 10, 37, 2, 75, 59, 9, 84, 166, 51, 43, 91, 183, 132, 125, 152, 163, 3, 82, 89, 88, 124, 33, 102, 29, 129, 52, 170, 16, 143, 7, 140, 32, 63, 182, 56, 189, 123, 126, 137, 173, 112, 115, 110, 49, 175, 44, 191, 54, 38, 12, 150, 6, 117, 148, 172, 98, 53, 77, 200, 35, 48, 26, 64, 13, 188, 187, 134, 71, 192, 80, 31, 57, 136, 85, 20, 21, 69, 46, 121, 159, 151, 5, 66, 190, 81, 180, 96, 179, 113, 73, 142, 18, 195, 131, 58, 169, 157, 198, 62, 60, 138, 93, 99, 181, 147, 94, 171, 186, 76, 128, 87, 55, 119, 154, 97, 194, 114, 139, 92, 185, 177, 199, 103, 196, 176]项目工期为：679.0；项目成本为：117918.29999999996
染色体结构为:
[146, 67, 88, 41, 12, 124, 175, 28, 153, 108, 38, 184, 4, 178, 168, 74, 122, 118, 167, 25, 79, 34, 149, 68, 100, 111, 106, 39, 162, 14, 1, 24, 27, 141, 42, 6, 156, 117, 54, 116, 107, 150, 170, 132, 45, 21, 172, 70, 165, 174, 135, 47, 133, 197, 164, 127, 104, 61, 11, 15, 50, 22, 130, 17, 36, 83, 72, 101, 161, 40, 78, 30, 109, 144, 86, 8, 193, 105, 75, 158, 7, 16, 140, 145, 102, 143, 63, 32, 137, 56, 65, 166, 189, 123, 182, 89, 126, 95, 112, 69, 113, 120, 29, 43, 49, 180, 90, 159, 110, 151, 134, 59, 179, 31, 96, 48, 142, 195, 155, 73, 58, 18, 80, 131, 52, 13, 37, 169, 66, 10, 35, 198, 129, 23, 81, 2, 85, 33, 44, 160, 51, 19, 3, 9, 84, 91, 163, 125, 152, 183, 115, 82, 191, 173, 77, 148, 200, 53, 98, 188, 187, 71, 64, 192, 26, 57, 20, 190, 46, 136, 60, 121, 157, 5, 62, 138, 181, 99, 93, 186, 94, 147, 171, 128, 87, 76, 55, 119, 97, 154, 114, 194, 139, 177, 185, 92, 199, 103, 176, 196]项目工期为：611.0；项目成本为：132615.1
染色体结构为:
[146, 88, 124, 41, 175, 67, 28, 12, 153, 108, 38, 184, 4, 168, 178, 122, 167, 74, 118, 25, 34, 79, 149, 106, 68, 111, 100, 39, 162, 1, 14, 24, 42, 27, 141, 6, 116, 156, 54, 117, 107, 150, 170, 132, 165, 21, 45, 172, 135, 70, 133, 174, 197, 47, 164, 127, 104, 11, 61, 15, 50, 22, 130, 17, 36, 83, 72, 101, 161, 40, 78, 30, 109, 144, 86, 8, 193, 75, 105, 158, 7, 16, 140, 145, 102, 143, 63, 32, 137, 56, 65, 189, 123, 182, 166, 89, 126, 95, 69, 113, 112, 120, 29, 43, 49, 180, 90, 110, 159, 151, 134, 179, 31, 59, 96, 48, 142, 195, 155, 73, 58, 18, 80, 131, 13, 52, 37, 169, 10, 35, 66, 198, 129, 23, 81, 2, 85, 33, 44, 51, 160, 19, 3, 9, 84, 163, 125, 91, 152, 183, 82, 115, 173, 191, 148, 77, 200, 53, 98, 188, 187, 71, 64, 192, 57, 26, 20, 190, 46, 136, 60, 121, 157, 5, 62, 138, 181, 99, 93, 186, 94, 147, 171, 128, 87, 55, 76, 119, 97, 154, 114, 194, 139, 177, 185, 199, 92, 103, 176, 196]项目工期为：604.0；项目成本为：134562.9
染色体结构为:
[116, 23, 8, 120, 118, 155, 65, 122, 168, 158, 108, 107, 25, 167, 79, 178, 34, 184, 149, 4, 67, 74, 106, 68, 100, 1, 14, 162, 111, 24, 27, 39, 156, 141, 42, 135, 70, 47, 61, 133, 127, 165, 164, 174, 28, 197, 104, 15, 45, 11, 22, 50, 72, 130, 17, 101, 36, 30, 109, 161, 153, 105, 83, 78, 40, 19, 144, 86, 160, 146, 193, 145, 41, 95, 90, 10, 2, 37, 75, 9, 59, 51, 84, 43, 166, 91, 3, 183, 125, 132, 163, 152, 89, 82, 33, 124, 88, 29, 102, 52, 170, 129, 143, 16, 7, 32, 182, 140, 63, 189, 56, 126, 137, 123, 173, 112, 115, 49, 110, 191, 175, 44, 38, 54, 6, 12, 150, 117, 172, 148, 200, 98, 53, 77, 35, 48, 13, 26, 64, 188, 134, 187, 71, 192, 80, 31, 57, 85, 20, 136, 46, 21, 69, 113, 159, 180, 179, 151, 96, 142, 73, 18, 195, 58, 131, 66, 169, 198, 81, 190, 60, 5, 121, 138, 62, 157, 181, 99, 93, 94, 147, 171, 186, 128, 76, 87, 97, 119, 55, 154, 194, 114, 92, 139, 185, 199, 177, 103, 196, 176]项目工期为：670.0；项目成本为：118206.19999999997
染色体结构为:
[175, 28, 38, 12, 117, 111, 153, 21, 150, 25, 116, 54, 6, 165, 107, 170, 45, 132, 172, 149, 79, 34, 67, 68, 167, 118, 106, 100, 1, 14, 24, 42, 39, 135, 162, 70, 156, 27, 141, 47, 133, 197, 174, 164, 127, 104, 11, 61, 22, 50, 17, 15, 130, 72, 161, 36, 78, 101, 83, 109, 105, 30, 86, 144, 40, 8, 193, 75, 158, 7, 140, 32, 102, 16, 145, 63, 143, 184, 65, 56, 189, 74, 123, 137, 166, 182, 178, 4, 95, 112, 89, 69, 113, 126, 43, 120, 49, 180, 29, 90, 110, 159, 59, 134, 151, 179, 31, 96, 142, 168, 48, 195, 146, 73, 88, 18, 41, 129, 124, 23, 51, 115, 173, 44, 191, 122, 108, 91, 148, 10, 152, 155, 82, 183, 5, 200, 35, 163, 64, 20, 125, 181, 81, 3, 53, 37, 13, 121, 190, 33, 186, 66, 77, 160, 147, 84, 171, 128, 94, 98, 57, 19, 2, 9, 52, 58, 76, 87, 46, 185, 131, 198, 187, 80, 85, 60, 188, 26, 114, 62, 97, 169, 71, 55, 192, 99, 136, 199, 92, 139, 194, 103, 119, 138, 93, 157, 176, 177, 154, 196]项目工期为：557.0；项目成本为：158574.99999999994
染色体结构为:
[8, 116, 23, 120, 118, 168, 155, 122, 65, 158, 108, 107, 25, 79, 178, 167, 34, 149, 184, 67, 74, 106, 68, 4, 1, 100, 14, 162, 111, 27, 24, 156, 39, 141, 135, 42, 70, 47, 61, 133, 165, 104, 174, 127, 197, 164, 45, 15, 28, 11, 50, 22, 72, 130, 101, 36, 30, 17, 161, 83, 109, 40, 105, 153, 78, 19, 144, 160, 41, 86, 193, 146, 145, 10, 90, 95, 2, 37, 59, 75, 9, 166, 3, 84, 51, 43, 91, 163, 132, 125, 89, 152, 183, 82, 52, 88, 124, 33, 102, 7, 129, 29, 170, 143, 16, 140, 56, 63, 32, 137, 123, 173, 182, 189, 115, 126, 112, 110, 44, 54, 191, 175, 38, 12, 49, 172, 200, 6, 98, 117, 150, 77, 48, 148, 13, 35, 26, 187, 188, 53, 64, 134, 80, 57, 192, 71, 31, 21, 136, 85, 20, 151, 121, 46, 159, 190, 66, 5, 73, 69, 131, 81, 60, 138, 157, 93, 62, 142, 179, 180, 195, 113, 18, 96, 181, 58, 169, 198, 99, 147, 94, 171, 128, 186, 76, 87, 119, 55, 154, 194, 97, 114, 139, 92, 185, 177, 199, 196, 103, 176]项目工期为：791.0；项目成本为：106533.80000000003
MID=1.2032058356831943
DM=81385.76319043766
SNS=0.1850000062168539
SM=0.7686501601114496
1.4783984182439463E-5
76
共计用时：13秒
